929
1 1
2 2
4 4
8 8
16 16
32 32
64 64
128 128
256 256
512 512
1024 1024
2048 2048
4096 4096
8192 4096
12288 512
12800 128
12928 16
12944 8
12952 4
12956 12956
25912 25912
51824 25912
77736 4096
81832 2048
83880 1024
84904 32
84936 8
84944 84944
169888 4096
173984 1024
175008 512
175520 128
175648 16
175664 8
175672 1
175673 175673
351346 12956
364302 4096
368398 1024
369422 512
369934 128
370062 64
370126 8
370134 4
370138 1
175673 351346
527019 51824
578843 12956
591799 12800
604599 64
604663 32
604695 16
604711 8
604719 2
527019 370139
897158 84944
982102 12956
995058 8192
1003250 2048
1005298 512
1005810 128
1005938 32
1005970 16
1005986 8
1005994 2
1005996 1
527019 370139
897158 175673
1072831 12956
1085787 4096
1089883 1024
1090907 512
1091419 4
1091423 2
1091425 1
578843 591799
1170642 2048
1172690 1024
1173714 512
1174226 256
1174482 128
1174610 16
1174626 8
1174634 2
604719 604721
1209440 84944
1294384 8192
1302576 128
1302704 64
1302768 32
1302800 2
604719 604721
1209440 175673
1385113 12956
1398069 8192
1406261 2048
1408309 1024
1409333 256
1409589 64
1409653 32
1409685 8
1409693 1
604719 604721
1209440 175673
1385113 51824
1436937 8192
1445129 2048
1447177 32
1447209 16
1447225 4
1447229 2
604719 604721
1209440 175673
1385113 84944
1470057 12956
1483013 4096
1487109 2048
1489157 512
1489669 256
1489925 128
1490053 4
1490057 2
1490059 1
897158 604721
1501879 12956
1514835 4096
1518931 256
1519187 32
1519219 4
1519223 2
1519225 1
897158 604721
1501879 84944
1586823 25912
1612735 12956
1625691 8192
1633883 2048
1635931 32
1635963 8
1635971 4
1635975 2
897158 604721
1501879 175673
1677552 12956
1690508 4096
1694604 2048
1696652 1024
1697676 256
1697932 64
1697996 32
1698028 16
1698044 8
1698052 4
1698056 2
1698058 1
897158 897158
1794316 25912
1820228 12956
1833184 512
1833696 16
1833712 2
1833714 1
897158 1005997
1903155 12956
1916111 8192
1924303 512
1924815 128
1924943 16
1924959 4
897158 1072831
1969989 25912
1995901 4096
1999997 2048
2002045 512
2002557 256
2002813 64
2002877 16
2002893 1
897158 1072831
1969989 84944
2054933 25912
2080845 12288
2093133 64
2093197 32
2093229 16
2093245 2
2093247 1
897158 1072831
1969989 84944
2054933 51824
2106757 8192
2114949 1024
2115973 512
2116485 256
2116741 16
2116757 4
1091426 1091425
2182851 51824
2234675 12956
2247631 4096
2251727 2048
2253775 1024
2254799 512
2255311 128
2255439 32
2255471 16
2255487 8
2255495 4
2255499 2
1091426 1170642
2262068 51824
2313892 4096
2317988 2048
2320036 512
2320548 64
2320612 32
2320644 8
2320652 2
2320654 1
1209440 1209440
2418880 12956
2431836 8192
2440028 1024
2441052 256
2441308 128
2441436 16
2441452 4
2441456 2
1209440 1209440
2418880 84944
2503824 77736
2581560 2048
2583608 1024
2584632 512
2585144 256
2585400 128
2585528 64
2585592 32
2585624 8
2585632 2
1209440 1385113
2594553 4096
2598649 2048
2600697 1024
2601721 512
2602233 16
2602249 8
2602257 2
1209440 1385113
2594553 84944
2679497 25912
2705409 4096
2709505 2048
2711553 256
2711809 64
2711873 32
2711905 4
2711909 2
1209440 1385113
2594553 84944
2679497 51824
2731321 8192
2739513 1024
2740537 256
2740793 128
2740921 16
2740937 1
1501879 1501879
3003758 51824
3055582 12956
3068538 1024
3069562 256
3069818 128
3069946 64
3070010 32
3070042 16
3070058 8
3070066 4
3070070 2
1501879 1586823
3088702 12956
3101658 2048
3103706 512
3104218 128
3104346 8
3104354 1
1501879 1677552
3179431 25912
3205343 12956
3218299 1024
3219323 256
3219579 128
3219707 64
3219771 8
3219779 4
3219783 2
1698058 1698059
3396117 2048
3398165 512
3398677 256
3398933 64
3398997 16
3399013 8
3399021 2
3399023 1
1794316 1698059
3492375 84944
3577319 25912
3603231 4096
3607327 2048
3609375 512
3609887 32
3609919 16
3609935 8
3609943 2
1833715 1903155
3736870 25912
3762782 12956
3775738 2048
3777786 1024
3778810 512
3779322 128
3779450 32
3779482 8
3779490 4
3779494 2
1833715 1903155
3736870 25912
3762782 12956
3775738 8192
3783930 2048
3785978 64
3786042 1
1924959 1924963
3849922 12956
3862878 2048
3864926 1024
3865950 512
3866462 64
3866526 2
1969989 1924963
3894952 25912
3920864 12956
3933820 1024
3934844 512
3935356 128
3935484 64
3935548 32
3935580 4
3935584 2
3935586 1
1969989 2054933
4024922 12956
4037878 2048
4039926 1024
4040950 256
4041206 64
4041270 16
4041286 4
1969989 2054933
4024922 51824
4076746 512
4077258 64
4077322 16
4077338 2
1969989 2054933
4024922 51824
4076746 12956
4089702 4096
4093798 2048
4095846 1024
4096870 256
4097126 128
4097254 64
4097318 32
4097350 8
1969989 2054933
4024922 84944
4109866 25912
4135778 512
4136290 128
4136418 64
4136482 16
4136498 8
4136506 4
4136510 2
2106757 2054933
4161690 4096
4165786 2048
4167834 512
4168346 256
4168602 16
4168618 4
4168622 2
2106757 2054933
4161690 25912
4187602 8192
4195794 512
4196306 256
4196562 128
4196690 8
4196698 1
2106757 2054933
4161690 25912
4187602 12956
4200558 4096
4204654 2048
4206702 256
4206958 16
4206974 8
4206982 4
4206986 1
2116761 2116757
4233518 25912
4259430 8192
4267622 2048
4269670 512
4270182 64
4270246 2
4270248 1
2116761 2182851
4299612 84944
4384556 8192
4392748 2048
4394796 1024
4395820 512
4396332 64
4396396 16
4396412 4
2116761 2182851
4299612 84944
4384556 12956
4397512 8192
4405704 64
4405768 16
4405784 8
2262068 2313892
4575960 12956
4588916 2048
4590964 1024
4591988 512
4592500 64
4592564 32
4592596 16
4592612 8
4592620 4
4592624 1
2320654 2320655
4641309 51824
4693133 12956
4706089 1024
4707113 256
4707369 128
4707497 64
4707561 16
4707577 8
4707585 4
4707589 1
2418880 2320655
4739535 4096
4743631 2048
4745679 1024
4746703 512
4747215 256
2418880 2320655
4739535 51824
4791359 1024
4792383 512
4792895 32
4792927 16
4792943 8
4792951 1
2418880 2418880
4837760 8192
4845952 4
4845956 2
4845958 1
2418880 2503824
4922704 51824
4974528 8192
4982720 2048
4984768 128
4984896 16
4984912 2
4984914 1
2418880 2503824
4922704 77736
5000440 2048
5002488 512
5003000 256
5003256 128
5003384 16
5003400 4
5003404 1
2418880 2503824
4922704 84944
5007648 25912
5033560 4096
5037656 512
5038168 32
5038200 16
5038216 8
5038224 2
5038226 1
2594553 2594553
5189106 12956
5202062 12288
5214350 256
5214606 64
5214670 32
5214702 16
5214718 8
5214726 4
2594553 2594553
5189106 51824
5240930 12956
5253886 2048
5255934 1024
5256958 128
5257086 64
5257150 2
2740937 2740938
5481875 12956
5494831 2048
5496879 1024
5497903 128
5498031 64
5498095 32
5498127 16
5498143 8
5498151 4
2740937 2740938
5481875 84944
5566819 8192
5575011 1024
5576035 128
5576163 32
5576195 2
2740937 2740938
5481875 175673
5657548 77736
5735284 1024
5736308 512
5736820 64
5736884 8
5736892 4
5736896 2
5736898 1
3003758 2740938
5744696 51824
5796520 4096
5800616 1024
5801640 512
5802152 128
5802280 32
5802312 16
5802328 4
5802332 2
5802334 1
3003758 2740938
5744696 84944
5829640 25912
5855552 12956
5868508 1024
5869532 256
5869788 128
5869916 64
5869980 32
5870012 16
5870028 8
5870036 4
5870040 2
3003758 2740938
5744696 84944
5829640 51824
5881464 8192
5889656 2048
5891704 1024
5892728 512
5893240 128
5893368 32
5893400 8
5893408 4
5893412 1
3003758 2740938
5744696 84944
5829640 51824
5881464 12956
5894420 512
5894932 256
5895188 64
5895252 16
5895268 8
3003758 3055582
6059340 12288
6071628 256
6071884 128
6072012 64
6072076 32
6072108 4
6072112 2
6072114 1
3219785 3219783
6439568 4096
6443664 512
6444176 256
6444432 32
6444464 16
6444480 8
6444488 4
3219785 3219783
6439568 25912
6465480 2048
6467528 1024
6468552 32
6468584 16
6468600 8
6468608 4
3219785 3396117
6615902 51824
6667726 12956
6680682 512
6681194 256
6681450 128
6681578 32
6681610 16
6681626 4
6681630 2
6681632 1
3219785 3396117
6615902 84944
6700846 25912
6726758 12956
6739714 12288
6752002 128
6752130 16
6752146 8
6752154 2
6752156 1
3219785 3396117
6615902 84944
6700846 51824
6752670 1024
6753694 512
6754206 128
6754334 32
6754366 16
3399023 3399024
6798047 84944
6882991 4096
6887087 2048
6889135 1024
6890159 512
6890671 256
6890927 128
6891055 32
6891087 1
3492375 3399024
6891399 175673
7067072 1024
7068096 512
7068608 64
7068672 32
7068704 16
7068720 8
7068728 4
7068732 2
3492375 3577319
7069694 4096
7073790 2048
7075838 128
7075966 32
7075998 4
7076002 1
3492375 3577319
7069694 25912
7095606 8192
7103798 2048
7105846 128
7105974 64
7106038 32
7106070 16
7106086 8
3492375 3577319
7069694 84944
7154638 4096
7158734 1024
7159758 256
7160014 8
7160022 4
7160026 2
7160028 1
3736870 3609945
7346815 12956
7359771 8192
7367963 2048
7370011 256
7370267 64
7370331 16
7370347 8
7370355 4
7370359 2
7370361 1
3783930 3775738
7559668 2048
7561716 1024
7562740 128
7562868 64
7562932 8
3786042 3786043
7572085 51824
7623909 4096
7628005 2048
7630053 512
7630565 256
7630821 128
7630949 64
7631013 32
7631045 8
7631053 1
3849922 3786043
7635965 25912
7661877 4096
7665973 2048
7668021 1024
7669045 128
7669173 32
7669205 8
7669213 4
3866528 3866526
7733054 12956
7746010 4096
7750106 2048
7752154 1024
7753178 512
7753690 128
7753818 64
7753882 32
3935586 3935587
7871173 25912
7897085 12956
7910041 4096
7914137 2048
7916185 256
7916441 2
3935586 3935587
7871173 25912
7897085 12956
7910041 8192
7918233 2048
7920281 1024
7921305 512
7921817 8
7921825 4
7921829 1
3935586 3935587
7871173 51824
7922997 4096
7927093 2048
7929141 512
7929653 256
7929909 2
7929911 1
3935586 3935587
7871173 51824
7922997 12956
7935953 4096
7940049 1024
7941073 512
7941585 256
7941841 128
7941969 16
7941985 2
4024922 3935587
7960509 81832
8042341 1024
8043365 64
8043429 32
8043461 8
8043469 4
8043473 2
4024922 4024922
8049844 12956
8062800 2048
8064848 512
8065360 256
8065616 128
8065744 4
8065748 2
8065750 1
4024922 4109866
8134788 12956
8147744 12288
8160032 128
8160160 64
8160224 4
8160228 1
4135778 4109866
8245644 12956
8258600 8192
8266792 2048
8268840 1024
8269864 512
8270376 256
8270632 16
8270648 8
8270656 4
4161690 4161690
8323380 8192
8331572 1024
8332596 512
8333108 256
8333364 128
8333492 64
8333556 16
8333572 8
8333580 4
8333584 1
4405784 4405792
8811576 84944
8896520 25912
8922432 12956
8935388 12288
8947676 64
8947740 32
8947772 16
8947788 8
8947796 4
8947800 1
4575960 4405792
8981752 51824
9033576 4096
9037672 2048
9039720 512
9040232 128
9040360 64
9040424 8
9040432 2
4592625 4592624
9185249 8192
9193441 1024
9194465 512
9194977 128
9195105 16
9195121 4
9195125 2
9195127 1
4592625 4592624
9185249 12956
9198205 8192
9206397 2048
9208445 1024
9209469 256
9209725 128
9209853 64
9209917 8
9209925 2
4592625 4592624
9185249 25912
9211161 4096
9215257 2048
9217305 128
9217433 32
9217465 16
9217481 8
9217489 4
9217493 1
4791359 4739535
9530894 8192
9539086 2048
9541134 512
9541646 256
9541902 32
9541934 16
9541950 1
4845958 4845959
9691917 12956
9704873 4096
9708969 2048
9711017 256
9711273 128
9711401 32
9711433 16
9711449 8
9711457 4
9711461 2
4845958 4845959
9691917 12956
9704873 8192
9713065 1024
9714089 512
9714601 128
9714729 64
9714793 32
9714825 16
9714841 2
9714843 1
4922704 4845959
9768663 25912
9794575 8192
9802767 2048
9804815 1024
9805839 128
9805967 2
9805969 1
4922704 4845959
9768663 51824
9820487 12956
9833443 2048
9835491 64
9835555 32
4922704 4922704
9845408 51824
9897232 4096
9901328 1024
9902352 128
9902480 64
9902544 32
9902576 16
9902592 1
4922704 5007648
9930352 51824
9982176 1024
9983200 512
9983712 256
9983968 128
9984096 16
9984112 4
9984116 2
