1067
1 1
2 1
3 2
2 3
5 2
5 5
10 1
7 5
12 1
7 10
10 7
17 2
12 11
12 13
25 3
28 1
17 13
30 1
19 17
36 1
19 17
36 5
23 19
42 1
23 19
42 5
28 25
30 29
30 31
36 31
36 31
67 3
70 1
36 37
36 41
77 2
42 41
47 42
47 42
89 7
96 1
47 53
100 1
47 53
100 3
47 53
100 7
47 53
100 7
107 2
59 53
112 1
59 61
120 7
67 61
128 3
70 67
70 67
137 2
73 71
144 5
73 77
150 1
79 77
156 1
79 83
162 1
79 83
162 5
89 83
172 1
89 89
178 1
89 89
178 3
96 89
185 5
190 1
96 97
100 97
100 97
197 2
107 100
207 3
210 1
112 109
221 2
112 113
225 2
112 113
225 3
228 1
120 113
120 113
233 5
238 1
120 113
233 7
240 1
120 127
247 3
250 1
128 127
255 2
128 131
259 3
262 1
137 131
268 1
137 131
268 3
137 139
276 1
137 139
276 5
144 139
144 149
156 151
156 151
307 3
310 1
156 157
156 157
313 3
316 1
162 167
329 2
162 167
329 7
336 1
172 173
345 2
172 173
345 3
348 1
178 173
351 2
178 181
185 181
366 1
185 181
366 7
185 190
375 3
378 1
191 190
381 2
191 193
384 5
199 197
396 1
199 197
396 5
199 207
406 3
210 207
417 2
210 211
210 211
421 10
221 211
432 1
221 211
432 7
221 211
432 11
225 223
448 1
228 229
228 229
457 3
460 1
233 229
462 1
233 233
466 1
240 233
473 5
478 1
240 241
481 5
486 1
247 241
488 3
247 250
497 2
251 250
501 2
251 255
506 3
262 259
262 259
521 2
268 271
539 2
276 271
276 281
276 281
557 5
562 1
283 281
564 5
283 281
564 7
283 293
576 1
283 293
576 11
283 293
576 17
283 293
576 23
307 293
600 1
307 293
600 7
307 293
600 13
310 307
310 307
617 2
316 313
629 2
316 317
633 7
640 1
316 317
633 10
329 317
646 1
329 317
646 7
329 329
658 1
331 329
660 1
336 337
336 337
673 3
676 1
345 337
682 1
345 345
690 1
349 351
700 1
353 351
704 5
353 359
712 7
366 359
725 2
367 366
373 366
373 366
739 3
742 1
373 375
748 3
378 379
381 379
760 1
384 383
767 2
384 389
396 389
785 2
396 401
406 401
807 2
406 401
807 3
810 1
406 409
815 5
820 1
406 409
815 7
822 1
417 409
826 1
417 409
826 3
417 419
836 3
421 431
852 1
421 431
852 5
421 431
852 7
432 431
432 443
875 2
432 443
875 5
880 1
432 443
875 7
882 1
432 443
875 12
457 449
906 1
457 449
906 5
460 457
917 2
466 463
466 467
933 3
936 1
473 467
940 1
473 467
940 7
473 478
951 2
486 481
486 481
967 3
970 1
488 487
975 2
488 491
979 3
982 1
497 491
988 3
497 499
996 1
506 503
506 503
1009 3
1012 1
506 509
1015 3
1018 1
506 509
1015 5
1020 1
521 509
1030 1
521 509
1030 3
521 509
1030 7
1037 2
523 521
1044 5
523 521
1044 7
523 521
1044 17
523 539
1062 1
523 539
1062 7
541 539
1080 7
541 547
1088 3
541 547
1088 5
541 547
1088 7
1095 2
541 547
1088 13
1101 2
557 547
1104 5
557 557
1114 3
562 557
1119 3
1122 1
564 564
1128 1
576 571
1147 3
1150 1
576 576
1152 1
576 576
1152 11
576 593
1169 2
576 599
1175 5
1180 1
576 599
1175 12
576 599
1175 17
1192 1
600 600
1200 1
600 613
600 613
1213 3
1216 1
600 613
1213 10
600 613
1213 13
1226 3
617 613
1230 1
617 619
1236 1
629 619
1248 1
629 619
1248 11
633 643
1276 1
633 643
1276 3
633 643
1276 7
646 643
646 643
1289 2
646 647
1293 3
1296 1
646 653
1299 2
646 653
1299 3
1302 1
646 653
1299 7
1306 1
660 659
660 661
660 661
1321 5
1326 1
677 682
1359 2
683 682
1365 2
683 690
691 690
691 700
1391 7
1398 1
701 704
1405 3
1408 1
709 712
1421 2
709 712
1421 5
1426 1
709 712
1421 7
1428 1
719 712
1431 2
719 712
1431 7
1438 1
719 725
1444 3
719 725
1444 7
727 725
1452 1
727 725
1452 7
727 733
1460 11
739 742
739 742
1481 2
743 742
1485 2
743 742
1485 3
1488 1
743 748
1491 2
751 748
751 757
1508 3
760 761
1521 2
767 761
1528 3
773 769
1542 1
773 769
1542 7
773 769
1542 11
773 785
1558 1
773 785
1558 7
1565 2
773 785
1558 13
787 785
1572 7
787 785
1572 11
787 797
1584 13
787 797
1584 17
807 797
1604 3
807 797
1604 5
807 797
1604 7
1611 2
810 807
1617 2
810 811
815 811
1626 1
822 815
826 829
1655 2
826 829
1655 7
1662 1
836 829
1665 2
836 829
1665 3
1668 1
852 839
1691 2
852 839
1691 5
1696 1
852 839
1691 7
1698 1
857 852
859 852
1711 10
859 863
1722 1
859 863
1722 11
875 863
1738 3
875 863
1738 7
1745 2
875 875
1750 3
875 883
1758 1
875 887
1762 13
1775 2
875 887
1762 19
1781 2
875 887
1762 25
875 887
1762 25
1787 2
906 887
1793 7
1800 1
906 887
1793 17
1810 1
906 911
1817 5
1822 1
917 911
1828 3
917 919
1836 11
929 919
1848 13
929 933
1862 5
936 933
1869 2
936 937
940 937
940 937
1877 2
940 947
1887 2
951 947
1898 3
951 953
1904 3
951 953
1904 7
1911 2
967 953
1920 11
967 953
1920 13
971 975
1946 3
971 975
1946 5
988 983
1971 2
988 991
996 991
996 997
996 997
1993 3
1996 1
996 997
1993 5
1998 1
996 997
1993 10
1009 997
2006 5
1009 997
2006 11
1012 1013
2025 2
1015 1013
2028 1
1020 1015
2035 3
2038 1
1030 1021
2051 2
1033 1030
1037 1030
2067 2
1037 1039
2076 5
1044 1039
1044 1039
2083 3
2086 1
1044 1044
2088 1
1044 1051
2095 3
2098 1
1044 1061
2105 5
2110 1
1044 1061
2105 7
2112 1
1062 1063
2125 3
2128 1
1062 1069
1062 1069
2131 5
2136 1
1062 1069
2131 10
1062 1069
2131 12
1080 1069
2149 3
2152 1
1080 1069
2149 12
1088 1088
2176 3
1101 1088
2189 13
2202 1
1104 1103
1104 1109
1104 1109
2213 7
2220 1
1119 1117
2236 1
1119 1117
2236 3
1119 1122
2241 2
1123 1128
1129 1128
2257 10
1129 1128
2257 12
1129 1128
2257 13
2270 3
1129 1147
2276 5
1129 1147
2276 11
1129 1147
2276 17
1150 1147
1152 1153
2305 3
2308 1
1152 1153
2305 5
2310 1
1169 1163
2332 1
1169 1163
2332 7
1169 1171
2340 1
1175 1171
2346 1
1175 1175
2350 1
1175 1175
2350 7
1192 1175
2367 3
2370 1
1192 1175
2367 10
1192 1175
2367 13
2380 1
1192 1175
2367 13
2380 3
1192 1193
2385 3
2388 1
1200 1193
1200 1193
2393 5
2398 1
1200 1201
2401 10
1213 1201
2414 3
1213 1201
2414 7
2421 2
1223 1213
2436 1
1226 1213
2439 2
1226 1213
2439 7
2446 1
1230 1229
1236 1231
1236 1237
1236 1237
2473 3
2476 1
1248 1249
2497 5
2502 1
1248 1259
2507 13
2520 1
1248 1259
2507 23
2530 1
1276 1259
2535 3
2538 1
1276 1259
2535 7
2542 1
1276 1259
2535 13
2548 1
1276 1259
2535 13
2548 3
1276 1279
2555 2
1289 1289
2578 1
1296 1293
2589 2
1296 1297
1299 1306
2605 3
2608 1
1307 1306
2613 3
2616 1
1307 1306
2613 7
2620 1
1307 1319
2626 7
1326 1321
1326 1327
2653 3
2656 1
1326 1327
2653 5
2658 1
1326 1327
2653 10
1326 1327
2653 17
2670 1
1326 1327
2653 23
2676 1
1326 1327
2653 30
1359 1327
2686 1
1359 1327
2686 3
1359 1327
2686 7
1359 1327
2686 13
1359 1327
2686 19
2705 2
1359 1327
2686 25
1359 1327
2686 25
2711 2
1359 1327
2686 31
2717 2
1365 1361
2726 3
1365 1361
2726 5
1373 1367
2740 1
1373 1367
2740 7
2747 2
1373 1367
2740 13
1373 1381
2754 13
1391 1381
2772 5
1391 1398
1391 1398
2789 2
1399 1398
1399 1398
2797 3
2800 1
1399 1398
2797 5
2802 1
1408 1409
2817 2
1421 1409
2830 3
1421 1409
2830 7
1421 1421
2842 1
1428 1421
2849 2
1428 1429
1431 1429
2860 1
1438 1439
2877 2
1444 1439
2883 3
2886 1
1444 1451
2895 2
1452 1451
1452 1453
2905 3
2908 1
1452 1459
2911 5
2916 1
1460 1459
2919 7
2926 1
1460 1471
2931 7
2938 1
1481 1471
2952 1
1481 1471
2952 5
1481 1481
2962 1
1485 1483
2968 1
1485 1485
2970 1
1493 1499
2992 7
1493 1499
2992 7
2999 2
1508 1499
3007 3
3010 1
1508 1511
1508 1511
3019 3
3022 1
1521 1511
3032 5
1521 1511
3032 7
3039 2
1521 1523
3044 5
1528 1531
3059 2
1528 1531
3059 7
3066 1
1542 1531
3073 5
3078 1
1542 1531
3073 10
1542 1542
3084 5
1542 1553
3095 13
3108 1
1558 1558
3116 3
1558 1558
3116 5
1558 1571
3129 7
3136 1
1572 1583
3155 7
3162 1
1584 1583
1584 1584
3168 1
1584 1597
1584 1601
3185 2
1584 1601
3185 5
3190 1
1584 1601
3185 17
3202 1
1604 1604
3208 1
1611 1604
3215 2
1611 1604
3215 5
3220 1
1611 1613
3224 5
1621 1626
3247 3
3250 1
1627 1626
1627 1626
3253 3
3256 1
1627 1626
3253 5
3258 1
1627 1637
3264 7
1655 1637
3292 7
1655 1637
3292 7
3299 2
1655 1637
3292 13
3305 2
1657 1655
3312 1
1662 1655
3317 2
1662 1655
3317 5
3322 1
1665 1663
3328 1
1665 1665
3330 1
1668 1669
3337 5
3342 1
1668 1669
3337 10
1668 1669
3337 19
3356 3
1691 1669
3360 1
1691 1669
3360 11
1691 1669
3360 13
1691 1698
1691 1698
3389 2
1699 1698
3397 10
1699 1709
3408 5
1711 1721
3432 1
1722 1723
3445 3
3448 1
1722 1733
3455 2
1722 1733
3455 5
3460 1
1722 1733
3455 7
3462 1
1722 1733
3455 12
1722 1733
3455 13
3468 1
1745 1738
3483 7
3490 1
1750 1747
3497 2
1758 1753
1758 1759
1762 1762
3524 3
1762 1762
3524 5
1762 1762
3524 7
3531 2
1762 1762
3524 13
3537 2
1762 1762
3524 17
1762 1762
3524 23
1787 1762
3549 7
3556 1
1787 1762
3549 10
1787 1762
3549 19
3568 3
