2172
1 1
2 1
3 2
2 3
5 2
5 5
10 1
7 5
12 1
7 10
10 7
17 2
12 11
12 13
25 3
28 1
17 13
30 1
19 17
36 1
19 17
36 5
23 19
42 1
23 19
42 5
28 25
30 29
30 31
36 31
36 31
67 3
70 1
36 37
36 41
77 2
42 41
47 42
47 42
89 7
96 1
47 53
100 1
47 53
100 3
47 53
100 7
47 53
100 7
107 2
59 53
112 1
59 61
120 7
67 61
128 3
70 67
70 67
137 2
73 71
144 5
73 77
150 1
79 77
156 1
79 83
162 1
79 83
162 5
89 83
172 1
89 89
178 1
89 89
178 3
96 89
185 5
190 1
96 97
100 97
100 97
197 2
107 100
207 3
210 1
112 109
221 2
112 113
225 2
112 113
225 3
228 1
120 113
120 113
233 5
238 1
120 113
233 7
240 1
120 127
247 3
250 1
128 127
255 2
128 131
259 3
262 1
137 131
268 1
137 131
268 3
137 139
276 1
137 139
276 5
144 139
144 149
156 151
156 151
307 3
310 1
156 157
156 157
313 3
316 1
162 167
329 2
162 167
329 7
336 1
172 173
345 2
172 173
345 3
348 1
178 173
351 2
178 181
185 181
366 1
185 181
366 7
185 190
375 3
378 1
191 190
381 2
191 193
384 5
199 197
396 1
199 197
396 5
199 207
406 3
210 207
417 2
210 211
210 211
421 10
221 211
432 1
221 211
432 7
221 211
432 11
225 223
448 1
228 229
228 229
457 3
460 1
233 229
462 1
233 233
466 1
240 233
473 5
478 1
240 241
481 5
486 1
247 241
488 3
247 250
497 2
251 250
501 2
251 255
506 3
262 259
262 259
521 2
268 271
539 2
276 271
276 281
276 281
557 5
562 1
283 281
564 5
283 281
564 7
283 293
576 1
283 293
576 11
283 293
576 17
283 293
576 23
307 293
600 1
307 293
600 7
307 293
600 13
310 307
310 307
617 2
316 313
629 2
316 317
633 7
640 1
316 317
633 10
329 317
646 1
329 317
646 7
329 329
658 1
331 329
660 1
336 337
336 337
673 3
676 1
345 337
682 1
345 345
690 1
349 351
700 1
353 351
704 5
353 359
712 7
366 359
725 2
367 366
373 366
373 366
739 3
742 1
373 375
748 3
378 379
381 379
760 1
384 383
767 2
384 389
396 389
785 2
396 401
406 401
807 2
406 401
807 3
810 1
406 409
815 5
820 1
406 409
815 7
822 1
417 409
826 1
417 409
826 3
417 419
836 3
421 431
852 1
421 431
852 5
421 431
852 7
432 431
432 443
875 2
432 443
875 5
880 1
432 443
875 7
882 1
432 443
875 12
457 449
906 1
457 449
906 5
460 457
917 2
466 463
466 467
933 3
936 1
473 467
940 1
473 467
940 7
473 478
951 2
486 481
486 481
967 3
970 1
488 487
975 2
488 491
979 3
982 1
497 491
988 3
497 499
996 1
506 503
506 503
1009 3
1012 1
506 509
1015 3
1018 1
506 509
1015 5
1020 1
521 509
1030 1
521 509
1030 3
521 509
1030 7
1037 2
523 521
1044 5
523 521
1044 7
523 521
1044 17
523 539
1062 1
523 539
1062 7
541 539
1080 7
541 547
1088 3
541 547
1088 5
541 547
1088 7
1095 2
541 547
1088 13
1101 2
557 547
1104 5
557 557
1114 3
562 557
1119 3
1122 1
564 564
1128 1
576 571
1147 3
1150 1
576 576
1152 1
576 576
1152 11
576 593
1169 2
576 599
1175 5
1180 1
576 599
1175 12
576 599
1175 17
1192 1
600 600
1200 1
600 613
600 613
1213 3
1216 1
600 613
1213 10
600 613
1213 13
1226 3
617 613
1230 1
617 619
1236 1
629 619
1248 1
629 619
1248 11
633 643
1276 1
633 643
1276 3
633 643
1276 7
646 643
646 643
1289 2
646 647
1293 3
1296 1
646 653
1299 2
646 653
1299 3
1302 1
646 653
1299 7
1306 1
660 659
660 661
660 661
1321 5
1326 1
677 682
1359 2
683 682
1365 2
683 690
691 690
691 700
1391 7
1398 1
701 704
1405 3
1408 1
709 712
1421 2
709 712
1421 5
1426 1
709 712
1421 7
1428 1
719 712
1431 2
719 712
1431 7
1438 1
719 725
1444 3
719 725
1444 7
727 725
1452 1
727 725
1452 7
727 733
1460 11
739 742
739 742
1481 2
743 742
1485 2
743 742
1485 3
1488 1
743 748
1491 2
751 748
751 757
1508 3
760 761
1521 2
767 761
1528 3
773 769
1542 1
773 769
1542 7
773 769
1542 11
773 785
1558 1
773 785
1558 7
1565 2
773 785
1558 13
787 785
1572 7
787 785
1572 11
787 797
1584 13
787 797
1584 17
807 797
1604 3
807 797
1604 5
807 797
1604 7
1611 2
810 807
1617 2
810 811
815 811
1626 1
822 815
826 829
1655 2
826 829
1655 7
1662 1
836 829
1665 2
836 829
1665 3
1668 1
852 839
1691 2
852 839
1691 5
1696 1
852 839
1691 7
1698 1
857 852
859 852
1711 10
859 863
1722 1
859 863
1722 11
875 863
1738 3
875 863
1738 7
1745 2
875 875
1750 3
875 883
1758 1
875 887
1762 13
1775 2
875 887
1762 19
1781 2
875 887
1762 25
875 887
1762 25
1787 2
906 887
1793 7
1800 1
906 887
1793 17
1810 1
906 911
1817 5
1822 1
917 911
1828 3
917 919
1836 11
929 919
1848 13
929 933
1862 5
936 933
1869 2
936 937
940 937
940 937
1877 2
940 947
1887 2
951 947
1898 3
951 953
1904 3
951 953
1904 7
1911 2
967 953
1920 11
967 953
1920 13
971 975
1946 3
971 975
1946 5
988 983
1971 2
988 991
996 991
996 997
996 997
1993 3
1996 1
996 997
1993 5
1998 1
996 997
1993 10
1009 997
2006 5
1009 997
2006 11
1012 1013
2025 2
1015 1013
2028 1
1020 1015
2035 3
2038 1
1030 1021
2051 2
1033 1030
1037 1030
2067 2
1037 1039
2076 5
1044 1039
1044 1039
2083 3
2086 1
1044 1044
2088 1
1044 1051
2095 3
2098 1
1044 1061
2105 5
2110 1
1044 1061
2105 7
2112 1
1062 1063
2125 3
2128 1
1062 1069
1062 1069
2131 5
2136 1
1062 1069
2131 10
1062 1069
2131 12
1080 1069
2149 3
2152 1
1080 1069
2149 12
1088 1088
2176 3
1101 1088
2189 13
2202 1
1104 1103
1104 1109
1104 1109
2213 7
2220 1
1119 1117
2236 1
1119 1117
2236 3
1119 1122
2241 2
1123 1128
1129 1128
2257 10
1129 1128
2257 12
1129 1128
2257 13
2270 3
1129 1147
2276 5
1129 1147
2276 11
1129 1147
2276 17
1150 1147
1152 1153
2305 3
2308 1
1152 1153
2305 5
2310 1
1169 1163
2332 1
1169 1163
2332 7
1169 1171
2340 1
1175 1171
2346 1
1175 1175
2350 1
1175 1175
2350 7
1192 1175
2367 3
2370 1
1192 1175
2367 10
1192 1175
2367 13
2380 1
1192 1175
2367 13
2380 3
1192 1193
2385 3
2388 1
1200 1193
1200 1193
2393 5
2398 1
1200 1201
2401 10
1213 1201
2414 3
1213 1201
2414 7
2421 2
1223 1213
2436 1
1226 1213
2439 2
1226 1213
2439 7
2446 1
1230 1229
1236 1231
1236 1237
1236 1237
2473 3
2476 1
1248 1249
2497 5
2502 1
1248 1259
2507 13
2520 1
1248 1259
2507 23
2530 1
1276 1259
2535 3
2538 1
1276 1259
2535 7
2542 1
1276 1259
2535 13
2548 1
1276 1259
2535 13
2548 3
1276 1279
2555 2
1289 1289
2578 1
1296 1293
2589 2
1296 1297
1299 1306
2605 3
2608 1
1307 1306
2613 3
2616 1
1307 1306
2613 7
2620 1
1307 1319
2626 7
1326 1321
1326 1327
2653 3
2656 1
1326 1327
2653 5
2658 1
1326 1327
2653 10
1326 1327
2653 17
2670 1
1326 1327
2653 23
2676 1
1326 1327
2653 30
1359 1327
2686 1
1359 1327
2686 3
1359 1327
2686 7
1359 1327
2686 13
1359 1327
2686 19
2705 2
1359 1327
2686 25
1359 1327
2686 25
2711 2
1359 1327
2686 31
2717 2
1365 1361
2726 3
1365 1361
2726 5
1373 1367
2740 1
1373 1367
2740 7
2747 2
1373 1367
2740 13
1373 1381
2754 13
1391 1381
2772 5
1391 1398
1391 1398
2789 2
1399 1398
1399 1398
2797 3
2800 1
1399 1398
2797 5
2802 1
1408 1409
2817 2
1421 1409
2830 3
1421 1409
2830 7
1421 1421
2842 1
1428 1421
2849 2
1428 1429
1431 1429
2860 1
1438 1439
2877 2
1444 1439
2883 3
2886 1
1444 1451
2895 2
1452 1451
1452 1453
2905 3
2908 1
1452 1459
2911 5
2916 1
1460 1459
2919 7
2926 1
1460 1471
2931 7
2938 1
1481 1471
2952 1
1481 1471
2952 5
1481 1481
2962 1
1485 1483
2968 1
1485 1485
2970 1
1493 1499
2992 7
1493 1499
2992 7
2999 2
3001 3001
6002 2006
8008 1
2999 3001
6000 2006
8006 5
2999 3001
6000 2017
2999 3001
6000 2039
2999 3001
6000 2053
2999 3001
6000 2053
8053 5
8058 1
2999 3001
6000 2069
2999 3001
6000 2081
2999 3001
6000 2087
2999 3001
6000 2089
2999 3001
6000 2089
8089 3
8092 1
2999 3001
6000 2099
8099 2
2999 3001
6000 2105
8105 5
8110 1
2999 3001
6000 2113
8113 3
8116 1
2999 3001
6000 2113
8113 10
2999 3001
6000 2143
8143 3
8146 1
2999 3001
6000 2161
2999 3001
6000 2161
8161 5
8166 1
2999 3001
6000 2161
8161 10
2999 3001
6000 2179
2999 3001
6000 2189
8189 2
2999 3001
6000 2207
8207 2
2999 3001
6000 2213
8213 5
8218 1
2999 3001
6000 2221
2999 3001
6000 2221
8221 10
2999 3001
6000 2221
8221 12
2999 3001
6000 2236
8236 1
2999 3001
6000 2243
2999 3001
6000 2257
8257 5
8262 1
2999 3001
6000 2257
8257 12
2999 3001
6000 2273
2999 3001
6000 2276
8276 11
2999 3001
6000 2276
8276 13
8289 2
2999 3001
6000 2293
2999 3001
6000 2297
2999 3001
6000 2311
2999 3001
6000 2311
8311 5
8316 1
2999 3001
6000 2311
8311 17
8328 1
2999 3001
6000 2350
8350 3
2999 3001
6000 2357
8357 5
8362 1
2999 3001
6000 2367
8367 2
2999 3001
6000 2367
8367 10
2999 3001
6000 2385
8385 2
2999 3001
6000 2389
2999 3001
6000 2414
8414 5
2999 3001
6000 2423
2999 3001
6000 2423
8423 5
8428 1
2999 3001
6000 2423
8423 7
8430 1
2999 3001
6000 2439
8439 3
8442 1
2999 3001
6000 2447
2999 3001
6000 2459
8459 2
2999 3001
6000 2467
2999 3001
6000 2497
8497 3
8500 1
2999 3001
6000 2507
8507 5
8512 1
2999 3001
6000 2507
8507 13
8520 1
2999 3001
6000 2507
8507 19
8526 1
2999 3001
6000 2535
8535 2
2999 3001
6000 2535
8535 3
8538 1
2999 3001
6000 2535
8535 7
8542 1
2999 3001
6000 2557
8557 5
8562 1
2999 3001
6000 2557
8557 13
8570 3
2999 3001
6000 2579
8579 2
2999 3001
6000 2593
8593 3
8596 1
2999 3001
6000 2593
8593 5
8598 1
2999 3001
6000 2609
2999 3001
6000 2621
8621 2
2999 3001
6000 2626
8626 1
2999 3001
6000 2626
8626 3
2999 3001
6000 2633
8633 7
8640 1
2999 3001
6000 2647
2999 3001
6000 2653
8653 10
2999 3001
6000 2653
8653 13
8666 3
2999 3001
6000 2653
8653 23
8676 1
2999 3001
6000 2653
8653 28
2999 3001
6000 2686
8686 3
2999 3001
6000 2686
8686 7
2999 3001
6000 2686
8686 13
2999 3001
6000 2686
8686 19
8705 2
2999 3001
6000 2686
8686 25
8711 2
2999 3001
6000 2719
2999 3001
6000 2731
2999 3001
6000 2731
8731 5
8736 1
2999 3001
6000 2740
8740 1
2999 3001
6000 2740
8740 7
2999 3001
6000 2753
2999 3001
6000 2754
8754 7
2999 3001
6000 2777
8777 2
2999 3001
6000 2777
8777 5
8782 1
2999 3001
6000 2803
2999 3001
6000 2803
8803 3
8806 1
2999 3001
6000 2819
2999 3001
6000 2819
8819 2
2999 3001
6000 2830
8830 1
2999 3001
6000 2837
2999 3001
6000 2837
8837 2
2999 3001
6000 2849
2999 3001
6000 2861
2999 3001
6000 2861
8861 2
2999 3001
6000 2861
8861 5
8866 1
2999 3001
6000 2887
2999 3001
6000 2887
8887 5
8892 1
2999 3001
6000 2919
8919 3
8922 1
2999 3001
6000 2927
8927 2
2999 3001
6000 2931
8931 2
2999 3001
6000 2939
8939 2
2999 3001
6000 2939
8939 12
2999 3001
6000 2963
2999 3001
6000 2969
2999 3001
6000 2971
2999 3001
6000 2999
6000 3001
6000 3001
9001 5
9006 1
6000 3001
9001 10
6000 3001
9001 12
6000 3001
9001 28
6000 3001
9001 36
9037 3
9040 1
6000 3001
9001 42
6000 3001
9001 47
9048 1
6000 3001
9001 53
9054 5
6000 3001
9001 61
9062 5
6000 3001
9001 89
9090 1
6000 3001
9001 100
9101 2
6000 3001
9001 107
9108 1
6000 3001
9001 120
9121 5
9126 1
6000 3001
9001 131
9132 1
6000 3001
9001 131
9132 5
6000 3001
9001 150
6000 3001
9001 156
6000 3001
9001 157
9158 3
6000 3001
9001 172
6000 3001
9001 178
9179 2
6000 3001
9001 185
9186 1
6000 3001
9001 197
9198 1
6000 3001
9001 199
9200 3
6000 3001
9001 207
9208 1
6000 3001
9001 211
9212 7
9219 2
6000 3001
9001 225
9226 1
6000 3001
9001 233
9234 5
6000 3001
9001 240
6000 3001
9001 255
9256 1
6000 3001
9001 276
6000 3001
9001 276
9277 3
9280 1
6000 3001
9001 281
9282 1
6000 3001
9001 283
9284 7
9291 2
6000 3001
9001 310
6000 3001
9001 317
9318 1
6000 3001
9001 317
9318 5
6000 3001
9001 336
6000 3001
9001 337
9338 3
6000 3001
9001 337
9338 5
6000 3001
9001 348
6000 3001
9001 366
9367 3
9370 1
6000 3001
9001 375
9376 1
6000 3001
9001 389
9390 1
6000 3001
9001 396
6000 3001
9001 401
9402 1
6000 3001
9001 409
9410 3
6000 3001
9001 417
9418 1
6000 3001
9001 419
9420 1
6000 3001
9001 421
9422 7
9429 2
6000 3001
9001 432
6000 3001
9001 432
9433 3
9436 1
6000 3001
9001 432
9433 5
9438 1
6000 3001
9001 460
6000 3001
9001 462
6000 3001
9001 466
6000 3001
9001 467
9468 5
6000 3001
9001 478
6000 3001
9001 488
9489 2
6000 3001
9001 491
9492 5
6000 3001
9001 509
9510 1
6000 3001
9001 509
9510 11
6000 3001
9001 523
9524 7
9531 2
6000 3001
9001 523
9524 13
9537 2
6000 3001
9001 541
9542 5
6000 3001
9001 547
9548 3
6000 3001
9001 576
9577 10
6000 3001
9001 600
6000 3001
9001 600
9601 12
6000 3001
9001 617
9618 1
6000 3001
9001 619
9620 3
6000 3001
9001 619
9620 7
9627 2
6000 3001
9001 629
9630 1
6000 3001
9001 633
9634 7
9641 2
6000 3001
9001 646
9647 2
6000 3001
9001 660
6000 3001
9001 676
6000 3001
9001 677
9678 1
6000 3001
9001 683
9684 5
6000 3001
9001 691
9692 5
6000 3001
9001 712
9713 5
9718 1
6000 3001
9001 719
9720 1
6000 3001
9001 727
9728 5
6000 3001
9001 733
9734 5
6000 3001
9001 742
6000 3001
9001 748
6000 3001
9001 761
9762 5
6000 3001
9001 767
9768 1
6000 3001
9001 773
9774 7
6000 3001
9001 785
9786 1
6000 3001
9001 787
9788 3
6000 3001
9001 797
9798 5
6000 3001
9001 810
6000 3001
9001 815
9816 1
6000 3001
9001 826
9827 2
6000 3001
9001 829
9830 3
6000 3001
9001 836
9837 2
6000 3001
9001 839
9840 11
6000 3001
9001 852
9853 3
9856 1
6000 3001
9001 852
9853 5
9858 1
6000 3001
9001 863
9864 7
6000 3001
9001 875
9876 7
6000 3001
9001 875
9876 11
6000 3001
9001 887
9888 13
6000 3001
9001 906
6000 3001
9001 919
9920 3
6000 3001
9001 919
9920 7
9927 2
6000 3001
9001 929
9930 1
6000 3001
9001 940
6000 3001
9001 947
9948 1
6000 3001
9001 953
9954 13
6000 3001
9001 971
9972 1
9973 9973
19946 61
20007 3
20010 1
9973 9972
19945 73
20018 3
9972 9973
19945 77
20022 1
9972 9973
19945 83
20028 1
9972 9973
19945 100
20045 2
9972 9973
19945 100
20045 5
20050 1
9972 9973
19945 113
20058 5
9972 9973
19945 120
20065 5
20070 1
9972 9973
19945 144
9972 9973
19945 156
9972 9973
19945 162
9972 9973
19945 167
20112 1
9972 9973
19945 172
9972 9973
19945 178
9972 9973
19945 181
20126 3
9972 9973
19945 197
20142 1
9972 9973
19945 199
20144 3
9972 9973
19945 199
20144 5
9972 9973
19945 211
20156 5
9972 9973
19945 228
9972 9973
19945 229
20174 3
9972 9973
19945 233
20178 5
9972 9973
19945 255
20200 1
9972 9973
19945 271
20216 3
9972 9973
19945 283
20228 3
9972 9973
19945 283
20228 5
9972 9973
19945 293
20238 11
9972 9973
19945 316
9972 9973
19945 317
20262 7
9972 9973
19945 337
20282 5
9972 9973
19945 351
20296 1
9972 9973
19945 378
9972 9973
19945 381
20326 1
9972 9973
19945 384
20329 3
20332 1
9972 9973
19945 396
9972 9973
19945 401
20346 1
9972 9973
19945 406
20351 2
9972 9973
19945 409
20354 3
9972 9973
19945 409
20354 5
9972 9973
19945 421
20366 3
9972 9973
19945 443
20388 1
9972 9973
19945 448
9972 9973
19945 449
20394 5
9972 9973
19945 462
9972 9973
19945 466
9972 9973
19945 486
9972 9973
19945 491
20436 5
9972 9973
19945 497
20442 1
9972 9973
19945 523
20468 7
20475 2
9972 9973
19945 523
20468 11
9972 9973
19945 523
20468 13
20481 2
9972 9973
19945 562
9972 9973
19945 564
9972 9973
19945 576
9972 9973
19945 576
20521 12
9972 9973
19945 576
20521 19
20540 3
9972 9973
19945 600
20545 3
20548 1
9972 9973
19945 600
20545 5
20550 1
9972 9973
19945 617
20562 1
9972 9973
19945 646
20591 2
9972 9973
19945 653
20598 1
9972 9973
19945 661
20606 5
9972 9973
19945 682
9972 9973
19945 691
20636 3
9972 9973
19945 691
20636 5
9972 9973
19945 712
20657 5
20662 1
9972 9973
19945 733
20678 3
9972 9973
19945 748
9972 9973
19945 761
20706 1
9972 9973
19945 769
20714 3
9972 9973
19945 773
20718 1
9972 9973
19945 785
20730 1
9972 9973
19945 797
20742 1
9972 9973
19945 797
20742 5
9972 9973
19945 797
20742 7
9972 9973
19945 807
20752 1
9972 9973
19945 811
20756 3
9972 9973
19945 826
9972 9973
19945 826
20771 2
9972 9973
19945 839
20784 5
9972 9973
19945 859
20804 3
9972 9973
19945 863
20808 1
9972 9973
19945 887
20832 17
9972 9973
19945 911
20856 1
9972 9973
19945 919
20864 7
20871 2
9972 9973
19945 933
20878 1
9972 9973
19945 940
20885 2
9972 9973
19945 951
20896 1
9972 9973
19945 953
20898 1
9972 9973
19945 953
20898 5
9972 9973
19945 975
20920 1
9972 9973
19945 983
20928 1
9972 9973
19945 991
20936 3
9972 9973
19945 997
20942 5
9972 9973
19945 1013
20958 1
9972 9973
19945 1015
20960 3
9972 9973
19945 1030
20975 5
20980 1
9972 9973
19945 1037
20982 1
9972 9973
19945 1044
20989 12
9972 9973
19945 1062
21007 3
21010 1
9972 9973
19945 1062
21007 5
21012 1
9972 9973
19945 1069
21014 3
9972 9973
19945 1069
21014 5
9972 9973
19945 1069
21014 7
21021 2
9972 9973
19945 1080
21025 5
21030 1
9972 9973
19945 1114
9972 9973
19945 1114
21059 2
9972 9973
19945 1122
9972 9973
19945 1129
21074 13
21087 2
9972 9973
19945 1152
21097 3
21100 1
9972 9973
19945 1152
21097 10
9972 9973
19945 1175
21120 1
9972 9973
19945 1193
21138 1
9972 9973
19945 1193
21138 5
9972 9973
19945 1201
21146 3
9972 9973
19945 1201
21146 11
9972 9973
19945 1213
21158 5
9972 9973
19945 1213
21158 11
9972 9973
19945 1231
21176 3
9972 9973
19945 1237
21182 5
9972 9973
19945 1237
21182 7
21189 2
9972 9973
19945 1248
9972 9973
19945 1259
21204 7
9972 9973
19945 1276
9972 9973
19945 1276
21221 5
21226 1
9972 9973
19945 1299
21244 3
9972 9973
19945 1321
21266 3
9972 9973
19945 1327
21272 5
9972 9973
19945 1327
21272 11
9972 9973
19945 1367
21312 1
9972 9973
19945 1367
21312 5
9972 9973
19945 1373
21318 1
9972 9973
19945 1373
21318 5
9972 9973
19945 1391
21336 5
9972 9973
19945 1399
21344 3
9972 9973
19945 1431
21376 1
9972 9973
19945 1431
21376 3
9972 9973
19945 1438
9972 9973
19945 1444
21389 2
9972 9973
19945 1452
9972 9973
19945 1452
21397 3
21400 1
9972 9973
19945 1460
21405 2
9972 9973
19945 1471
21416 3
9972 9973
19945 1488
9972 9973
19945 1521
21466 1
9972 9973
19945 1531
21476 5
9972 9973
19945 1542
9972 9973
19945 1542
21487 3
21490 1
9972 9973
19945 1542
21487 5
21492 1
9972 9973
19945 1553
21498 1
9972 9973
19945 1558
9972 9973
19945 1572
9972 9973
19945 1572
21517 3
21520 1
9972 9973
19945 1572
21517 5
21522 1
9972 9973
19945 1584
9972 9973
19945 1611
21556 1
9972 9973
19945 1613
21558 1
9972 9973
19945 1617
21562 1
9972 9973
19945 1621
21566 3
9972 9973
19945 1627
21572 5
9972 9973
19945 1637
21582 5
9972 9973
19945 1637
21582 7
9972 9973
19945 1637
21582 17
9972 9973
19945 1655
21600 1
9972 9973
19945 1665
21610 1
9972 9973
19945 1668
9972 9973
19945 1669
21614 3
9972 9973
19945 1699
21644 3
9972 9973
19945 1699
21644 5
9972 9973
19945 1711
21656 5
9972 9973
19945 1722
21667 5
21672 1
9972 9973
19945 1738
9972 9973
19945 1753
21698 3
9972 9973
19945 1762
21707 5
21712 1
9972 9973
19945 1762
21707 19
21726 1
9972 9973
19945 1789
21734 3
9972 9973
19945 1793
21738 1
9972 9973
19945 1793
21738 13
9972 9973
19945 1811
21756 1
9972 9973
19945 1822
9972 9973
19945 1828
9972 9973
19945 1836
21781 5
21786 1
9972 9973
19945 1848
21793 5
21798 1
9972 9973
19945 1848
21793 10
9972 9973
19945 1871
21816 1
9972 9973
19945 1873
21818 3
9972 9973
19945 1889
21834 5
9972 9973
19945 1889
21834 7
9972 9973
19945 1904
21849 2
9972 9973
19945 1913
21858 1
9972 9973
19945 1913
21858 5
9972 9973
19945 1920
21865 5
21870 1
9972 9973
19945 1933
21878 3
9972 9973
19945 1946
21891 2
9972 9973
19945 1951
21896 13
21909 2
9972 9973
19945 1979
21924 5
9972 9973
19945 1987
21932 5
9972 9973
19945 1993
21938 5
9972 9973
19945 2006
21951 10
9972 9973
19945 2029
21974 3
9972 9973
19945 2039
21984 7
9972 9973
19945 2051
21996 1
9972 9973
19945 2053
21998 5
