938
1 1
2 2
4 4
8 8
16 16
32 32
64 64
128 128
256 256
512 512
1024 1024
2048 2048
4096 4096
8192 4096
12288 512
12800 128
12928 16
12944 8
12952 4
12956 12956
25912 25912
51824 25912
77736 4096
81832 2048
83880 1024
84904 32
84936 8
84944 84944
169888 4096
173984 1024
175008 512
175520 128
175648 16
175664 8
175672 1
175673 175673
351346 12956
364302 4096
368398 1024
369422 512
369934 128
370062 64
370126 8
370134 4
370138 1
175673 175673
351346 175673
527019 51824
578843 12956
591799 12800
604599 64
604663 32
604695 16
604711 8
604719 2
351346 351346
702692 175673
878365 84944
963309 25912
989221 12956
1002177 2048
1004225 1024
1005249 512
1005761 128
1005889 64
1005953 32
1005985 8
1005993 4
527019 527019
1054038 25912
1079950 8192
1088142 2048
1090190 1024
1091214 128
1091342 64
1091406 16
1091422 4
578843 578843
1157686 12956
1170642 2048
1172690 1024
1173714 512
1174226 256
1174482 128
1174610 16
1174626 8
1174634 2
604721 604721
1209442 84944
1294386 8192
1302578 128
1302706 64
1302770 32
702692 702692
1405384 4096
1409480 128
1409608 64
1409672 16
1409688 4
1409692 2
702692 702692
1405384 25912
1431296 12956
1444252 2048
1446300 512
1446812 256
1447068 128
1447196 32
1447228 2
1447230 1
702692 702692
1405384 83880
1489264 512
1489776 256
1490032 16
1490048 8
1490056 4
702692 702692
1405384 84944
1490328 25912
1516240 2048
1518288 512
1518800 256
1519056 128
1519184 32
1519216 8
1519224 2
702692 702692
1405384 175673
1581057 51824
1632881 2048
1634929 1024
1635953 16
1635969 8
702692 702692
1405384 175673
1581057 84944
1666001 25912
1691913 4096
1696009 2048
1698057 2
878365 878365
1756730 51824
1808554 12956
1821510 8192
1829702 2048
1831750 1024
1832774 512
1833286 256
1833542 128
1833670 32
1833702 8
1833710 4
1833714 1
878365 878365
1756730 84944
1841674 81832
1923506 1024
1924530 256
1924786 128
1924914 32
1924946 16
1924962 1
989221 989221
1978442 12956
1991398 8192
1999590 2048
2001638 1024
2002662 128
2002790 64
2002854 32
2002886 8
1005997 1005997
2011994 77736
2089730 2048
2091778 1024
2092802 256
2093058 128
2093186 32
2093218 16
2093234 8
2093242 4
2093246 2
1054038 1054038
2108076 8192
2116268 256
2116524 128
2116652 64
2116716 32
2116748 8
2116756 4
2116760 1
1091426 1091426
2182852 51824
2234676 12956
2247632 4096
2251728 2048
2253776 1024
2254800 512
2255312 128
2255440 32
2255472 16
2255488 8
2255496 4
2255500 1
1157686 1157686
2315372 4096
2319468 1024
2320492 128
2320620 32
2320652 2
2320654 1
1209442 1209442
2418884 12956
2431840 8192
2440032 1024
2441056 256
2441312 128
2441440 16
2441456 2
1209442 1209442
2418884 84944
2503828 77736
2581564 2048
2583612 1024
2584636 512
2585148 256
2585404 128
2585532 64
2585596 32
2585628 4
2585632 2
1294386 1294386
2588772 12956
2601728 512
2602240 16
2602256 2
2602258 1
1302802 1302802
2605604 84944
2690548 12956
2703504 8192
2711696 128
2711824 64
2711888 16
2711904 4
2711908 2
2711910 1
1302802 1302802
2605604 84944
2690548 25912
2716460 12956
2729416 8192
2737608 2048
2739656 1024
2740680 256
2740936 2
1405384 1405384
2810768 175673
2986441 81832
3068273 1024
3069297 512
3069809 256
3070065 4
3070069 2
3070071 1
1405384 1405384
2810768 175673
2986441 84944
3071385 25912
3097297 4096
3101393 2048
3103441 512
3103953 256
3104209 128
3104337 16
3104353 2
1581057 1581057
3162114 51824
3213938 4096
3218034 1024
3219058 512
3219570 128
3219698 64
3219762 16
3219778 4
3219782 2
3219784 1
1698059 1698059
3396118 2048
3398166 512
3398678 256
3398934 64
3398998 16
3399014 8
3399022 2
1756730 1756730
3513460 84944
3598404 8192
3606596 2048
3608644 1024
3609668 256
3609924 16
3609940 4
3609944 1
1841674 1841674
3683348 84944
3768292 8192
3776484 2048
3778532 512
3779044 256
3779300 128
3779428 64
3779492 4
1841674 1841674
3683348 84944
3768292 12956
3781248 4096
3785344 512
3785856 128
3785984 32
3786016 16
3786032 8
3786040 2
3786042 1
1924963 1924963
3849926 12956
3862882 2048
3864930 1024
3865954 512
3866466 32
3866498 16
3866514 8
3866522 4
3866526 2
1924963 1924963
3849926 84944
3934870 512
3935382 128
3935510 64
3935574 8
3935582 4
3935586 1
2011994 2011994
4023988 12956
4036944 4096
4041040 128
4041168 64
4041232 32
4041264 16
4041280 8
4041288 2
2011994 2011994
4023988 51824
4075812 1024
4076836 256
4077092 128
4077220 64
4077284 32
4077316 16
4077332 8
2011994 2011994
4023988 51824
4075812 12956
4088768 8192
4096960 256
4097216 128
4097344 8
4097352 4
4097356 2
2011994 2011994
4023988 84944
4108932 25912
4134844 1024
4135868 512
4136380 128
4136508 4
2011994 2011994
4023988 84944
4108932 51824
4160756 4096
4164852 2048
4166900 1024
4167924 512
4168436 128
4168564 32
4168596 16
4168612 8
4168620 4
2093248 2093248
4186496 8192
4194688 1024
4195712 512
4196224 256
4196480 128
4196608 64
4196672 16
4196688 8
4196696 2
4196698 1
2093248 2093248
4186496 12956
4199452 4096
4203548 2048
4205596 1024
4206620 256
4206876 64
4206940 32
4206972 8
4206980 4
4206984 2
4206986 1
2116761 2116761
4233522 25912
4259434 8192
4267626 2048
4269674 512
4270186 32
4270218 16
4270234 8
4270242 4
4270246 2
4270248 1
2182852 2182852
4365704 25912
4391616 4096
4395712 512
4396224 128
4396352 64
2182852 2182852
4365704 25912
4391616 12956
4404572 1024
4405596 128
4405724 64
4405788 4
2255501 2255501
4511002 77736
4588738 2048
4590786 1024
4591810 512
4592322 256
4592578 32
4592610 8
4592618 4
4592622 2
4592624 1
2320655 2320655
4641310 51824
4693134 12956
4706090 1024
4707114 256
4707370 128
4707498 64
4707562 16
4707578 8
4707586 4
2320655 2320655
4641310 84944
4726254 12956
4739210 8192
4747402 64
4747466 4
4747470 1
2320655 2320655
4641310 84944
4726254 51824
4778078 12956
4791034 1024
4792058 512
4792570 256
4792826 64
4792890 32
4792922 16
4792938 8
4792946 4
4792950 2
2418884 2418884
4837768 4096
4841864 2048
4843912 1024
4844936 512
4845448 256
4845704 128
4845832 64
4845896 32
4845928 16
4845944 8
4845952 4
4845956 2
4845958 1
2418884 2418884
4837768 84944
4922712 51824
4974536 8192
4982728 2048
4984776 128
4984904 8
4984912 2
4984914 1
2418884 2418884
4837768 84944
4922712 77736
5000448 2048
5002496 512
5003008 256
5003264 128
5003392 8
5003400 4
5003404 1
2503828 2503828
5007656 25912
5033568 4096
5037664 512
5038176 32
5038208 16
5038224 2
5038226 1
2605604 2605604
5211208 2048
5213256 1024
5214280 256
5214536 128
5214664 64
5214728 2
2605604 2605604
5211208 25912
5237120 12956
5250076 4096
5254172 2048
5256220 512
5256732 256
5256988 128
5257116 32
5257148 4
2740938 2740938
5481876 12956
5494832 2048
5496880 1024
5497904 128
5498032 64
5498096 32
5498128 16
5498144 8
5498152 2
5498154 1
2740938 2740938
5481876 84944
5566820 8192
5575012 1024
5576036 128
5576164 32
5576196 1
2810768 2810768
5621536 84944
5706480 25912
5732392 4096
5736488 256
5736744 128
5736872 16
5736888 8
5736896 2
5736898 1
2810768 2810768
5621536 175673
5797209 4096
5801305 1024
5802329 4
5802333 2
2810768 2810768
5621536 175673
5797209 51824
5849033 12956
5861989 4096
5866085 2048
5868133 1024
5869157 512
5869669 256
5869925 64
5869989 32
5870021 16
5870037 4
5870041 1
2810768 2810768
5621536 175673
5797209 84944
5882153 8192
5890345 2048
5892393 512
5892905 256
5893161 128
5893289 64
5893353 32
5893385 16
5893401 8
5893409 4
2810768 2810768
5621536 175673
5797209 84944
5882153 12956
5895109 128
5895237 32
5895269 4
5895273 2
5895275 1
2986441 2986441
5972882 84944
6057826 12956
6070782 1024
6071806 256
6072062 32
6072094 16
6072110 4
6072114 1
3219785 3219785
6439570 4096
6443666 512
6444178 256
6444434 32
6444466 16
6444482 8
6444490 2
3219785 3219785
6439570 25912
6465482 2048
6467530 1024
6468554 32
6468586 16
6468602 8
6468610 2
3219785 3219785
6439570 175673
6615243 51824
6667067 12956
6680023 1024
6681047 512
6681559 64
6681623 8
6681631 2
3219785 3219785
6439570 175673
6615243 84944
6700187 51824
6752011 128
6752139 16
6752155 2
3219785 3219785
6439570 175673
6615243 84944
6700187 51824
6752011 2048
6754059 256
6754315 64
6754379 2
6754381 1
3399024 3399024
6798048 84944
6882992 4096
6887088 2048
6889136 1024
6890160 512
6890672 256
6890928 128
6891056 32
3513460 3513460
7026920 25912
7052832 12956
7065788 2048
7067836 512
7068348 256
7068604 128
7068732 2
3513460 3513460
7026920 25912
7052832 12956
7065788 8192
7073980 1024
7075004 512
7075516 256
7075772 128
7075900 64
7075964 32
7075996 4
7076000 2
7076002 1
3513460 3513460
7026920 77736
7104656 1024
7105680 256
7105936 128
7106064 16
7106080 8
7106088 4
7106092 2
3513460 3513460
7026920 84944
7111864 25912
7137776 12956
7150732 8192
7158924 1024
7159948 64
7160012 16
7160028 1
3683348 3683348
7366696 2048
7368744 1024
7369768 512
7370280 64
7370344 16
7370360 2
3781248 3781248
7562496 256
7562752 128
7562880 32
7562912 16
7562928 8
7562936 4
3786043 3786043
7572086 51824
7623910 4096
7628006 2048
7630054 512
7630566 256
7630822 128
7630950 64
7631014 32
7631046 8
3786043 3786043
7572086 84944
7657030 8192
7665222 2048
7667270 1024
7668294 512
7668806 256
7669062 128
7669190 16
7669206 8
7669214 2
7669216 1
3849926 3849926
7699852 51824
7751676 2048
7753724 128
7753852 32
7753884 16
7753900 8
7753908 4
7753912 2
3935587 3935587
7871174 25912
7897086 12956
7910042 4096
7914138 2048
7916186 256
7916442 1
3935587 3935587
7871174 25912
7897086 12956
7910042 8192
7918234 2048
7920282 1024
7921306 512
7921818 8
7921826 4
3935587 3935587
7871174 51824
7922998 4096
7927094 2048
7929142 512
7929654 256
7929910 2
3935587 3935587
7871174 51824
7922998 12956
7935954 4096
7940050 1024
7941074 512
7941586 256
7941842 128
7941970 16
7941986 1
3935587 3935587
7871174 169888
8041062 2048
8043110 256
8043366 64
8043430 32
8043462 8
8043470 4
8043474 1
4023988 4023988
8047976 12956
8060932 4096
8065028 512
8065540 128
8065668 64
8065732 16
8065748 2
8065750 1
4023988 4023988
8047976 84944
8132920 25912
8158832 1024
8159856 256
8160112 64
8160176 32
8160208 16
8160224 4
8160228 1
4108932 4108932
8217864 51824
8269688 512
8270200 256
8270456 128
8270584 64
8270648 8
8270656 4
4164852 4164852
8329704 2048
8331752 1024
8332776 512
8333288 256
8333544 32
8333576 8
8333584 1
4405792 4405792
8811584 84944
8896528 25912
8922440 12956
8935396 12288
8947684 64
8947748 32
8947780 16
8947796 4
8947800 1
4511002 4511002
9022004 12956
9034960 4096
9039056 1024
9040080 256
9040336 64
9040400 32
9040432 2
4592625 4592625
9185250 8192
9193442 1024
9194466 512
9194978 128
9195106 16
9195122 4
9195126 2
4592625 4592625
9185250 12956
9198206 8192
9206398 2048
9208446 1024
9209470 256
9209726 128
9209854 64
9209918 8
9209926 1
4592625 4592625
9185250 25912
9211162 4096
9215258 2048
9217306 128
9217434 32
9217466 16
9217482 8
9217490 4
4726254 4726254
9452508 84944
9537452 4096
9541548 256
9541804 128
9541932 16
9541948 2
9541950 1
4837768 4837768
9675536 25912
9701448 8192
9709640 1024
9710664 512
9711176 256
9711432 16
9711448 8
9711456 4
9711460 2
9711462 1
4837768 4837768
9675536 25912
9701448 12956
9714404 256
9714660 128
9714788 32
9714820 16
9714836 8
4837768 4837768
9675536 84944
9760480 25912
9786392 12956
9799348 4096
9803444 2048
9805492 256
9805748 128
9805876 64
9805940 16
9805956 8
9805964 4
9805968 2
4837768 4837768
9675536 84944
9760480 51824
9812304 12956
9825260 8192
9833452 2048
9835500 64
9835564 16
9835580 4
9835584 2
9835586 1
4922712 4922712
9845424 51824
9897248 4096
9901344 1024
9902368 128
9902496 64
9902560 32
9902592 1
4922712 4922712
9845424 84944
9930368 51824
9982192 1024
9983216 512
9983728 256
9983984 128
9984112 4
9984116 2
