4764
1 1
2 1
3 1
2 3
5 1
4 3
7 1
4 5
9 1
6 5
11 1
6 7
13 1
8 7
15 1
8 9
17 1
10 9
19 1
10 11
21 1
12 11
23 1
12 13
25 1
14 13
27 1
14 15
29 1
16 15
31 1
16 17
33 1
18 17
35 1
18 19
37 1
20 19
39 1
20 21
41 1
22 21
43 1
22 23
45 1
24 23
47 1
24 25
49 1
26 25
51 1
26 27
53 1
28 27
55 1
28 29
57 1
30 29
59 1
30 31
61 1
32 31
63 1
32 33
65 1
34 33
67 1
34 35
69 1
36 35
71 1
36 37
73 1
38 37
75 1
38 39
77 1
40 39
79 1
40 41
81 1
42 41
83 1
42 43
85 1
44 43
87 1
44 45
89 1
46 45
91 1
46 47
93 1
48 47
95 1
48 49
97 1
50 49
99 1
50 51
101 1
52 51
53 52
105 1
53 54
107 1
55 54
109 1
55 56
56 57
57 58
115 1
59 58
60 59
119 1
60 61
121 1
62 61
123 1
62 63
125 1
64 63
65 64
129 1
65 66
131 1
67 66
133 1
67 68
135 1
69 68
137 1
69 70
139 1
71 70
72 71
143 1
72 73
145 1
74 75
77 76
153 1
77 78
155 1
79 80
159 1
81 80
82 81
163 1
82 83
165 1
84 83
85 86
171 1
87 88
175 1
89 88
90 89
179 1
92 91
183 1
92 93
95 94
189 1
95 96
191 1
97 96
98 97
99 98
197 1
101 102
203 1
103 102
105 103
208 1
105 106
211 1
107 106
108 107
215 1
108 109
111 110
113 111
224 1
113 115
228 1
116 115
231 1
116 117
233 1
119 117
236 2
119 120
239 1
121 120
122 121
123 124
124 125
125 126
251 1
127 126
253 1
127 129
256 1
256 2
129 130
259 1
131 132
263 1
133 132
134 135
135 136
271 1
137 138
275 1
139 138
143 141
144 143
287 1
144 145
149 146
295 5
149 153
153 154
307 1
155 156
311 1
311 3
160 159
319 1
163 161
324 1
324 2
164 163
327 1
164 165
165 166
331 1
167 166
333 3
167 171
338 1
172 171
175 172
347 2
175 176
351 1
177 176
353 1
177 179
179 180
359 1
183 184
367 1
185 184
369 3
192 191
383 1
192 193
385 1
195 193
388 2
198 203
401 3
204 203
407 1
208 205
212 211
423 1
215 216
431 1
217 216
225 224
449 1
229 231
460 2
232 231
233 232
234 236
236 238
474 1
239 240
479 1
241 240
243 241
484 4
243 247
490 1
254 256
510 2
257 256
513 1
257 258
515 1
259 260
519 1
263 260
264 263
527 1
264 265
529 1
269 265
271 272
543 1
275 272
288 287
575 1
288 289
289 295
584 4
311 308
312 311
623 1
312 314
626 5
626 6
320 319
639 1
639 2
326 325
651 1
331 329
336 333
669 3
339 338
677 3
339 343
682 6
356 354
710 4
360 359
719 1
368 367
735 1
368 369
369 372
741 12
383 384
767 1
385 384
769 1
401 390
791 1
791 6
408 407
815 1
423 413
836 4
423 424
847 1
431 432
863 1
433 432
865 16
450 460
910 2
465 463
475 474
949 3
480 479
959 1
513 512
1025 1
513 514
520 519
1039 1
527 528
1055 1
529 528
530 534
1064 4
543 544
1087 1
547 544
1091 30
547 575
1122 14
576 575
1151 1
576 577
588 584
1172 28
588 619
1207 17
1207 25
1207 32
623 624
1247 1
632 631
1263 2
640 639
1279 1
651 641
652 660
1312 16
677 672
1349 3
682 688
1370 6
1370 23
688 710
1398 18
714 710
719 720
1439 1
735 736
1471 1
737 736
767 768
1535 1
769 768
792 791
1583 1
815 797
1612 4
815 816
1631 1
1631 18
848 847
1695 1
864 863
1727 1
881 910
1791 17
912 910
1822 2
912 928
1840 16
949 928
1877 6
959 960
1919 1
1025 960
1985 2
1985 14
1985 62
1027 1026
2053 11
1040 1039
2079 1
2079 2
1055 1056
2111 1
1088 1087
2175 1
2175 2
1151 1152
2303 1
1153 1172
2325 27
1200 1172
2372 12
1224 1207
2431 8
2431 17
1247 1248
2495 1
1279 1280
2559 1
1328 1312
2640 25
2640 33
2640 36
1328 1349
2677 1
2677 3
2677 4
2677 6
2677 9
2677 17
1370 1352
2722 4
1370 1376
2746 6
1439 1440
2879 1
1471 1472
2943 1
1473 1472
1535 1473
3008 3
1535 1536
3071 1
1537 1536
1583 1584
3167 1
3167 2
1632 1631
3263 1
1695 1649
3344 16
1695 1696
3391 1
1727 1728
3455 1
1791 1728
3519 4
1877 1883
3760 32
1919 1920
3839 49
1985 1987
3972 12
2053 2047
4100 12
2079 2080
4159 1
2112 2111
4223 1
2176 2175
4351 1
2303 2177
4480 64
2303 2304
4607 1
2372 2384
4756 44
2448 2439
4887 41
2496 2495
4991 1
2560 2559
5119 1
2560 2640
5200 80
2665 2640
5305 7
2678 2680
5358 1
2722 2694
5416 24
2746 2752
5498 6
2879 2752
5631 33
5631 65
2880 2879
5759 1
2944 2943
5887 1
2944 2945
3072 3071
6143 1
3167 3073
3168 3167
6335 1
3263 3169
6432 32
3263 3264
6527 1
3391 3392
6783 1
3455 3456
6911 1
3519 3523
7042 190
3760 3523
7283 13
7283 141
3792 3839
7631 49
4112 4100
8212 44
4160 4159
8319 1
4224 4223
8447 1
4224 4351
8575 65
4352 4351
8703 1
4352 4480
8832 64
4544 4480
4607 4608
9215 1
4887 4800
9687 105
4887 4928
9815 41
4991 4992
9983 1
5119 5120
10239 1
10239 2
5280 5200
10480 80
5312 5305
10617 7
5440 5416
10856 24
5504 5498
11002 6
5664 5631
11295 33
5664 5696
11360 32
5759 5760
11519 1
5887 5888
11775 1
5889 5888
11777 239
5889 6143
12032 76
6144 6143
12287 1
6335 6336
12671 1
6432 6464
12896 32
6527 6528
13055 1
6783 6528
13311 129
6783 6784
13567 1
6911 6912
13823 1
7283 7296
14579 108
7424 7296
14720 98
14720 287
7631 7424
15055 80
7631 7680
15311 208
15311 336
7680 8212
15892 390
16282 5
15892 491
16383 1
16383 2
8256 8212
16468 44
8320 8319
16639 1
8448 8447
16895 1
8640 8575
17215 1
8704 8703
17407 1
17407 2
9216 9215
18431 1
18431 385
9687 9216
18903 156
19059 2
18903 167
19070 2
18903 295
19198 2
9984 9983
19967 1
10240 10239
20479 1
10617 10624
21241 7
10856 10880
21736 24
11002 11008
22010 6
11519 11520
23039 1
11775 11776
23551 1
11777 11776
12016 12032
24048 32
12288 12287
24575 1
24575 2
12671 12288
24959 257
12671 12672
25343 1
25343 2
13056 13055
26111 1
13440 13311
26751 129
13568 13567
27135 1
13824 13823
27647 1
27647 529
14579 13824
28403 523
28926 2
28403 770
29173 11
14818 14720
29538 156
29694 2
15135 15311
30446 272
30718 2
30446 276
16384 16385
32769 1
16639 16640
33279 1
16895 16896
33791 1
17215 17216
34431 1
17407 17408
34815 1
17409 17408
18431 17409
35840 512
18431 18432
36863 1
19059 18903
37962 54
19198 19200
38398 2
19967 19200
39167 257
19967 19968
39935 1
20479 20480
40959 1
21241 21248
42489 7
21736 21248
42984 277
43261 3
22016 22010
44026 6
22016 23039
45055 257
45055 513
23039 23040
46079 1
23551 23552
47103 1
23553 23552
24575 24576
49151 1
25344 25343
50687 1
26111 25345
51456 256
26111 26112
52223 1
52223 529
27136 27135
54271 1
27648 27647
55295 1
55295 2
28926 28403
57329 271
28926 28928
57854 2
29173 29184
58357 11
29696 29694
59390 2
30718 30720
61438 2
30722 32769
63491 28
63491 1999
65490 47
63491 2047
32769 32770
65539 1
65539 253
65539 491
66030 18
33280 33279
66559 1
33792 33791
67583 1
34816 34815
69631 1
35840 34817
70657 510
71167 1
36864 36863
73727 1
36864 37962
74826 433
75259 5
38398 38400
76798 2
39167 38400
77567 769
39167 39424
78591 257
39935 39936
79871 1
40959 40960
81919 1
81919 2
81919 769
43264 43261
86525 3
86525 515
44026 44032
88058 6
45055 45312
90367 257
45568 45312
90880 256
46080 46079
92159 1
47104 47103
94207 1
47104 47105
47105 49151
96256 31
49152 49151
98303 1
98303 2
50687 49152
99839 1
99839 1025
50688 50687
101375 1
52224 52223
104447 1
104447 2
52752 52224
104976 1999
106975 33
54271 52752
107023 491
107514 6
54272 54271
108543 1
55296 55295
110591 1
57329 55297
112626 45
57854 57856
115710 259
58357 58368
116725 523
117248 1
58368 59390
117758 3
117758 530
118288 1
59392 59390
118782 1027
59392 61438
120830 3
61440 61438
122878 515
122878 1027
122878 2047
124925 4
65490 63519
129009 47
129009 1583
65537 65490
131027 46
131027 47
65538 65537
131075 1
65540 65539
131079 1
131079 9
66048 66030
132078 18
66560 66559
133119 1
133119 577
67583 67584
135167 1
135167 56
69632 69631
139263 1
73727 71168
144895 513
73727 73728
147455 1
147455 2
76798 75264
152062 514
76798 76800
153598 2
78591 78848
157439 257
79871 79872
159743 1
81919 81920
163839 1
81921 81920
82688 86525
169213 770
169983 1
87040 86528
173568 512
88064 88058
176122 6
176122 2081
178203 4
91136 90880
182016 256
92160 92159
184319 1
94208 94207
188415 1
98303 98304
196607 1
98305 98304
196609 1
104447 104448
208895 1
104449 104976
209425 1537
210962 13
107008 106975
213983 33
107514 107520
215034 6
108543 108544
217087 1
110591 110592
221183 1
116725 115969
232694 770
233464 8
118782 118289
237071 491
237562 6
120833 122878
243711 2047
245758 2
131080 131088
262168 488
132078 132096
264174 641
264815 8
264815 9
264174 651
264174 652
264826 1
264826 2
264826 5
133120 133696
266816 55
135167 133696
268863 56
135223 135168
270391 2560
272951 64
139263 139264
278527 2680
144895 139264
284159 2112
286271 56
147456 147457
294913 2678
153598 153600
307198 2681
157439 157696
315135 881
316016 7
163840 163841
327681 2678
330359 1
327681 2680
169213 163841
333054 3392
336446 57
173568 169984
343552 1172
344724 2
174080 176122
350202 632
350834 5
178203 176128
354331 588
354919 16
184320 184319
368639 2680
188416 188415
376831 2680
376831 5359
382190 1
196610 196609
393219 2676
393219 2677
393219 2678
393219 2681
393219 2683
395902 2
393219 8704
401923 116
208895 196610
405505 10856
416361 14
210962 209425
420387 84
217087 215040
432127 632
217087 217088
434175 2680
221183 221184
442367 2680
233472 233464
466936 2686
469622 1
237568 237562
475130 2683
477813 2
245760 245758
491518 2681
245760 262168
507928 2640
510568 16
510568 17
264824 264823
529647 1
264824 264825
529649 1
264826 264827
529653 1
266816 266871
533687 55
268863 268919
537782 56
273015 272951
545966 64
281207 278527
559734 660
560394 3
559734 2680
286271 286327
572598 4160
576758 23
286327 294913
581240 1649
582889 5
294913 297591
592504 2678
595182 1
592504 2680
592504 2686
595190 3
307198 309879
617077 2681
316023 316016
632039 7
632039 4100
636139 3
316023 327681
643704 626
644330 4
643704 12896
656600 22
327681 330359
658040 2678
330360 330359
660719 1
330360 330361
660721 3
660721 4
343552 336503
680055 5200
685255 39
350839 350834
701673 5
354919 354935
709854 16
368639 354935
723574 12288
735862 120
371319 368639
739958 2680
379511 376831
756342 2680
382191 382190
764381 11008
775389 18
395904 395902
791806 2640
794446 23
794446 24
791806 2665
405505 402039
807544 11392
818936 109
416361 416375
832736 2686
835422 7
420471 420387
840858 2752
843610 11
434175 436855
871030 5359
442367 445047
887414 5359
466936 445047
911983 13440
925423 120
925423 121
925423 122
925423 124
911983 13568
475130 469623
944753 5359
950112 6
477813 477815
955628 6528
962156 249
962405 1
955628 10856
966484 18
491518 477815
969333 5359
974692 2
974692 3
507928 494199
1002127 5312
1007439 23
510585 510584
1021169 2677
1021169 19061
1040230 1
510585 529647
1040232 19061
1059293 1
529647 529648
1059295 1
529649 529650
1059299 1
529653 529654
1059307 1
1059307 2
537838 537782
1075620 56
546030 545966
1091996 64
562414 560397
1122811 1999
1124810 18
1124810 19
1124810 20
572598 576758
1149356 48
582889 582894
1165783 7680
1173463 516
1173979 1
592504 595182
1187686 2678
595183 595182
1190365 1
617077 595193
1212270 18903
1231173 149
1231322 2
617077 619758
1236835 2681
632039 632046
1264085 7
636139 636142
1272281 3
660724 660725
1321449 2665
1324114 1
1324114 2
1324114 3
1324114 4
1324114 7
1321449 2676
685294 685255
1370549 2694
1373243 24
701673 685294
1386967 6528
1393495 252
709870 723574
1433444 5359
1438803 1
723574 735862
1459436 12108
1471544 27
756342 759022
1515364 5359
794446 794469
1588915 23
794470 794469
1588939 1
794470 794471
1588941 3
1588941 9
818936 819045
1637981 109
832736 819045
1651781 10880
1662661 5
1662661 6
843610 843621
1687231 16385
1703616 11
876389 871030
1747419 5359
892773 887414
1780187 5359
925547 925551
1851098 10624
1861722 231
955628 962156
1917784 1473
1919257 40
974695 1002127
1976822 7680
1984502 331
1984502 332
1984502 333
1059293 1040232
2099525 19059
2118584 1
2099525 19061
1059293 1059294
2118587 1
1059295 1059296
2118591 1
1059307 1059308
2118615 1
1059309 1059308
1091996 1092060
2184056 64
2184056 65
1124810 1124828
2249638 18
1124829 1124828
2249657 1
1124829 1124830
2249659 3
1190365 1190366
2380731 2676
2380731 2678
1272284 1272281
2544565 34817
2579382 632
2580014 1
1324114 1324115
2648229 1
1324116 1324115
1324117 1324116
1324118 1324121
2648239 2
1520723 1515364
3036087 7680
3043767 356
3044123 2
1588938 1588915
3177853 23
1588938 1588939
1588939 1588940
1752778 1747419
3500197 7680
3507877 356
3508233 2
1785546 1780187
3565733 7680
3573413 356
3573769 2
3573413 360
3573773 2
3573775 3573775
7147550 685294
7832844 8256
7841100 15
3573775 3573773
7147548 1785546
8933094 24577
8957671 80
7147548 2580015
9727563 36864
9764427 390
9764817 2
3573775 7147548
10721323 182272
10903595 1349
10904944 1
10721323 537838
11259161 4800
11263961 46
10721323 759022
11480345 2945
11483290 31
10721323 2249662
12970985 28403
12999388 19
10721323 2383409
13104732 46080
13150812 225
13151037 2
7147548 8933094
16080642 619758
16700400 8896
16709296 57
16080642 1239516
17320158 5760
17325918 67
9764819 9764817
19529636 51712
19581348 465
19581813 4
19529636 572598
20102234 2752
20104986 77
19529636 636142
20165778 881
20166659 8
9764819 10721323
20486142 237568
20723710 3984
20727694 33
20486142 245760
20731902 8575
20740477 50
12970985 11483321
24454306 507928
24962234 770
24963004 9
24454306 925551
25379857 8704
25388561 113
25388674 1
24454306 1165783
25620089 5889
25625978 171
13104732 13150812
26255544 13824
26269368 349
26255544 34817
26290361 236
13151039 13151037
26302076 560397
26862473 510
26302076 1638090
27940166 5504
27945670 51
26302076 2648241
28950317 157696
29108013 1352
29109365 12
29108013 1376
29109389 14
13151039 16080642
29231681 268919
29500600 53
29231681 382191
29613872 7680
29621552 75
29231681 405505
29637186 2496
29639682 7
16080642 16700400
32781042 27136
32808178 479
17325918 17325985
34651903 644334
35296237 5696
35301933 14
34651903 1264092
35915995 1696
35917691 12
34651903 1984835
36636738 24080
36660818 295
36661113 4
17325985 19529636
36855621 477815
37333436 4608
37338044 5
36855621 1324125
38179746 4352
38184098 3
19529636 19581348
39110984 3360
39114344 7
20166667 20166659
40333326 245760
40579086 11392
40590478 7
40333326 278527
40611853 2112
40613965 36
20740527 20740477
41481004 34817
41515821 881
41516702 25
41481004 1324125
42805129 26112
42831241 372
42831613 2
41481004 1520723
43001727 4224
43005951 111
43006062 1
41481004 1984835
43465839 91136
43556975 797
43557772 7
41481004 3044125
44525129 94209
44619338 1328
44620666 9
20740527 24454306
45194833 100864
45295697 84
45194833 233472
45428305 1265
45429570 1
45194833 2648241
47843074 120833
47963907 1091
47964998 21
25388675 25388674
50777349 196610
50973959 12032
50985991 4
26255544 25626149
51881693 245760
52127453 9984
52137437 195
52137632 1
26302076 26290597
52592673 309879
52902552 1808
52904360 1
26862983 26862473
53725456 27648
53753104 87
53725456 330361
54055817 1999
54057816 11
53725456 911983
54637439 3523
54640962 217
54641179 2
26862983 27940166
54803149 123393
54926542 205
54803149 477815
55280964 11392
55292356 107
54803149 925551
55728700 6528
55735228 9
27945721 27945670
55891391 262656
56154047 408
56154455 4
29500600 29231681
58732281 61440
58793721 848
58794569 6
29639682 29639689
59279371 1984835
61264206 101376
61365582 143
32781042 29639689
62420731 533742
62954473 2496
62956969 32
62420731 969333
63390064 2177
63392241 16
62420731 2184121
64604852 55297
64660149 1856
64662005 20
34651903 32808657
67460560 196610
67657170 3456
67660626 51
35915995 35301947
71217942 336503
71554445 577
71555022 1
35917703 35917691
71835394 12928
71848322 57
36855621 36661117
73516738 582894
74099632 9216
74108848 5
73516738 644334
74161072 12032
74173104 5
37338049 37338044
74676093 546030
75222123 3392
75225515 36
37338049 38179746
75517795 560397
76078192 1328
76079520 19
38184098 38184101
76368199 176128
76544327 343
76544670 3
39114351 40333326
79447677 1092060
80539737 13440
80553177 16
79447677 1212270
80659947 9216
80669163 324
40590478 40590485
81180963 5631
81186594 13
41481004 40614001
82095005 632046
82727051 1616
82728667 8
41516702 41516727
83033429 36352
83069781 92
41516727 42805129
84321856 1023846
85345702 11008
85356710 61
84321856 1272284
85594140 13568
85607708 239
43006062 43006063
86012125 232694
86244819 113
86244932 1
86012125 393219
86405344 251
43465839 43006063
86471902 131027
86602929 6
86471902 294913
86766815 2325
86769140 13
43557772 43557779
87115551 309879
87425430 1473
87426903 20
44620666 44620675
89241341 174080
89415421 369
89415790 1
45194833 44620675
89815508 420471
90235979 3169
90239148 17
45429570 45429571
90859141 445047
91304188 13440
91317628 57
90859141 2099525
92958666 3984
92962650 83
45429571 47843074
93272645 420471
93693116 9024
93702140 65
93272645 445047
93717692 17409
93735101 952
93736053 6
93272645 911983
94184628 11295
94195923 20
93272645 1092060
94364705 24577
94389282 263
93272645 1386967
94659612 2945
94662557 56
47964998 47965019
95930017 1520723
97450740 38016
97488756 360
97489116 3
47965019 50777349
98742368 344726
99087094 1328
99088422 17
98742368 1190366
99932734 12672
99945406 165
98742368 2118617
100860985 55297
100916282 1696
100917978 27
98742368 2249662
100992030 7042
100999072 179
50985995 50985991
101971986 420471
102392457 753
102393210 11
50985995 51881693
102867688 420471
103288159 9984
103298143 224
102867688 560397
103428085 1822
102867688 660725
103528413 12288
103540701 184
102867688 911983
103779671 3792
103783463 4
52137632 52137633
104275265 344726
104619991 2726
104622717 18
52592673 52137633
104730306 327681
105057987 1616
105059603 10
54057816 54057827
108115643 286327
108401970 91
108115643 510585
108626228 12672
108638900 13
55292356 55292463
110584819 159744
110744563 1239
110745802 1
55735237 55891391
111626628 26751
111653379 38
111626628 139264
111765892 4480
111770372 3
56154459 56154455
112308914 1092060
113400974 1856
113402830 17
112308914 1662667
113971581 19968
113991549 276
58732281 56154459
114886740 316023
115202763 9024
115211787 122
114886740 1662667
116549407 14579
116563986 89
58794575 59279371
118073946 69632
118143578 543
118073946 969333
119043279 4992
119048271 18
118073946 1373267
119447213 7042
119454255 80
118073946 1703627
119777573 8640
119786213 32
118073946 1984835
120058781 30722
120089503 741
120090244 7
61264206 59279371
120543577 1919297
122462874 23553
122486427 216
61365725 62420731
123786456 794471
124580927 62
63390064 62957001
126347065 73728
126420793 688
126421481 18
63392257 63392241
126784498 129056
126913554 159
126784498 843621
127628119 13056
127641175 190
126784498 1190366
127974864 12032
127986896 11
64604852 63392257
127997109 30722
128027831 1440
128029271 18
127997109 656622
128653731 369
128654100 1
64662025 64662005
129324030 54272
129378302 651
129324030 1075676
130399706 3456
130403162 49
129324030 1212270
130536300 8896
130545196 17
129324030 1272284
130596314 19200
130615514 231
64662025 67460560
132122585 382191
132504776 3523
132508299 106
132122585 1002127
133124712 741
133125453 6
132122585 1438804
133561389 6784
133568173 22
132122585 1919297
134041882 34817
134076699 352
67660626 67657170
135317796 1999
67660626 67660677
135321303 491518
135812821 2372
135815193 4
135321303 709870
136031173 11777
136042950 233
135321303 742638
136063941 7631
136071572 33
135321303 1373267
136694570 8704
136703274 15
135321303 2648241
137969544 78848
138048392 848
138049240 11
67660677 71217942
138878619 582894
139461513 6784
139468297 64
138878619 1520723
140399342 29696
140429038 424
140429462 5
138878619 2648241
141526860 354935
141881795 6912
141888707 40
138878619 3573775
142452394 88064
142540458 1584
142542042 19
71554445 71217942
142772387 36352
142808739 92
142772387 122878
142895265 180
71848379 71848322
143696701 477815
144174516 8896
144183412 73
143696701 742638
144439339 3344
144442683 6
143696701 775407
144472108 15892
144488000 225
144488225 2
143696701 1662667
145359368 720
145360088 9
71848379 73516738
145365117 537838
145902955 7680
145910635 198
145910833 2
145365117 739958
146105075 2496
146107571 18
145365117 1785546
147150663 34432
147185095 277
147185372 5
74676093 75222123
149898216 23040
149921256 450
149921706 5
75517795 76078192
151595987 354935
151950922 7424
151958346 159
76544670 76544673
153089343 245760
153335103 2880
153337983 2
153089343 1239516
154328859 13824
154342683 450
154343133 4
153089343 1373267
154462610 12928
154475538 83
153089343 1520723
154610066 38016
154648082 302
154648384 1
153089343 1662667
154752010 4887
154756897 22
153089343 2249662
155339005 27648
155366653 356
76544673 79447677
155992350 45055
156037405 140
155992350 843621
156835971 22010
156857981 2
155992350 1785546
157777896 5504
157783400 91
80553177 80553193
161106370 104976
161211346 960
161212306 11
81186594 81186607
162373201 59392
162432593 534
162433127 8
162373201 656622
163029823 86
82095005 81186607
163281612 405505
163687117 4224
163691341 110
163281612 1059309
164340921 5504
164346425 90
163281612 1239516
164521128 2431
164523559 6
83033429 82728675
165762104 147457
165909561 1537
165911098 21
83069873 84321856
167391729 974695
168366424 18903
168385327 98
167391729 1236835
168628564 1440
168630004 1
84321856 85345702
169667558 510585
170178143 6528
170184671 88
86405595 86405344
172810939 13824
172824763 547
172825310 27
86766815 86602935
173369750 135223
173504973 960
173505933 36
87426923 87426903
174853826 330361
175184187 770
175184957 18
174853826 595193
175449019 13824
175462843 295
175463138 3
174853826 644334
175498160 8448
175506608 91
89241341 89415421
178656762 90624
178747386 13
89415791 89815508
179231299 112671
179343970 881
179344851 26
179231299 764381
179995680 3169
179998849 12
90859141 91304188
182163329 129056
182292385 797
182293182 17
182163329 217088
182380417 3523
182383940 73
91317685 91317628
182635313 22016
182657329 167
182657496 1
182635313 892773
183528086 15135
183543221 74
92958666 91317685
184276351 1239516
185515867 5440
185521307 52
93702205 93702140
187404345 8256
187412601 44
94662613 94662557
189325170 546030
189871200 8704
189879904 13
189325170 1190366
190515536 3523
190519059 234
95930017 94662613
190592630 1092060
191684690 4992
191689682 59
190592630 1520723
192113353 16385
192129738 37
190592630 2184121
192776751 33280
192810031 433
192810464 13
97450740 95930017
193380757 99840
193480597 720
193481317 12
193380757 215040
193595797 260
193380757 354935
193735692 5889
97489116 97489119
194978235 974695
195952930 2448
195955378 13
99945571 99945406
199890977 507928
200398905 2053
200400958 3
199890977 636142
200527119 816
200527935 8
200527119 1207
200528326 3
199890977 701678
200592655 5416
200598071 18
101971986 100999251
202971237 133696
203104933 865
203105798 13
202971237 546030
203517267 9856
203527123 80
103288159 102867688
206155847 405505
206561352 7680
206569032 156
206569188 1
105059603 105059613
210119216 196610
210315826 5760
210321586 87
210119216 2184121
212303337 39424
212342761 96
105059613 108115643
213175256 1075676
214250932 2686
214253618 3
108638913 108638900
217277813 209425
217487238 688
217487926 9
217277813 644334
217922147 1328
217923475 16
217277813 925551
218203364 19061
217277813 1386967
218664780 5889
218670669 50
217277813 1662667
218940480 6528
218947008 253
110584819 108638913
219223732 807544
220031276 4160
220035436 41
219223732 950118
220173850 3523
220177373 36
110745803 111626628
222372431 75264
222447695 816
222448511 8
222372431 595193
222967624 9984
222977608 133
112308914 113400974
225709888 1002127
226712015 2560
226714575 64
113402830 113402847
226805677 562414
227368091 1292
227369383 18
113971581 113402847
227374428 273015
227647443 1856
227649299 6
227374428 477815
227852243 547
227852790 17
113991549 113991825
227983374 1649
227985023 2
227983374 794471
228777845 10241
228788086 119
114886740 113991825
228878565 1092060
229970625 10624
229981249 132
114886740 115202763
230089503 309879
230399382 3984
230403366 71
116549407 115211909
231761316 1324125
233085441 23553
233108994 109
116564075 116563986
233128061 445047
233573108 15135
233588243 172
116564075 118073946
234638021 139264
234777285 5359
234782644 19
118143578 118144121
236287699 420471
236708170 4160
236712330 47
120090251 120543577
240633828 368639
241002467 1999
241004466 45
240633828 1515364
242149192 450
242149642 1
240633828 1752778
242386606 753
242387359 4
240633828 1919297
242553125 15055
242568180 75
240633828 2099525
242733353 7680
242741033 372
242741405 4
122486427 122486643
244973070 1272284
246245354 1153
246246507 4
123786456 122486643
246273099 245760
246518859 720
246519579 12
246273099 309879
246582978 3523
246586501 228
124580927 124580989
249161916 79872
249241788 450
249242238 9
126347065 124580989
250928054 281207
251209261 2694
251211955 26
250928054 371319
251299373 2496
251301869 10
250928054 775407
251703461 2880
251706341 12
126421481 126421499
252842980 350839
253193819 1398
253195217 12
126913713 126913554
253827267 436855
254264122 4608
254268730 9
126913713 127628119
254541832 510585
255052417 17409
255069826 3
127641175 127641365
255282540 98305
255380845 1224
255282540 264831
255547371 688
255548059 18
128029289 128653731
256683020 147457
256830477 1312
128654101 128654100
257308201 91136
257399337 641
257399978 9
128654101 129324030
257978131 685294
258663425 13056
258676481 217
258676698 3
257978131 701678
258679809 7680
258687489 70
129378302 129324030
258702332 15647
258717979 74
129378953 129378302
258757255 281207
259038462 2496
259040958 29
129378953 130399706
259778659 494199
260272858 9815
260282673 24
260272858 10880
260283738 117
259778659 644334
260422993 9024
260432017 20
130615745 130615514
261231259 5889
261237148 139
261231259 1124830
262356089 12672
262368761 12
130615745 132122585
262738330 432759
263171089 2
262738330 925551
263663881 12288
263676169 217
263676386 1
262738330 1687231
264425561 9856
264435417 56
133568195 134041882
267610077 124929
267735006 1239
267736245 6
267610077 354935
267965012 275
134076699 134077051
268153750 925551
269079301 2560
269081861 74
135317796 134077051
269394847 644334
270039181 7680
270046861 384
136071572 136071605
272143177 182272
272325449 547
272325996 17
136703289 137969544
274672833 1092060
275764893 17409
275782302 35
138049251 138049240
276098491 416375
276514866 1584
276516450 3
276098491 775407
276873898 4756
276878654 33
138878619 138049251
276927870 701678
277629548 5760
277635308 13
276927870 843621
277771491 17216
277788707 154
139461513 138878619
278340132 4160
278344292 57
139468297 139468361
278936658 832736
279769394 588
279769982 27
140399342 139468361
279867703 819045
280686748 12672
280699420 11
140429462 140429467
280858929 297591
281156520 753
281157273 12
141526860 140429467
281956327 264831
282221158 37
281956327 680055
282636382 2496
282638878 29
281956327 709870
282666197 4992
282671189 16
281956327 892773
282849100 16896
282865996 85
141526860 141881795
283408655 39167
283447822 161
141888747 142452394
284341141 139264
284480405 3169
284483574 31
142895265 142895445
285790710 33280
285823990 55
142895445 143696701
286592146 955628
287547774 4352
287552126 93
286592146 1092060
287684206 24577
287708783 254
144183412 144183485
288366897 210975
288577872 1649
288579521 22
144439339 144183485
288622824 221184
288844008 7296
288851304 113
144488227 144488225
288976452 87040
289063492 735
288976452 209425
289185877 960
289186837 26
144488227 145359368
289847595 735982
290583577 289
290583866 1
289847595 775407
290623002 4756
290627758 9
146107589 146107571
292215160 245760
292460920 12928
292473848 109
146107589 147150663
293258252 184320
293442572 641
293443213 4
147185377 147185372
294370749 350202
294720951 588
294721539 8
147185377 149898216
297083593 955628
298039221 4800
298044021 70
297083593 1984835
299068428 94209
299162637 390
299163027 6
297083593 2249662
299333255 44032
299377287 910
149921706 149921711
299843417 807544
300650961 3073
300654034 57
299843417 1272284
301115701 9216
301124917 352
149921711 151595987
301517698 26112
301543810 588
301544398 27
301517698 174080
301691778 1473
301693251 4
151958346 151958505
303916851 266871
304183722 577
304184299 2
153089343 151958505
305047848 595193
305643041 17216
305660257 12
305047848 944753
305992601 865
305993466 15
305047848 974695
306022543 25345
306047888 688
306048576 5
153337985 153337983
306675968 2177
306678145 30
306675968 507928
307183896 1122
307185018 3
306675968 775407
307451375 3169
307454544 87
155339005 154756919
310095924 445047
310540971 5760
310546731 98
155367009 155366653
310733662 382191
311115853 9687
311125540 101
155367009 155992350
311359359 188416
311547775 5696
311553471 14
156037405 156037545
312074950 533742
312608692 816
312609508 19
156835971 156037545
312873516 286327
313159843 1856
313161699 18
312873516 759022
313632538 3344
313635882 13
157783491 161106370
318889861 294913
319184774 1824
319186598 1
318889861 1471571
320361432 13440
320374872 79
318889861 1662667
320552528 4608
320557136 67
318889861 2249662
321139523 122878
321262401 413
321262814 7
318889861 2648241
321538102 58368
321596470 626
321597096 3
161212317 161212306
322424623 595193
323019816 424
323020240 3
322424623 876389
323301012 5200
323306212 63
162373201 161212317
323585518 284159
323869677 314
323869991 4
323585518 969333
324554851 2640
324557491 14
162433135 163029823
325462958 157696
325620654 93
163281612 163029909
326311521 405505
326717026 3523
326720549 136
326311521 494199
326805720 6784
326812504 93
326311521 529654
326841175 3888
326845063 64
163281612 163687117
326968729 94209
327062938 1631
326968729 184320
327153049 3073
327156122 33
163691341 163691451
327382792 163841
327546633 2560
327549193 20
327382792 215040
327597832 73
164340921 163691451
328032372 245760
328278132 7424
328285556 123
164523559 164523565
329047124 42496
329089620 243
329089863 2
165762104 164523565
330285669 316023
330601692 8640
330610332 3
165911098 165911119
331822217 132096
331954313 588
331954901 28
331822217 969333
332791550 4112
332795662 35
165911119 167391729
333302848 79872
333382720 1265
333383985 10
333302848 510585
333813433 4608
333818041 6
167391729 168366424
335758153 723574
336481727 2694
336484421 14
168630005 168630004
337260009 39936
337299945 134
169667558 168630005
338297563 1386967
339684530 4224
339688754 87
170184671 170184759
340369430 742638
341112068 2431
341114499 4
340369430 955628
341325058 949
340369430 1007462
341376892 12288
341389180 111
170184759 172810939
342995698 237568
343233266 5200
343238466 65
342995698 1231324
344227022 3523
344230545 204
342995698 1373267
344368965 12288
344381253 68
342995698 1984835
344980533 33792
345014325 320
174853826 173505969
348359795 76800
348436595 324
348359795 434175
348793970 137
348359795 1324125
349683920 10560
349694480 13
348359795 1662667
350022462 9216
350031678 1
175184187 174853826
350038013 273015
350311028 3523
350314551 132
175184975 175184957
350369932 169984
350539916 547
350540463 12
175506608 175506699
351013307 131088
351144395 491
351144886 17
351013307 210975
351224282 2752
351227034 123
351013307 510585
351523892 9024
351532916 121
351013307 1373267
352386574 1398
352387972 7
175506699 178656762
354163461 118782
354282243 912
354163461 221184
354384645 10624
354395269 134
354163461 1785546
355949007 12108
355961115 2
355949007 61440
356010447 1696
356012143 30
179231299 178747399
357978698 262656
358241354 1416
358242770 5
179231299 179343970
358575269 108544
358683813 720
358684533 10
179344851 179344877
358689728 379511
359069239 626
359069865 4
358689728 442367
359132095 408
359132503 2
179344877 179995680
359340557 55297
359395854 1920
359397774 25
179998849 179998861
359997710 4224
360001934 105
359997710 55297
360053007 1584
360054591 14
182163329 179998861
362162190 309879
362472069 1856
362473925 18
362162190 562414
362724604 8256
362732860 61
362162190 759022
362921212 2372
362923584 1
362162190 944753
363106943 4608
363111551 92
362162190 2099525
364261715 13824
364275539 149
364275688 3
183543295 184276351
367819646 245760
368065406 12288
368077694 351
185515867 184276351
369792218 477815
370270033 5504
370275537 34
369792218 636142
370428360 2945
370431305 12
185521307 185521359
371042666 582894
371625560 254
371625814 1
371042666 966502
372009168 1091
372010259 16
371042666 974695
372017361 3169
372020530 45
187404345 185521359
372925704 96287
373021991 1328
373023319 20
372925704 104976
373030680 481
187412645 187412601
374825246 316023
375141269 7232
375148501 2
374825246 1023846
375849092 3360
375852452 17
189325170 187412645
376737815 619758
377357573 1920
376737815 2383409
379121224 21248
379142472 125
191689741 192113353
383803094 316023
384119117 816
384119933 10
192776751 192129775
384906526 262656
385169182 25
384906526 395904
385302430 3391
192810477 192810464
385620941 494199
386115140 4224
386119364 125
193480597 193380757
386861354 94209
386955563 1091
386956654 9
193596057 193595797
387191854 36864
387228718 848
387229566 5
193741581 193735692
387477273 5120
387482393 44
387477273 286327
387763600 5504
387769104 109
193741581 194978235
388719816 1236835
389956651 816
389957467 6
195955391 195955378
391910769 1651781
393562550 8320
393570870 113
195955391 199890977
395846368 1471571
397317939 1440
397319379 28
395846368 3508235
399354603 52224
399406827 360
399407187 6
395846368 3573775
399420143 237568
399657711 5889
399663600 131
200398905 199890977
400289882 395904
400685786 588
400686374 15
200598089 200598071
401196160 445047
401641207 12672
401653879 122
401196160 510585
401706745 4800
401711545 40
401196160 619758
401815918 4544
401820462 59
401196160 759022
401955182 1920
401957102 49
401196160 892773
402088933 13824
402102757 576
401196160 1149404
402345564 4992
402350556 39
202971237 200598089
403569326 395904
403965230 1728
403966958 51
403569326 2118617
405687943 10480
405698423 22
405687943 46080
405734023 24
203105811 203105798
406211609 82688
406294297 3523
406297820 49
203527123 203527203
407054326 133696
407188022 960
407188982 33
407054326 188416
407242742 2448
407245190 27
407054326 2249662
409303988 94209
409398197 72
206155847 203527203
409683050 494199
410177249 2325
410179574 19
409683050 819045
410502095 11777
410513872 131
409683050 1984835
411667885 67584
411735469 1398
411736867 12
206569188 206569189
413138377 1324125
414462502 24080
414486582 1
413138377 1393747
414532124 8896
414541020 115
206569189 210119216
416688405 221184
416909589 547
416910136 3
416909589 7680
416917269 190
416688405 510585
417198990 7680
417206670 433
416688405 1370549
418058954 372
418059326 3
210321673 212303337
422625010 297591
422922601 2081
422924682 19
422625010 1785546
424410556 39936
424450492 127
212342857 213175256
425518113 701678
426219791 1376
426221167 6
425518113 1520723
427038836 8320
427047156 117
213175256 214250932
427426188 188416
427614604 5416
427620020 7
427426188 962406
428388594 1239
428389833 4
214253621 214253618
428507239 1373267
429880506 1091
429881597 20
428507239 2249662
430756901 55297
430812198 1200
430813398 5
428507239 2383409
430890648 47105
430937753 74
217277813 214253621
431531434 50688
431582122 741
431582863 4
431531434 537838
432069272 5504
432074776 3
431531434 735982
432267416 83
431531434 1190366
432721800 816
432722616 19
431531434 1212270
432743704 15647
432759351 229
432759580 1
431531434 2648241
434179675 94209
434273884 1224
434275108 7
217922147 217487935
435410082 284159
435694241 1136
435695377 8
435410082 368639
435778721 2560
435781281 24
217923475 217923491
435846966 163841
436010807 4928
436015735 16
218203364 217923491
436126855 245760
436372615 2384
436374999 30
218203364 218222425
436425789 112671
436538460 2304
436540764 5
218664780 218222425
436887205 196610
437083815 6240
437090055 32
218670719 218940480
437611199 147457
437758656 3264
437761920 69
218947008 218947261
437894269 82688
437976957 840
437977797 6
219223732 220031276
439255008 660725
439915733 3523
439919256 15
220177409 220177373
440354782 1149404
441504186 2752
441506938 101
220177409 222372431
442549840 1785546
444335386 54272
444389658 205
222977608 222977741
445955349 245760
446201109 9216
446210325 111
446210436 1
445955349 660725
446616074 13056
446629130 1
445955349 2249662
448205011 46080
448251091 641
448251732 1
225709888 222977741
448687629 87040
448774669 32
448687629 245760
448933389 11777
448945166 7
448687629 742638
449430267 450
225709888 226712015
452421903 209425
452631328 960
452632288 59
226805677 226714639
453520316 281207
453801523 865
453802388 15
227649299 227649305
455298604 29696
455328300 167
455328467 2
227985023 227985025
455970048 15647
455985695 126
228878565 228788205
457666770 723574
458390344 4352
458394696 111
457666770 1059309
458726079 5889
458731968 155
229970625 228878565
458849190 925551
459774741 11520
459786261 111
459786372 1
230089503 230399382
460488885 273015
460761900 3360
460765260 5
230403366 230403437
460806803 110592
460917395 349
460917744 1
231761316 230403437
462164753 2249662
464414415 104976
464519391 480
462164753 2648241
464812994 25345
464838339 4
233085441 231761316
464846757 395904
465242661 2372
465245033 8
464846757 764381
465611138 8448
465619586 67
464846757 1124830
465971587 10241
465981828 185
233109103 233128061
466237164 221184
466458348 1987
466460335 2
466237164 402039
466639203 1473
466640676 49
234782644 234782663
469565307 18432
469583739 352
469565307 507928
470073235 2496
470075731 30
236287699 234782663
471070362 122878
471193240 83
471070362 723574
471793936 10241
471804177 156
471070362 1059309
472129671 4160
472133831 14
236712377 236712330
473424707 876389
474301096 10480
474311576 77
473424707 1459436
474884143 4160
474888303 16
473424707 1861953
475286660 2112
475288772 41
473424707 3177879
476602586 157696
476760282 1328
476761610 7
473424707 3573775
476998482 284159
477282641 6
240633828 236712377
477346205 309879
477656084 2352
477658436 3
241004466 241004511
482008977 445047
482454024 7296
482461320 77
242741409 242741405
485482814 685294
486168108 13824
486181932 229
485482814 1124830
486607644 23553
486631197 26
485482814 1984835
487467649 23040
487490689 491
487491180 5
244973070 242741409
487714479 1520723
489235202 40960
489276162 881
489277043 2
487714479 1984835
489699314 82688
489782002 3073
489785075 50
246245354 244973070
491218424 477815
491696239 10241
491706480 191
246586501 246586729
493173230 182272
493355502 1883
493357385 6
493173230 533742
493706972 2177
493709149 48
246586729 249161916
495748645 764381
496513026 2177
496515203 56
495748645 807544
496556189 7680
496563869 243
496564112 1
495748645 911983
496660628 8320
496668948 39
495748645 1324125
497072770 19968
497092738 137
249242247 249242238
498484485 680055
499164540 4352
499168892 19
249242247 250928054
500170301 147457
500317758 2559
500170301 974695
501144996 13311
501158307 36
251301869 251301879
502603748 133696
502737444 221
502603748 354935
502958683 9216
502967899 96
251706353 251706341
503412694 10624
503423318 89
252842980 253193819
506036799 188416
506225215 5504
506230719 76
506036799 281207
506318006 1027
506319033 8
254268739 254268730
508537469 98305
508635774 233
254541832 254268739
508810571 510585
509321156 1239
508810571 582894
509393465 3523
509396988 139
255282540 255380845
510663385 52752
510716137 329
510716466 1
255382069 255547371
510929440 139264
511068704 5359
511074063 44
255548059 255548077
511096136 139264
511235400 3792
511239192 21
256683020 255548077
512231097 376831
512607928 792
512608720 1
256831789 257308201
514139990 510585
514650575 15135
514665710 99
257399987 257399978
514799965 131088
514931053 960
514799965 350839
515150804 488
515151292 1
257399987 257978131
515378118 402039
515780157 1122
515781279 4
258663425 257978131
516641556 546030
517187586 10241
517197827 66
259778659 259040987
518819646 887414
519707060 2752
519709812 91
518819646 974695
519794341 18432
519812773 18
518819646 1040232
519859878 17409
519877287 848
259778659 260272858
520051517 163841
520215358 4159
260283855 260283738
520567593 108544
520676137 1027
520677164 1
261231259 260432037
521663296 153600
521816896 2384
521819280 41
261237287 261237148
522474435 819045
523293480 8320
523301800 21
261237287 262356089
523593376 537838
524131214 3456
524134670 17
523593376 1040232
524633608 2683
524636291 2
263663881 263171091
526834972 445047
527280019 19200
527299219 356
264435473 264435417
528870890 1703627
530574517 30722
530605239 714
530605953 4
528870890 2249662
531120552 104976
531225528 1136
531226664 3
267610077 264435473
532045550 336503
532382053 6240
532388293 14
532045550 1785546
533831096 35840
533866936 141
532045550 3044125
535089675 25345
535115020 626
535115646 1
267736251 267965012
535701263 210975
535912238 1416
535913654 1
267965287 267965012
535930299 94209
536024508 1440
536025948 13
269079301 268153750
537233051 3523
537236574 123
537233051 237568
537470619 1040
537471659 10
269081935 269394847
538476782 21760
538498542 172
538498714 1
270039181 269394847
539434028 98305
539532333 865
539533198 15
539434028 182272
539616300 1440
539617740 17
270046861 270047245
540094106 19200
540113306 547
540094106 962406
541056512 2112
541058624 57
540094106 1861953
541956059 38016
541994075 225
541994300 1
272143177 270047245
542190422 477815
542668237 1473
542669710 59
542190422 1272284
543462706 14818
543477524 47
272326013 272325996
544652009 120833
544772842 1265
544774107 4
272326013 274672833
546998846 76800
547075646 251
546998846 196610
547195456 11520
547206976 217
275764893 274672833
550437726 118289
550556015 390
550556405 2
275782337 275782302
551564639 270391
551835030 1473
551836503 24
275782337 276098491
551880828 262168
552142996 13
551880828 475130
552355958 353
276098491 276514866
552613357 297591
552910948 1999
552912947 26
276516450 276516453
553032903 188416
553221319 5664
276927870 276878687
553806557 75264
553881821 928
553882749 2
278344292 278344349
556688641 25345
556713986 71
556688641 188416
556877057 390
556877447 10
278936658 278344349
557281007 284159
557565166 1416
557566582 3
278936658 279769394
558706052 169984
558876036 2384
558878420 5
279867703 279770009
559637712 22016
559659728 960
559660688 43
280699420 280699431
561398851 34817
561433668 465
561434133 2
280858929 280699431
561558360 157696
561716056 588
561716644 19
281157273 281157285
562314558 66560
562381118 510
562381628 1
281956327 281157285
563113612 297591
563411203 8704
563419907 103
563420010 1
563113612 775407
563889019 5416
563894435 6
563113612 843621
563957233 18816
563976049 22
282221158 281956327
564177485 245760
564423245 3839
564427084 41
282866081 283408655
566274736 67584
566342320 530
566342850 3
284483574 284483605
568967179 50688
569017867 192
285823990 285790710
571614700 7424
571622124 149
571622273 2
285823990 285824045
571648035 764381
572412416 2880
572415296 49
286592146 285824045
572416191 159744
572575935 2496
572578431 56
572416191 546030
572962221 12288
572974509 70
287708783 287709037
575417820 405505
575823325 9216
575832541 264
575417820 644334
576062154 10624
576072778 11
287709037 288366897
576075934 759022
576834956 1473
576836429 26
289186863 289186837
578373700 656622
579030322 343
289847595 289186863
579034458 764381
579798839 4992
579803831 22
289847595 290583577
580431172 270391
580701563 1728
580703291 28
580431172 529654
580960826 1728
580962554 13
290627758 290627767
581255525 1239516
582495041 7296
582502337 92
292215160 290627767
582842927 794471
583637398 544
583637942 1
582842927 1471571
584314498 5760
584320258 95
582842927 1638090
584481017 3792
584484809 32
294370749 293443217
587813966 108544
587922510 73
587813966 632046
588446012 1616
588447628 1
294721539 294721547
589443086 974695
590417781 1040
590418821 8
589443086 1272284
590715370 35840
590751210 167
589443086 2184121
591627207 63519
591690726 1280
591692006 1
294721547 297083593
591805140 196610
592001750 2945
592004695 56
298039221 297083593
595122814 735982
595858796 372
595859168 9
298044091 298044021
596088112 494199
596582311 2880
596585191 62
596088112 925551
597013663 13568
597027231 110
299378197 299377287
598755484 270391
599025875 2177
599028052 71
598755484 344726
599100210 1999
599102209 44
299843417 300650961
600494378 510585
601004963 18903
601023866 55
300654034 300654091
601308125 245760
601553885 1616
601555501 14
301115701 300654091
601769792 336503
602106295 2686
602108981 4
301693251 301693255
603386506 152576
603539082 960
603540042 41
603386506 955628
604342134 5120
604347254 77
603386506 1272284
604658790 38400
604697190 115
603386506 1393747
604780253 484
603386506 1638090
605024596 5889
605030485 138
603386506 1984835
605371341 61440
605432781 241
605433022 1
301693255 303916851
605610106 1984835
607594941 104449
607699390 372
607699762 3
304184299 304184301
608368600 510585
608879185 1473
608880658 35
305660257 305643041
611303298 9687
611312985 72
306675968 306048581
612724549 69632
612794181 258
612724549 445047
613169596 12288
613181884 73
307454631 307454544
614909175 925551
615834726 10624
615845350 211
614909175 1984835
616894010 65540
616959550 25
614909175 2383409
617292584 131088
617423672 626
617424298 3
310095924 307454631
617550555 286327
617836882 390
617837272 3
617550555 1752778
619303333 24577
619327910 320
619328230 1
617550555 2648241
620198796 122878
620321674 67
311547775 311359359
622907134 153600
623060734 2177
623062911 18
311553485 312074950
623628435 759022
624387457 4352
624391809 10
312608692 312074950
624683642 354935
625038577 9216
625047793 14
312609527 312609508
625219035 174080
625393115 1088
625394203 2
313161717 313161699
626323416 382191
626705607 343
626705950 1
313635882 313635895
627271777 58368
627330145 180
627271777 819045
628090822 5359
628096181 36
627271777 1239516
628511293 3169
628514462 41
627271777 2184121
629455898 57856
629513754 85
627271777 3573775
630845552 196610
631042162 4224
631046386 29
630845552 709870
631555422 3523
631558945 103
631559048 1
630845552 876389
631721941 3760
631725701 24
313635895 318889861
632525756 974695
633500451 12016
633512467 14
632525756 1687231
634212987 360
634213347 2
632525756 3573775
636099531 644334
636743865 7296
636751161 98
636099531 1471571
637571102 27648
637598750 407
319186599 319186598
638373197 354935
638728132 463
638373197 775407
639148604 5760
639154364 11
319186599 320361432
639548031 955628
640503659 3456
640507115 28
320552528 320557136
641109664 1999
641111663 2
321139523 320557203
641696726 344726
642041452 3523
642044975 14
641696726 658040
642354766 465
642355231 2
321597099 321597096
643194195 562414
643756609 3523
643760132 213
321597099 322424623
644021722 1007462
645029184 9687
645038871 20
323020243 323020240
646040483 221184
646261667 8320
646269987 16
323869991 323869995
647739986 24080
647764066 156
647764222 1
324557505 324557491
649114996 507928
649622924 265
649623189 2
324557505 325462958
650020463 775407
650795870 7680
650803550 424
650803974 5
325620747 325620654
651241401 477815
651719216 1239
651720455 6
325620747 326311521
651932268 494199
652426467 3972
652430439 6
326717026 326311521
653028547 147457
653176004 2945
653178949 28
653028547 297591
653326138 9216
653335354 95
326805720 326720685
653526405 43264
653569669 272
653569941 2
328032372 328278132
656310504 88064
656398568 1537
328285679 329047124
657332803 16640
657349443 14
657332803 709870
658042673 8832
658051505 4
657332803 764381
658097184 9984
658107168 13
329047124 329089620
658136744 23553
658160297 190
329089865 329089863
658179728 537838
658717566 4112
658721678 15
329089865 330285669
659375534 188416
659563950 7296
659571246 61
659375534 709870
660085404 1728
660087132 5
659375534 794471
660170005 12928
660182933 34
659375534 1471571
660847105 26112
660873217 70
330285669 330601692
660887361 245760
661133121 6336
661139457 44
331822217 330610335
662432552 709870
663142422 10624
663153046 1
331954901 331954929
663909830 163841
664073671 2880
664076551 32
332795697 333302848
666098545 546030
666644575 2752
666647327 48
333383995 333383985
666767980 40960
666808940 534
666809474 1
666767980 376831
667144811 2448
667147259 44
333818047 333818041
667636088 266871
667902959 90
335758153 333818047
669576200 11520
669587720 129
669576200 1124830
670701030 24080
670725110 45
669576200 1785546
671361746 20480
671382226 271
669576200 2383409
671959609 15135
671974744 13
335758153 336481727
672239880 350839
672590719 797
672591516 13
339684530 338297563
677982093 1272284
679254377 462
339688754 339688841
679377595 382191
679759786 1393
679761179 2
341389291 341389180
682778471 221184
682999655 6464
683006119 32
341389291 342995698
684384989 75264
684460253 960
684461213 6
684384989 1173980
685558969 6784
685565753 70
342995698 343233266
686228964 144895
686373859 356
343238531 344227022
687465553 405505
687871058 5889
687876947 240
687465553 660725
688126278 1172
688127450 5
344980533 344381321
689361854 217088
689578942 3888
689582830 49
345014645 345014325
690028970 819045
690848015 3073
690851088 27
690028970 1092060
691121030 15892
691136922 320
691137242 1
690028970 2648241
692677211 66560
692743771 960
692744731 50
345014645 348359795
693374440 87040
693461480 577
693462057 2
693374440 2648241
696022681 139264
696161945 4992
696166937 120
696022681 184320
696207001 3523
696210524 49
693374440 3177879
696552319 139264
696691583 4800
696696383 66
350314683 350369932
700684615 196610
700881225 9216
700890441 225
700890666 1
350540463 350540475
701080938 233472
701314410 1239
701080938 405505
701486443 7296
701493739 102
351013307 350540475
701553782 188416
701742198 4992
701747190 121
351144886 351144903
702289789 5200
702294989 24
351523892 351227157
702751049 196610
702947659 6144
702953803 38
351533037 351532916
703065953 115969
703181922 331
703065953 644334
703710287 5359
703715646 29
352387972 352387979
704775951 1588950
706364901 28403
706393304 29
354163461 352387979
706551440 562414
707113854 516
707114370 1
706551440 843621
707395061 23553
707418614 180
707418794 1
706551440 950118
707501558 3888
707505446 81
354395403 354395269
708790672 278527
709069199 1027
709070226 7
356012173 356012143
712024316 273015
712297331 3888
712301219 60
712024316 1703627
713727943 15892
713743835 360
357978698 356012173
713990871 273015
714263886 4887
714268773 14
713990871 843621
714834492 13824
714848316 175
713990871 1393747
715384618 27136
715411754 233
713990871 1588950
715579821 6336
715586157 46
713990871 1861953
715852824 27136
715879960 159
713990871 2184121
716174992 19200
716194192 171
358242775 358575269
716818044 262656
717080700 1068
717081768 15
359340557 359132505
718473062 196610
718669672 3523
718673195 10
360054591 360054605
720109196 16287
720125483 28
720109196 742638
720851834 9687
720861521 90
720109196 764381
720873577 7680
720881257 198
720881455 2
720109196 1173980
721283176 7296
721290472 89
720109196 1984835
722094031 92160
722186191 1920
722188111 32
360054605 362162190
722216795 1840
722218635 2
722216795 1785546
724002341 30446
724032787 240
362473943 362724604
725198547 184320
725382867 2112
725384979 20
362732860 362732921
725465781 92160
725557941 124
363111643 363111551
726223194 101376
726324570 1920
726326490 61
726223194 723574
726946768 3011
726949779 28
364261715 363111643
727373358 595193
727968551 1999
727970550 27
727373358 742638
728115996 2746
728118742 3
364275691 364275688
728551379 124929
728676308 912
728677220 13
728551379 1059309
729610688 5664
729616352 27
728551379 1752778
730304157 13568
730317725 136
728551379 1976822
730528201 3169
730531370 75
728551379 2648241
731199620 152576
731352196 865
731353061 14
367819646 364275691
732095337 619758
732715095 5696
732720791 50
732095337 1190366
733285703 2560
733288263 64
732095337 1324125
733419462 42984
733462446 17
732095337 1785546
733880883 52224
733933107 384
732095337 2249662
734344999 65540
734410539 122
732095337 2648241
734743578 297591
735041169 6912
735048081 54
732095337 3177879
735273216 232694
735505910 236
735506146 1
368077694 368078045
736155739 685294
736841033 5440
736846473 18
736155739 1059309
737215048 3264
737218312 59
736155739 1373267
737529006 9216
737538222 83
369792218 368078045
737870263 944753
738815016 928
738815944 3
737870263 974695
738844958 16640
738861598 185
737870263 1272284
739142547 5760
739148307 54
369792218 370270033
740062251 123905
740186156 912
740187068 1
740062251 196610
740258861 8212
740267073 4
371042666 370431317
741473983 188416
741662399 7680
741670079 28
371042666 371625560
742668226 309879
742978105 2448
742980553 26
372009168 371625815
743634983 29184
743664167 339
743664506 3
743634983 196610
743831593 4756
743836349 30
372020575 372925704
744946279 1040
744947319 2
744946279 118289
745064568 254
745064822 1
373031161 373030680
746061841 723574
746785415 8640
746794055 48
373031161 374825246
747856407 832736
748689143 225
748689368 1
747856407 1984835
749841242 42984
749884226 69
375852469 376737815
752590284 835429
753425713 2448
753428161 34
752590284 876389
753466673 234
752590284 1059309
753649593 13440
753663033 78
377359493 377357573
754717066 1393747
756110813 5889
756116702 71
379142472 379142597
758285069 245760
758530829 5889
758536718 91
758285069 759022
759044091 2112
759046203 10
758285069 1752778
760037847 18816
760056663 54
758285069 3573775
761858844 107520
761966364 369
379142597 383803094
762945691 99840
763045531 260
763045791 2
762945691 843621
763789312 4352
763793664 53
762945691 1092060
764037751 12108
764049859 166
762945691 1239516
764185207 4608
764189815 2
762945691 3573775
766519466 159744
766679210 3169
766682379 36
766519466 581240
767100706 881
767101587 18
384119117 383803094
767922211 28403
767950614 360
767950974 3
384119943 384119933
768239876 245760
768485636 6240
768491876 57
768239876 316023
768555899 1632
768557531 6
768239876 469623
768709499 4800
768714299 78
768239876 494199
768734075 12288
768746363 240
385169207 385169182
770338389 20480
770358869 450
385302430 385169207
770471637 21760
770493397 134
385305821 385620941
770926762 436855
771363617 3456
771367073 20
386119489 386119364
772238853 215040
772453893 928
772454821 20
772238853 510585
772749438 7680
772757118 205
772757323 2
387229571 387229566
774459137 34432
774493569 2
387769104 387769213
775538317 245760
775784077 14579
775798656 15
775538317 395904
775934221 1824
775936045 12
387769213 388719816
776489029 307198
776796227 2112
776798339 12
776489029 494199
776983228 8832
776992060 5
776489029 636142
777125171 6912
777132083 74
776489029 1040232
777529261 2560
777531821 70
776489029 1272284
777761313 30722
777792035 770
777792805 10
776489029 1520723
778009752 13056
778022808 145
389956651 388719816
778676467 974695
779651162 372
779651534 3
389957473 389957467
779914940 1919297
781834237 7680
781841917 450
781842367 2
391910769 389957473
781868242 2184121
784052363 40960
784093323 626
784093949 2
781868242 2383409
784251651 71168
784322819 289
784323108 3
781868242 2648241
784516483 57600
784574083 136
784516483 371319
784887802 113
781868242 3573775
785442017 4608
785446625 74
393562550 391910769
785473319 1393747
786867066 13311
786880377 92
393570983 393570870
787141853 445047
787586900 6432
787593332 3
787141853 644334
787786187 5359
787791546 5
395846368 393570983
789417351 297591
789714942 4756
789719698 33
789417351 2648241
792065592 87040
792152632 180
792152812 1
395846368 397317939
793164307 537838
793702145 7680
793709825 302
397319379 397319407
794638786 152576
794791362 534
794791896 5
794638786 477815
795116601 8704
795125305 103
795125408 1
794638786 775407
795414193 13824
795428017 424
794638786 1687231
796326017 7680
796333697 134
399354603 397319407
796674010 184320
796858330 2560
796860890 61
796674010 336503
797010513 3264
797013777 68
796674010 1471571
798145581 32770
798178351 64
400686374 400686389
801372763 120833
801493596 547
801494143 10
801372763 344726
801717489 484
401196160 400686389
801882549 644334
802526883 9687
802536570 77
401196160 401641207
802837367 278527
803115894 2177
803118071 8
401653879 401654001
803307880 18903
803326783 98
401957102 401957151
803914253 119809
804034062 243
804034305 2
803914253 120833
804035086 369
804035455 2
402102757 402103333
804206090 210975
804417065 1349
804418414 1
402350595 402350556
804701151 157696
804858847 413
804859260 3
804701151 188416
804889567 2880
804892447 42
804701151 210975
804912126 2752
804914878 85
402350595 403569326
805919921 950118
806870039 3984
806874023 4
403967009 403966958
807933967 1264092
809198059 1856
809199915 10
403967009 405687943
809654952 436855
810091807 3523
810095330 215
809654952 1040232
810695184 7424
810702608 75
405734047 406211609
811945656 316023
812261679 491
812262170 9
406297869 406297820
812595689 237568
812833257 5889
812839146 113
812595689 491518
813087207 1728
813088935 30
407245217 409303988
816549205 1092060
817641265 18903
817660168 73
816549205 1703627
818252832 40960
818293792 619
818294411 2
816549205 1984835
818534040 7424
818541464 105
409398269 409398197
818796466 245760
819042226 1224
819043450 1
409398269 409683050
819081319 15647
819096966 23
819081319 336503
819417822 3073
819420895 20
410513872 410514003
821027875 1124830
822152705 2112
822154817 44
411736867 411736879
823473746 1212270
824686016 15892
824701908 146
824702054 1
411736879 413138377
824875256 974695
825849951 523
825850474 1
824875256 1861953
826737209 7680
826744889 460
824875256 2383409
827258665 94209
827352874 433
827353307 6
413138377 414462502
827600879 309879
827910758 4887
827915645 38
414541135 414541020
829082155 595193
829677348 11392
829688740 1
829082155 660725
829742880 15519
829758399 96
416688405 414541135
831229540 14720
831244260 41
831229540 307198
831536738 2448
831539186 19
831229540 1438804
832668344 2945
832671289 46
416917459 416917269
833834728 7
418059329 418059326
836118655 529654
836648309 3264
836651573 6
836118655 843621
836962276 16640
836978916 172
836979088 1
418059329 422625010
840684339 2383409
843067748 90880
843158628 77
840684339 2648241
843332580 120833
843453413 720
843454133 2
843332580 176128
843508708 1172
843509880 25
843332580 188416
843520996 1537
843522533 4
840684339 3044125
843728464 59392
843787856 1224
843789080 3
840684339 3573775
844258114 112671
844370785 2053
844372838 1
844258114 133696
844391810 652
844392462 7
844258114 807544
845065658 10241
845075899 234
425518113 424450619
849968732 10880
849979612 1
426219791 425518113
851737904 582894
852320798 2752
852323550 1
426221173 426221167
852442340 350839
852793179 2665
852795844 7
852442340 685294
853127634 11520
853139154 69
427620027 427620020
855240047 139264
855379311 588
855379899 14
855379311 1473
855380784 1
855240047 221184
855461231 7283
855468514 3
428388594 427620027
856008621 735982
856744603 1649
856746252 27
429880506 428507239
858387745 40960
858428705 881
858429586 5
858387745 1092060
859479805 3519
859483324 1
429881597 429881617
859763214 88064
859851278 127
859763214 735982
860499196 2112
860501308 5
430756901 429881617
860638518 30722
860669240 67
860638518 576781
861215299 688
861215987 12
430890648 430813403
861704051 75259
861779310 1
430937753 430937827
861875580 405505
862281085 1207
862282292 1
431531434 430937827
862469261 562414
863031675 4352
863036027 42
432069272 431582867
863652139 309879
863962018 4224
863966242 89
434179675 432759581
866939256 286327
867225583 2694
867228277 6
435410082 434275115
869685197 120833
869806030 360
869806390 3
869685197 382191
870067388 1027
870068415 8
869685197 974695
870659892 16512
870676404 19
869685197 1002127
870687324 3
436010807 435846966
871857773 133696
871991469 372
871991841 10
437090087 437090055
874180142 475130
874655272 2496
874657768 41
437090087 437611199
874701286 208896
874910182 465
874910647 4
874701286 245760
874947046 10480
874957526 25
874701286 595193
875296479 3392
875299871 4
437977803 437977797
875955600 1023846
876979446 6784
876986230 39
437977803 439255008
877232811 510585
877743396 9856
877753252 39
877232811 562414
877795225 9687
877804912 73
877232811 1520723
878753534 50688
878804222 277
878804499 2
877232811 1919297
879152108 8704
879160812 87
439915733 439255008
879170741 232694
879403435 384
440354782 439919271
880274053 30722
880304775 1224
441504186 440354782
881858968 871030
882729998 431
441506938 441507039
883013977 546030
883560007 10624
883570631 113
883570744 1
441507039 442549840
884056879 15055
884071934 77
884056879 576781
884633660 1328
884634988 15
884056879 1023846
885080725 12928
885093653 54
884056879 1984835
886041714 38400
886080114 73
886041714 81921
886123635 217
886123852 1
884056879 2184121
886241000 39167
886280167 103
886280270 1
442549840 444335386
886885226 221184
887106410 7232
887113642 29
445955349 444389863
890345212 10624
890355836 205
446629131 446629130
893258261 278527
893536788 1877
893258261 632046
893890307 1883
893892190 35
893258261 1520723
894778984 8320
894787304 1
448687629 448774669
897462298 66560
897528858 277
897529135 2
449430267 448945173
898375440 477815
898853255 6336
898859591 24
449430267 449430717
898860984 742638
899603622 10480
899614102 13
898860984 2383409
901244393 124929
901369322 1440
901370762 21
898860984 2580015
901440999 21248
901462247 146
449430717 452421903
901852620 120833
901973453 1349
901974802 1
901852620 294913
902147533 2177
902149710 103
901852620 2544565
904397185 30446
904427631 98
452632347 452632288
905264635 494199
905758834 6432
905765266 15
452632347 453520316
906152663 163841
906316504 960
906317464 9
906152663 701678
906854341 4800
906859141 24
453802388 453802403
907604791 178207
907782998 241
907604791 709870
908314661 80
453802403 455298604
909101007 1438804
910539811 7424
910547235 74
455328469 455328467
910656936 297591
910954527 3760
910958287 20
910656936 510585
911167521 18432
911185953 141
911186094 1
455985695 455985821
911971516 1386967
913358483 2112
913360595 14
911971516 1520723
913492239 21248
913513487 130
458390344 457666770
916057114 445047
916502161 13824
916515985 177
916516162 1
459774741 458849190
918623931 742638
919366569 6784
919373353 82
460917744 460917745
921835489 217088
922052577 3792
922056369 6
921835489 835429
922670918 3011
922673929 42
460917745 462164753
923082498 680055
923762553 5120
923767673 52
923082498 2118617
925201115 47105
925248220 682
925248902 1
923082498 2249662
925332160 19968
925352128 359
923082498 2383409
925465907 104976
925570883 588
925571471 10
925465907 153600
925619507 720
925620227 2
464414415 462164753
926579168 1393747
927972915 12108
927985023 8
465611138 465245041
930856179 309879
931166058 770
931166828 17
465619653 465971587
931591240 135223
931726463 660
931727123 4
466237164 465982013
932219177 147457
932366634 2752
932369386 85
466640725 466640676
933281401 1239516
934520917 22016
934542933 254
933281401 1393747
934675148 2945
934678093 34
933281401 1984835
935266236 25345
935291581 624
933281401 2249662
935531063 67584
935598647 1068
935599715 12
935531063 110592
935641655 520
933281401 2580015
935861416 34432
935895848 81
469565307 466640725
936206032 273015
936479047 3169
936482216 11
936206032 350839
936556871 577
936557448 3
936206032 1264092
937470124 1153
936206032 1438804
937644836 18903
937663739 126
936206032 1459436
937665468 1856
937667324 1
936206032 2118617
938324649 61440
938386089 626
938386715 2
936206032 2580015
938786047 18432
938804479 272
471070362 470075761
941146123 273015
941419138 881
941420019 10
941146123 1023846
942169969 15892
942185861 176
471793936 471193323
942987259 44032
943031291 960
942987259 416375
943403634 1473
471804177 471804333
943608510 14818
943623328 19
472133831 472133845
944267676 1149404
945417080 3792
945420872 39
473424707 472133845
945558552 701678
946260230 4544
946264774 51
945558552 925551
946484103 7232
946491335 24
945558552 2099525
947658077 3264
947661341 14
474311576 474311653
948623229 297591
948920820 1473
948922293 60
474888319 475286660
950174979 153600
950328579 960
950329539 22
950174979 382191
950557170 5889
950563059 208
475288813 475288772
950577585 7232
950584817 14
950577585 108544
950686129 816
950686945 14
475288813 476602586
951891399 30722
951922121 1248
951923369 4
951891399 94209
951985608 1224
951986832 5
951891399 510585
952401984 1473
952403457 2
476760282 476602586
953362868 9856
953372724 119
476761610 476761617
953523227 233472
953756699 1352
953758051 12
477282647 477346205
954628852 96287
954725139 547
954725686 3
477656084 477658436
955314520 1696
955316216 11
477658436 477658439
955316875 245760
955562635 3264
955565899 72
955316875 510585
955827460 4224
955831684 73
955316875 2648241
957965116 22016
957987132 624
957987756 1
955316875 3573775
958890650 245760
959136410 7296
959143706 121
477658439 482008977
959667416 196610
959864026 1649
959865675 20
959667416 284159
959951575 1376
959952951 10
959667416 1780187
961447603 3523
961451126 167
959667416 3177879
962845295 12288
962857583 102
959667416 3573775
963241191 268919
963510110 1068
963511178 11
482461320 482461397
964922717 469623
965392340 185
965392525 2
964922717 1040232
965962949 8704
965971653 116
964922717 1075676
965998393 13056
966011449 8
964922717 1471571
966394288 20480
966414768 7
964922717 2118617
967041334 21248
967062582 390
967062972 9
964922717 2383409
967306126 131088
967437214 73
485482814 482461397
967944211 1520723
969464934 59392
969524326 1091
969525417 8
967944211 2648241
970592452 286327
970878779 5760
970884539 56
967944211 3044125
970988336 20480
971008816 125
967944211 3508235
971452446 4224
971456670 13
486182161 486181932
972364093 245760
972609853 2177
972612030 75
972609853 14818
972624671 30
486631197 486631223
973262420 537838
973800258 2945
973803203 40
973262420 562414
973824834 2112
973826946 55
487491185 487714479
975205664 1588950
976794614 12032
976806646 13
489235202 487714479
976949681 196610
977146291 588
976949681 925551
977875232 17409
977892641 328
489785075 489785125
979570200 61440
979631640 1248
979632888 11
979570200 1007462
980577662 11392
980589054 9
489785125 491218424
981003549 1007462
982011011 9856
982020867 117
982020984 1
981003549 1638090
982641639 360
982641999 4
981003549 1851098
982854647 9216
982863863 247
982864110 1
491706671 491706480
983413151 595193
984008344 10624
984018968 163
983413151 775407
984188558 710
984189268 3
983413151 1239516
984652667 164
983413151 1393747
984806898 38016
984844914 372
984845286 5
493173230 491706671
984879901 775407
985655308 10624
985665932 63
493357385 493357391
986714776 214016
986928792 295
986929087 4
493709197 493709149
987418346 1703627
989121973 21248
989143221 288
493709197 495748645
989457842 20480
989478322 584
989478906 3
989457842 925551
990383393 17409
990400802 588
990401390 23
989457842 1919297
991377139 16640
991393779 229
991394008 1
989457842 2249662
991707504 92160
991799664 840
991800504 5
496513026 495748645
992261671 139264
992400935 660
992401595 2
497092875 497092738
994185613 86528
994272141 308
994185613 153600
994339213 1398
994340611 4
499164540 498484485
997649025 562414
998211439 9024
998220463 113
998220576 1
500170301 499168911
999339212 278527
999617739 2112
999619851 20
