2484
1 1
1 1
2 1
2 2
4 1
3 3
6 1
5 5
10 1
6 6
12 1
7 7
14 3
7 7
14 5
11 11
22 1
14 14
28 1
14 14
28 3
14 14
28 7
35 2
19 19
38 3
19 19
38 5
23 23
46 1
23 23
46 7
28 28
56 3
28 28
56 5
28 28
56 11
35 35
70 1
35 35
70 3
38 38
76 3
38 38
76 7
43 43
86 3
46 46
92 5
46 46
92 7
99 2
46 46
92 11
53 53
106 1
53 53
106 3
56 56
112 1
56 56
112 14
126 1
56 56
112 19
67 67
134 3
67 67
134 5
73 73
146 3
73 73
146 5
76 76
152 5
76 76
152 11
83 83
166 1
86 86
172 1
89 89
178 1
89 89
178 3
92 92
184 7
92 92
184 7
191 2
92 92
184 13
92 92
184 14
198 1
103 103
206 5
109 109
218 5
112 112
224 3
112 112
224 5
112 112
224 7
231 2
112 112
224 14
238 1
112 112
224 14
238 3
112 112
224 23
247 4
112 112
224 28
252 5
131 131
262 1
134 134
268 1
134 134
268 3
134 134
268 7
275 2
139 139
278 3
139 139
278 5
146 146
292 1
152 152
304 3
152 152
304 7
152 152
304 7
311 2
152 152
304 13
163 163
326 5
167 167
334 3
173 173
346 1
173 173
346 3
173 173
346 7
178 178
356 3
181 181
362 5
184 184
368 5
184 184
368 11
184 184
368 14
382 1
184 184
368 19
387 2
198 198
396 1
199 199
398 3
199 199
398 11
206 206
412 7
206 206
412 7
419 2
211 211
422 7
429 2
211 211
422 11
218 218
436 3
218 218
436 7
224 224
448 1
224 224
448 7
455 2
224 224
448 13
224 224
448 14
462 1
224 224
448 19
224 224
448 28
476 3
224 224
448 38
486 1
224 224
448 43
224 224
448 46
494 5
224 224
448 53
501 2
252 252
504 5
257 257
514 7
257 257
514 7
521 2
268 268
536 5
268 268
536 11
278 278
556 1
278 278
556 7
283 283
566 3
283 283
566 5
283 283
566 11
293 293
586 1
293 293
586 7
293 293
586 13
293 293
586 14
600 1
293 293
586 19
605 2
304 304
608 5
304 304
608 7
615 2
304 304
608 11
304 304
608 23
317 317
634 7
317 317
634 7
641 2
317 317
634 13
326 326
652 1
326 326
652 7
326 326
652 7
659 2
334 334
668 5
337 337
674 3
337 337
674 7
681 2
337 337
674 14
688 3
346 346
692 7
699 2
353 353
706 3
359 359
718 1
362 362
724 3
362 362
724 7
731 2
368 368
736 3
368 368
736 7
368 368
736 14
750 1
368 368
736 19
755 2
368 368
736 23
759 2
368 368
736 28
764 5
368 368
736 37
389 389
778 7
785 2
398 398
796 1
398 398
796 13
398 398
796 14
810 1
409 409
818 3
409 409
818 5
412 412
824 3
412 412
824 5
419 419
838 1
422 422
844 7
851 2
422 422
844 13
422 422
844 14
858 1
422 422
844 19
436 436
872 5
436 436
872 7
879 2
436 436
872 11
443 443
886 1
448 448
896 11
448 448
896 14
910 1
448 448
896 23
448 448
896 28
924 5
448 448
896 38
934 3
448 448
896 43
939 2
448 448
896 46
942 5
448 448
896 56
952 1
448 448
896 70
966 1
448 448
896 73
969 2
448 448
896 76
972 5
448 448
896 86
982 1
448 448
896 92
988 3
448 448
896 92
988 7
995 2
504 504
1008 1
504 504
1008 5
509 509
1018 1
509 509
1018 3
514 514
1028 3
514 514
1028 5
514 514
1028 11
523 523
1046 3
523 523
1046 5
523 523
1046 14
1060 1
523 523
1046 14
1060 3
523 523
1046 23
536 536
1072 14
1086 1
536 536
1072 19
536 536
1072 19
1091 2
547 547
1094 3
547 547
1094 7
1101 2
547 547
1094 14
1108 1
556 556
1112 5
556 556
1112 11
563 563
1126 3
566 566
1132 19
566 566
1132 19
1151 2
577 577
1154 7
1161 2
577 577
1154 14
1168 3
586 586
1172 7
1179 2
586 586
1172 14
1186 1
586 586
1172 19
1191 2
586 586
1172 28
1200 1
605 605
1210 3
608 608
1216 1
608 608
1216 7
608 608
1216 13
608 608
1216 14
1230 1
608 608
1216 19
1235 2
608 608
1216 28
1244 5
608 608
1216 43
634 634
1268 7
1275 2
634 634
1268 11
634 634
1268 14
1282 1
634 634
1268 19
1287 2
634 634
1268 23
647 647
1294 3
647 647
1294 7
647 647
1294 7
1301 2
652 652
1304 3
659 659
1318 1
659 659
1318 3
661 661
1322 5
674 674
1348 13
674 674
1348 19
674 674
1348 23
1371 2
688 688
1376 5
699 699
1398 1
701 701
1402 7
709 709
1418 5
709 709
1418 7
1425 2
709 709
1418 11
709 709
1418 14
1432 1
719 719
1438 1
719 719
1438 7
1445 2
724 724
1448 3
724 724
1448 5
724 724
1448 11
733 733
1466 5
736 736
1472 7
1479 2
736 736
1472 11
736 736
1472 14
1486 1
736 736
1472 14
1486 3
736 736
1472 19
1491 2
736 736
1472 23
1495 4
736 736
1472 38
1510 1
736 736
1472 46
1518 5
736 736
1472 56
1528 3
736 736
1472 70
1542 1
773 773
1546 3
773 773
1546 7
778 778
1556 3
778 778
1556 11
785 785
1570 1
787 787
1574 5
787 787
1574 7
1581 2
796 796
1592 5
796 796
1592 7
1599 2
796 796
1592 14
1606 1
796 796
1592 14
1606 3
796 796
1592 19
1611 2
796 796
1592 23
1615 4
810 810
1620 1
811 811
1622 5
818 818
1636 1
824 824
1648 7
1655 2
829 829
1658 5
829 829
1658 7
1665 2
829 829
1658 11
844 844
1688 5
844 844
1688 7
1695 2
844 844
1688 11
844 844
1688 19
1707 2
844 844
1688 28
1716 5
844 844
1688 35
863 863
1726 7
863 863
1726 14
1740 1
872 872
1744 3
872 872
1744 7
1751 2
872 872
1744 14
1758 1
887 887
1774 3
887 887
1774 7
1781 2
887 887
1774 13
887 887
1774 14
1788 1
896 896
1792 7
1799 2
896 896
1792 19
896 896
1792 28
1820 3
896 896
1792 38
1830 1
896 896
1792 53
1845 2
896 896
1792 67
1859 2
896 896
1792 73
1865 2
896 896
1792 76
1868 3
896 896
1792 76
1868 5
896 896
1792 83
1875 2
896 896
1792 86
1878 1
896 896
1792 92
1884 5
896 896
1792 109
896 896
1792 112
1904 3
896 896
1792 112
1904 7
1911 2
896 896
1792 139
896 896
1792 139
1931 2
896 896
1792 152
1944 5
896 896
1792 152
1944 7
896 896
1792 181
988 988
1976 3
988 988
1976 11
995 995
1990 3
997 997
1994 3
997 997
1994 5
997 997
1994 7
2001 2
997 997
1994 14
2008 3
1008 1008
2016 1
1013 1013
2026 1
1013 1013
2026 3
1018 1018
2036 3
1021 1021
2042 11
1028 1028
2056 7
1028 1028
2056 13
1039 1039
2078 3
1039 1039
2078 5
1039 1039
2078 7
2085 2
1039 1039
2078 11
1046 1046
2092 7
1046 1046
2092 19
1046 1046
2092 19
2111 2
1046 1046
2092 37
1046 1046
2092 38
2130 1
1046 1046
2092 43
2135 2
1069 1069
2138 3
1069 1069
2138 5
1072 1072
2144 7
2151 2
1072 1072
2144 14
2158 3
1072 1072
2144 35
1094 1094
2188 14
2202 1
1094 1094
2188 19
1094 1094
2188 23
2211 2
1109 1109
2218 3
1112 1112
2224 13
1112 1112
2224 14
2238 1
1112 1112
2224 19
1123 1123
2246 5
1132 1132
2264 3
1132 1132
2264 5
1132 1132
2264 7
2271 2
1132 1132
2264 14
2278 3
1132 1132
2264 23
1132 1132
2264 28
2292 1
1132 1132
2264 28
2292 5
1154 1154
2308 1
1154 1154
2308 3
1154 1154
2308 23
2331 2
1168 1168
2336 3
1168 1168
2336 5
1172 1172
2344 3
1172 1172
2344 7
1172 1172
2344 13
1172 1172
2344 23
2367 4
1172 1172
2344 28
2372 5
1172 1172
2344 37
1172 1172
2344 38
2382 1
1172 1172
2344 43
2387 2
1172 1172
2344 46
2390 3
1172 1172
2344 53
2397 2
1201 1201
2402 7
2409 2
1201 1201
2402 14
2416 1
1210 1210
2420 3
1216 1216
2432 5
1216 1216
2432 7
2439 2
1216 1216
2432 14
2446 1
1216 1216
2432 23
2455 4
1216 1216
2432 35
1216 1216
2432 38
2470 3
1216 1216
2432 43
2475 2
1216 1216
2432 70
2502 1
1259 1259
2518 3
1259 1259
2518 13
1268 1268
2536 3
1268 1268
2536 7
1268 1268
2536 13
1268 1268
2536 14
2550 1
1268 1268
2536 19
2555 2
1268 1268
2536 43
1294 1294
2588 3
1294 1294
2588 5
1304 1304
2608 1
1307 1307
2614 3
1307 1307
2614 7
1307 1307
2614 19
1322 1322
2644 3
1327 1327
2654 3
1327 1327
2654 5
1327 1327
2654 7
2661 2
1327 1327
2654 14
2668 3
1327 1327
2654 23
1327 1327
2654 28
2682 1
1327 1327
2654 28
2682 5
1327 1327
2654 35
1327 1327
2654 38
2692 1
1348 1348
2696 3
1348 1348
2696 11
1348 1348
2696 14
2710 1
1348 1348
2696 14
2710 3
1348 1348
2696 23
1348 1348
2696 28
2724 5
1348 1348
2696 35
1348 1348
2696 43
2739 2
1373 1373
2746 3
1376 1376
2752 1
1381 1381
2762 5
1381 1381
2762 14
2776 1
1381 1381
2762 23
2785 4
1381 1381
2762 28
2790 1
1398 1398
2796 1
1399 1399
2798 3
1399 1399
2798 5
1409 1409
2818 1
1409 1409
2818 14
2832 1
1418 1418
2836 1
1418 1418
2836 7
1418 1418
2836 14
2850 1
1418 1418
2836 19
2855 2
1418 1418
2836 23
2859 2
1438 1438
2876 3
1438 1438
2876 11
1448 1448
2896 1
1448 1448
2896 7
1448 1448
2896 13
1448 1448
2896 19
2915 2
1459 1459
2918 7
2925 2
1466 1466
2932 7
1472 1472
2944 7
2951 2
1472 1472
2944 13
1472 1472
2944 19
1472 1472
2944 23
2967 2
1472 1472
2944 23
2967 4
1472 1472
2944 53
2997 2
1472 1472
2944 56
3000 1
3001 3001
6002 1994
7996 13
3001 3001
6002 2008
8010 1
3001 3001
6002 2011
8013 4
3001 3001
6002 2036
8038 1
3001 3001
6002 2042
8044 7
8051 2
3001 3001
6002 2056
8058 1
3001 3001
6002 2056
8058 11
3001 3001
6002 2078
8080 1
3001 3001
6002 2078
8080 7
3001 3001
6002 2078
8080 7
8087 2
3001 3001
6002 2089
8091 2
3001 3001
6002 2092
8094 7
3001 3001
6002 2092
8094 14
8108 3
3001 3001
6002 2092
8094 23
3001 3001
6002 2092
8094 28
8122 1
3001 3001
6002 2144
8146 1
3001 3001
6002 2144
8146 14
8160 1
3001 3001
6002 2144
8146 19
8165 2
3001 3001
6002 2144
8146 23
8169 2
3001 3001
6002 2144
8146 28
8174 5
3001 3001
6002 2188
8190 1
3001 3001
6002 2188
8190 19
3001 3001
6002 2213
8215 4
3001 3001
6002 2218
8220 1
3001 3001
6002 2224
8226 5
3001 3001
6002 2224
8226 7
3001 3001
6002 2224
8226 11
3001 3001
6002 2224
8226 14
8240 3
3001 3001
6002 2251
8253 10
3001 3001
6002 2264
8266 3
3001 3001
6002 2264
8266 7
3001 3001
6002 2264
8266 19
8285 2
3001 3001
6002 2264
8266 23
8289 2
3001 3001
6002 2264
8266 23
8289 4
3001 3001
6002 2292
8294 3
3001 3001
6002 2308
8310 1
3001 3001
6002 2308
8310 7
3001 3001
6002 2308
8310 19
3001 3001
6002 2344
8346 7
3001 3001
6002 2344
8346 14
8360 3
3001 3001
6002 2344
8346 23
3001 3001
6002 2344
8346 28
8374 3
3001 3001
6002 2344
8346 38
8384 3
3001 3001
6002 2344
8346 43
3001 3001
6002 2417
3001 3001
6002 2420
8422 1
3001 3001
6002 2423
8425 4
3001 3001
6002 2423
8425 6
3001 3001
6002 2432
8434 7
8441 2
3001 3001
6002 2432
8434 13
3001 3001
6002 2432
8434 23
8457 4
3001 3001
6002 2432
8434 28
8462 5
3001 3001
6002 2432
8434 67
3001 3001
6002 2503
8505 7
8512 1
3001 3001
6002 2518
8520 1
3001 3001
6002 2518
8520 7
3001 3001
6002 2531
8533 4
3001 3001
6002 2536
8538 1
3001 3001
6002 2536
8538 5
3001 3001
6002 2536
8538 23
8561 2
3001 3001
6002 2536
8538 35
3001 3001
6002 2579
3001 3001
6002 2593
8595 2
3001 3001
6002 2593
8595 4
3001 3001
6002 2593
8595 14
3001 3001
6002 2614
8616 7
3001 3001
6002 2614
8616 11
3001 3001
6002 2614
8616 13
3001 3001
6002 2633
8635 6
3001 3001
6002 2644
8646 1
3001 3001
6002 2654
8656 7
3001 3001
6002 2654
8656 13
3001 3001
6002 2654
8656 19
8675 2
3001 3001
6002 2654
8656 23
8679 2
3001 3001
6002 2654
8656 28
8684 5
3001 3001
6002 2654
8656 37
3001 3001
6002 2696
8698 1
3001 3001
6002 2696
8698 7
8705 2
3001 3001
6002 2696
8698 14
8712 1
3001 3001
6002 2696
8698 19
8717 2
3001 3001
6002 2696
8698 28
8726 5
3001 3001
6002 2696
8698 38
8736 1
3001 3001
6002 2739
3001 3001
6002 2741
8743 4
3001 3001
6002 2749
8751 2
3001 3001
6002 2753
8755 6
3001 3001
6002 2762
8764 14
8778 1
3001 3001
6002 2762
8764 19
3001 3001
6002 2798
8800 3
3001 3001
6002 2803
8805 2
3001 3001
6002 2803
8805 14
3001 3001
6002 2818
8820 1
3001 3001
6002 2818
8820 11
3001 3001
6002 2833
8835 2
3001 3001
6002 2836
8838 1
3001 3001
6002 2836
8838 11
3001 3001
6002 2859
3001 3001
6002 2861
3001 3001
6002 2861
8863 4
3001 3001
6002 2876
8878 7
8885 2
3001 3001
6002 2887
8889 4
3001 3001
6002 2918
8920 3
3001 3001
6002 2927
3001 3001
6002 2927
8929 4
3001 3001
6002 2939
3001 3001
6002 2944
8946 5
3001 3001
6002 2944
8946 14
8960 3
3001 3001
6002 2944
8946 23
3001 3001
6002 2944
8946 23
8969 2
3001 3001
6002 2944
8946 53
3001 3001
6002 2944
8946 53
8999 2
3001 3001
6002 3001
9003 4
3001 3001
6002 3001
9003 7
9010 1
3001 3001
6002 3001
9003 10
3001 3001
6002 3001
9003 23
9026 3
3001 3001
6002 3001
9003 38
3001 3001
6002 3001
9003 38
9041 2
3001 3001
6002 3001
9003 46
3001 3001
6002 3001
9003 56
3001 3001
6002 3001
9003 56
9059 7
9066 1
3001 3001
6002 3001
9003 86
9089 2
3001 3001
6002 3001
9003 92
9095 7
9102 1
3001 3001
6002 3001
9003 106
3001 3001
6002 3001
9003 112
9115 12
3001 3001
6002 3001
9003 112
9115 14
9129 4
3001 3001
6002 3001
9003 134
3001 3001
6002 3001
9003 146
9149 2
3001 3001
6002 3001
9003 152
9155 2
3001 3001
6002 3001
9003 152
9155 6
3001 3001
6002 3001
9003 167
9170 3
3001 3001
6002 3001
9003 178
3001 3001
6002 3001
9003 184
3001 3001
6002 3001
9003 184
9187 12
3001 3001
6002 3001
9003 199
9202 1
3001 3001
6002 3001
9003 206
3001 3001
6002 3001
9003 218
3001 3001
6002 3001
9003 224
3001 3001
6002 3001
9003 224
9227 12
3001 3001
6002 3001
9003 224
9227 14
3001 3001
6002 3001
9003 252
9255 2
3001 3001
6002 3001
9003 268
9271 6
3001 3001
6002 3001
9003 278
3001 3001
6002 3001
9003 278
9281 2
3001 3001
6002 3001
9003 283
9286 7
3001 3001
6002 3001
9003 304
9307 4
3001 3001
6002 3001
9003 304
9307 12
3001 3001
6002 3001
9003 317
9320 3
3001 3001
6002 3001
9003 334
3001 3001
6002 3001
9003 337
9340 1
3001 3001
6002 3001
9003 337
9340 3
3001 3001
6002 3001
9003 346
3001 3001
6002 3001
9003 368
3001 3001
6002 3001
9003 368
9371 6
3001 3001
6002 3001
9003 387
9390 1
3001 3001
6002 3001
9003 389
9392 5
3001 3001
6002 3001
9003 398
9401 2
3001 3001
6002 3001
9003 409
9412 1
3001 3001
6002 3001
9003 412
9415 4
3001 3001
6002 3001
9003 412
9415 6
3001 3001
6002 3001
9003 422
9425 6
3001 3001
6002 3001
9003 422
9425 7
9432 1
3001 3001
6002 3001
9003 433
9436 1
3001 3001
6002 3001
9003 436
3001 3001
6002 3001
9003 448
9451 10
3001 3001
6002 3001
9003 448
9451 12
3001 3001
6002 3001
9003 448
9451 14
9465 2
3001 3001
6002 3001
9003 448
9451 22
3001 3001
6002 3001
9003 448
9451 28
3001 3001
6002 3001
9003 448
9451 38
9489 2
3001 3001
6002 3001
9003 448
9451 46
3001 3001
6002 3001
9003 504
9507 4
3001 3001
6002 3001
9003 514
9517 4
3001 3001
6002 3001
9003 523
9526 7
3001 3001
6002 3001
9003 536
3001 3001
6002 3001
9003 536
9539 7
9546 1
3001 3001
6002 3001
9003 547
9550 1
3001 3001
6002 3001
9003 577
9580 7
3001 3001
6002 3001
9003 586
9589 12
3001 3001
6002 3001
9003 608
9611 2
3001 3001
6002 3001
9003 608
9611 7
9618 1
3001 3001
6002 3001
9003 608
9611 12
3001 3001
6002 3001
9003 608
9611 14
9625 4
3001 3001
6002 3001
9003 608
9611 19
9630 1
3001 3001
6002 3001
9003 634
9637 6
3001 3001
6002 3001
9003 634
9637 12
3001 3001
6002 3001
9003 652
9655 6
3001 3001
6002 3001
9003 674
3001 3001
6002 3001
9003 674
9677 2
3001 3001
6002 3001
9003 674
9677 12
3001 3001
6002 3001
9003 692
9695 2
3001 3001
6002 3001
9003 709
9712 7
3001 3001
6002 3001
9003 718
3001 3001
6002 3001
9003 724
9727 6
3001 3001
6002 3001
9003 736
3001 3001
6002 3001
9003 736
9739 4
3001 3001
6002 3001
9003 736
9739 10
3001 3001
6002 3001
9003 736
9739 28
3001 3001
6002 3001
9003 736
9739 28
9767 2
3001 3001
6002 3001
9003 778
3001 3001
6002 3001
9003 778
9781 6
3001 3001
6002 3001
9003 787
9790 1
3001 3001
6002 3001
9003 796
9799 4
3001 3001
6002 3001
9003 796
9799 12
3001 3001
6002 3001
9003 811
9814 3
3001 3001
6002 3001
9003 824
9827 2
3001 3001
6002 3001
9003 829
9832 1
3001 3001
6002 3001
9003 829
9832 7
3001 3001
6002 3001
9003 844
9847 4
3001 3001
6002 3001
9003 844
9847 10
3001 3001
6002 3001
9003 844
9847 12
3001 3001
6002 3001
9003 863
9866 5
3001 3001
6002 3001
9003 872
9875 7
9882 1
3001 3001
6002 3001
9003 883
9886 1
3001 3001
6002 3001
9003 896
9899 2
3001 3001
6002 3001
9003 896
9899 7
9906 1
3001 3001
6002 3001
9003 896
9899 23
9922 1
3001 3001
6002 3001
9003 896
9899 28
9927 2
3001 3001
6002 3001
9003 896
9899 28
9927 4
3001 3001
6002 3001
9003 896
9899 38
9937 4
3001 3001
6002 3001
9003 896
9899 46
9945 4
3001 3001
6002 3001
9003 896
9899 67
9966 1
3001 3001
6002 3001
9003 896
9899 73
9972 1
9973 9973
19946 56
20002 7
20009 2
9973 9973
19946 73
20019 2
9973 9973
19946 76
20022 1
9973 9973
19946 83
9973 9973
19946 92
20038 7
20045 2
9973 9973
19946 103
20049 2
9973 9973
19946 112
20058 5
9973 9973
19946 112
20058 13
9973 9973
19946 139
20085 4
9973 9973
19946 152
20098 3
9973 9973
19946 152
20098 7
20105 2
9973 9973
19946 167
9973 9973
19946 167
20113 4
9973 9973
19946 173
20119 4
9973 9973
19946 181
20127 2
9973 9973
19946 184
20130 13
9973 9973
19946 199
20145 2
9973 9973
19946 199
20145 4
9973 9973
19946 211
20157 4
9973 9973
19946 224
20170 3
9973 9973
19946 224
20170 7
9973 9973
19946 224
20170 13
9973 9973
19946 252
20198 3
9973 9973
19946 268
20214 5
9973 9973
19946 283
20229 2
9973 9973
19946 283
20229 4
9973 9973
19946 293
20239 10
9973 9973
19946 304
20250 11
9973 9973
19946 317
20263 6
9973 9973
19946 337
20283 4
9973 9973
19946 346
20292 5
9973 9973
19946 368
20314 7
20321 2
9973 9973
19946 368
20314 13
9973 9973
19946 387
9973 9973
19946 389
20335 6
9973 9973
19946 398
20344 3
9973 9973
19946 398
20344 7
20351 2
9973 9973
19946 409
20355 2
9973 9973
19946 412
20358 1
9973 9973
19946 422
20368 1
9973 9973
19946 443
9973 9973
19946 443
20389 4
9973 9973
19946 448
20394 5
9973 9973
19946 448
20394 13
9973 9973
19946 448
20394 14
20408 3
9973 9973
19946 448
20394 37
9973 9973
19946 448
20394 46
20440 1
9973 9973
19946 448
20394 46
20440 3
9973 9973
19946 523
20469 7
20476 1
9973 9973
19946 523
20469 10
9973 9973
19946 536
20482 1
9973 9973
19946 556
20502 5
9973 9973
19946 563
9973 9973
19946 566
20512 7
20519 2
9973 9973
19946 586
20532 1
9973 9973
19946 586
20532 11
9973 9973
19946 586
20532 14
20546 3
9973 9973
19946 605
9973 9973
19946 608
20554 7
20561 2
9973 9973
19946 647
9973 9973
19946 652
20598 1
9973 9973
19946 661
20607 4
9973 9973
19946 674
20620 7
9973 9973
19946 692
20638 1
9973 9973
19946 692
20638 3
9973 9973
19946 709
20655 7
20662 1
9973 9973
19946 733
20679 2
9973 9973
19946 736
20682 11
9973 9973
19946 736
20682 23
20705 2
9973 9973
19946 736
20682 35
9973 9973
19946 773
9973 9973
19946 785
9973 9973
19946 796
20742 1
9973 9973
19946 796
20742 5
9973 9973
19946 796
20742 7
9973 9973
19946 796
20742 11
9973 9973
19946 811
20757 2
9973 9973
19946 824
20770 1
9973 9973
19946 824
20770 3
9973 9973
19946 839
20785 4
9973 9973
19946 844
20790 14
20804 3
9973 9973
19946 863
9973 9973
19946 896
20842 7
9973 9973
19946 896
20842 14
20856 1
9973 9973
19946 896
20842 28
20870 3
9973 9973
19946 896
20842 37
9973 9973
19946 896
20842 43
20885 2
9973 9973
19946 896
20842 53
20895 2
9973 9973
19946 896
20842 56
20898 1
9973 9973
19946 896
20842 56
20898 5
9973 9973
19946 896
20842 76
20918 3
9973 9973
19946 896
20842 86
20928 1
9973 9973
19946 988
20934 5
9973 9973
19946 997
20943 4
9973 9973
19946 1013
9973 9973
19946 1013
20959 4
9973 9973
19946 1028
20974 7
9973 9973
19946 1028
20974 7
20981 2
9973 9973
19946 1046
20992 7
20999 2
9973 9973
19946 1046
20992 19
9973 9973
19946 1046
20992 19
21011 2
9973 9973
19946 1069
21015 2
9973 9973
19946 1072
21018 1
9973 9973
19946 1072
21018 5
9973 9973
19946 1072
21018 13
9973 9973
19946 1112
21058 1
9973 9973
19946 1112
21058 3
9973 9973
19946 1112
21058 7
21065 2
9973 9973
19946 1132
21078 11
9973 9973
19946 1154
21100 1
9973 9973
19946 1154
21100 7
9973 9973
19946 1172
21118 3
9973 9973
19946 1172
21118 19
21137 2
9973 9973
19946 1172
21118 23
21141 2
9973 9973
19946 1201
21147 2
9973 9973
19946 1210
21156 1
9973 9973
19946 1216
21162 1
9973 9973
19946 1216
21162 7
9973 9973
19946 1216
21162 14
21176 3
9973 9973
19946 1216
21162 23
21185 2
9973 9973
19946 1216
21162 28
21190 1
9973 9973
19946 1216
21162 28
21190 3
9973 9973
19946 1259
21205 6
9973 9973
19946 1268
21214 7
9973 9973
19946 1268
21214 13
9973 9973
19946 1301
9973 9973
19946 1322
21268 1
9973 9973
19946 1327
21273 4
9973 9973
19946 1327
21273 10
9973 9973
19946 1348
21294 19
9973 9973
19946 1371
9973 9973
19946 1373
9973 9973
19946 1376
21322 1
9973 9973
19946 1381
21327 14
9973 9973
19946 1399
21345 2
9973 9973
19946 1418
21364 13
9973 9973
19946 1433
9973 9973
19946 1433
21379 4
9973 9973
19946 1445
9973 9973
19946 1448
21394 3
9973 9973
19946 1448
21394 7
9973 9973
19946 1459
21405 2
9973 9973
19946 1472
21418 1
9973 9973
19946 1472
21418 14
21432 1
9973 9973
19946 1472
21418 46
21464 3
9973 9973
19946 1472
21418 56
21474 7
9973 9973
19946 1472
21418 67
21485 2
9973 9973
19946 1543
21489 2
9973 9973
19946 1546
21492 1
9973 9973
19946 1553
9973 9973
19946 1556
21502 1
9973 9973
19946 1571
9973 9973
19946 1574
21520 1
9973 9973
19946 1574
21520 3
9973 9973
19946 1583
9973 9973
19946 1592
21538 19
9973 9973
19946 1592
21538 19
21557 2
9973 9973
19946 1615
21561 2
9973 9973
19946 1622
21568 1
9973 9973
19946 1627
21573 4
9973 9973
19946 1637
21583 4
9973 9973
19946 1637
21583 6
9973 9973
19946 1648
21594 5
9973 9973
19946 1655
9973 9973
19946 1658
21604 7
9973 9973
19946 1658
21604 7
21611 2
9973 9973
19946 1669
21615 2
9973 9973
19946 1688
21634 13
9973 9973
19946 1688
21634 14
21648 1
9973 9973
19946 1688
21634 23
21657 4
9973 9973
19946 1726
21672 1
9973 9973
19946 1726
21672 11
9973 9973
19946 1744
21690 11
9973 9973
19946 1759
21705 7
21712 1
9973 9973
19946 1774
21720 7
9973 9973
19946 1789
21735 2
9973 9973
19946 1792
21738 1
9973 9973
19946 1792
21738 13
9973 9973
19946 1792
21738 19
9973 9973
19946 1792
21738 28
21766 1
9973 9973
19946 1792
21738 35
9973 9973
19946 1792
21738 46
21784 3
9973 9973
19946 1792
21738 56
21794 5
9973 9973
19946 1792
21738 56
21794 7
21801 2
9973 9973
19946 1792
21738 76
21814 3
9973 9973
19946 1792
21738 83
9973 9973
19946 1792
21738 92
21830 7
21837 2
9973 9973
19946 1792
21738 103
9973 9973
19946 1792
21738 112
21850 1
9973 9973
19946 1792
21738 112
21850 7
21857 2
9973 9973
19946 1792
21738 112
21850 13
9973 9973
19946 1792
21738 131
21869 2
9973 9973
19946 1792
21738 139
21877 4
9973 9973
19946 1792
21738 152
21890 3
9973 9973
19946 1792
21738 173
9973 9973
19946 1976
21922 7
9973 9973
19946 1990
21936 1
9973 9973
19946 1994
21940 3
9973 9973
19946 2011
21957 4
9973 9973
19946 2029
21975 2
9973 9973
19946 2042
21988 3
9973 9973
19946 2042
21988 7
21995 2
9973 9973
19946 2056
22002 1
