3480
1 1
2 1
3 1
2 3
5 1
4 3
7 1
4 5
9 1
6 5
11 1
6 7
13 1
8 7
15 1
8 9
17 1
10 9
19 1
10 11
21 1
12 11
23 1
12 13
25 1
14 13
27 1
14 15
29 1
16 15
31 1
16 17
33 1
18 17
35 1
18 19
37 1
20 19
39 1
20 21
41 1
22 21
43 1
22 23
45 1
24 23
47 1
24 25
49 1
26 25
51 1
26 27
53 1
28 27
55 1
28 29
57 1
30 29
59 1
30 31
61 1
32 31
63 1
32 33
65 1
34 33
67 1
34 35
69 1
36 35
71 1
36 37
73 1
38 37
75 1
38 39
77 1
40 39
79 1
40 41
81 1
42 41
83 1
42 43
85 1
44 43
87 1
44 45
89 1
46 45
91 1
46 47
93 1
48 47
95 1
48 49
97 1
50 49
99 1
50 51
101 1
52 51
103 1
52 53
105 1
54 53
107 1
54 55
109 1
56 55
111 1
56 57
113 1
58 57
115 1
58 59
117 1
60 59
119 1
60 61
121 1
62 61
123 1
62 63
125 1
64 63
127 1
64 65
129 1
66 65
131 1
66 67
133 1
68 67
135 1
68 69
137 1
70 69
139 1
70 71
141 1
72 71
143 1
72 73
145 1
74 73
147 1
74 75
149 1
76 75
151 1
76 77
153 1
78 77
155 1
78 79
157 1
80 79
159 1
80 81
81 82
163 1
83 82
165 1
83 84
167 1
85 84
169 1
85 86
171 1
87 86
173 1
87 88
175 1
89 88
90 89
179 1
90 91
91 92
92 93
185 1
94 93
95 94
189 1
95 96
191 1
97 96
98 97
195 1
98 99
197 1
100 99
199 1
100 101
201 1
102 101
203 1
102 103
103 104
207 1
105 104
209 1
105 106
106 107
213 1
108 107
215 1
108 109
217 1
110 109
111 110
112 111
223 1
112 113
225 1
114 113
227 1
114 115
229 1
116 115
117 116
118 117
235 1
118 119
237 1
120 119
239 1
120 121
121 122
243 1
125 124
249 1
127 126
253 1
127 128
255 1
129 128
257 1
129 130
259 1
131 130
132 131
133 132
134 133
267 1
134 135
269 1
136 135
271 1
138 139
139 140
142 141
283 1
142 143
285 1
146 145
291 1
146 147
293 1
148 147
149 148
297 1
149 150
299 1
151 150
301 1
151 152
152 153
305 1
156 155
311 1
158 157
315 1
158 159
317 1
160 159
319 1
160 161
161 163
324 1
166 165
169 168
337 1
171 172
343 1
173 174
347 1
177 176
179 177
186 185
371 1
191 190
381 1
191 192
195 193
196 197
393 1
198 197
201 202
403 1
203 202
405 1
210 209
214 213
215 214
429 1
217 216
433 1
235 236
238 237
475 1
238 239
477 1
253 254
256 255
511 1
256 257
513 1
271 270
541 1
271 272
543 5
295 297
592 1
311 306
617 3
617 5
318 319
321 320
641 3
325 324
649 2
353 356
709 5
709 6
356 371
727 12
382 383
765 2
419 406
825 13
471 434
905 4
905 16
507 511
1018 4
514 513
1027 26
514 541
1055 3
548 592
1140 10
1140 25
1140 33
593 592
622 620
765 767
1532 3
825 767
1592 53
905 838
1743 13
921 909
1830 11
1830 38
1830 88
1830 108
1018 921
1939 42
1027 1053
2080 15
1055 1058
2113 38
1140 1058
2198 12
1165 1150
2315 8
2315 11
1242 1185
2427 16
2427 92
2427 134
2427 149
2427 153
2427 177
2427 195
2427 200
2427 253
2427 260
2427 303
1242 1532
2774 26
2774 28
2774 147
2774 269
1592 1535
3127 39
3127 94
1645 1592
3237 53
1645 1743
3388 27
1756 1743
3499 42
1756 1830
3586 82
1918 1868
3786 10
1918 1938
1981 1939
3920 5
3920 135
2080 2095
4175 11
2113 2151
4264 54
4264 80
2210 2198
4408 14
4408 43
2315 2210
4525 60
2326 2323
4649 71
2326 2427
4753 103
2443 2519
4962 31
2561 2519
5080 51
2580 2576
5156 1
2622 2627
5249 21
2680 2687
5367 43
2730 2687
5417 47
2730 2774
5504 47
5504 52
2802 2800
5602 91
2802 2921
5723 113
3043 2921
5964 16
5964 161
3127 3043
6170 101
3221 3166
6387 31
3290 3237
6527 39
3290 3388
6678 37
3415 3388
6803 62
3415 3499
6914 102
6914 124
3586 3541
7127 41
3586 3668
7254 22
7254 67
3668 3786
7454 21
3796 3786
7582 48
3920 3856
7776 10
3920 3925
7845 98
4055 3925
7980 121
4055 4175
8230 30
8230 50
4175 4186
8361 59
4264 4186
8450 131
4344 4318
8662 81
4422 4451
8873 33
4525 4451
8976 94
4525 4585
9110 70
4649 4585
9234 1
4649 4720
9369 32
4753 4720
9473 89
9473 95
9473 96
9473 101
4856 4753
9609 127
4856 4962
9818 87
4993 5080
10073 2
5131 5080
10211 35
5157 5249
10406 12
5270 5249
10519 72
5270 5367
10637 128
5464 5417
10881 59
5551 5504
11055 44
5551 5556
11107 9
5602 5556
11158 32
11158 125
11158 135
5723 5693
11416 55
5723 5836
11559 91
5964 5836
11800 30
5964 5980
11944 1
11944 67
5980 6125
12105 88
12105 126
12105 148
6170 6125
12295 46
12295 81
12295 105
6170 6271
12441 47
12441 119
6271 6387
12658 87
6418 6387
12805 126
6566 6527
13093 25
6566 6678
13244 62
6715 6678
13393 102
6865 6803
13668 17
6865 6914
13779 97
7016 7038
14054 14
14054 19
7038 7127
14165 96
7168 7127
14295 36
7168 7254
14422 33
7276 7254
14530 62
7276 7321
14597 39
14597 53
7321 7454
14775 71
7475 7454
14929 114
7630 7582
15212 29
7630 7776
15406 34
7786 7845
15631 9
7943 7845
15788 53
7943 7980
15923 120
8101 7980
16081 165
8101 8230
16331 119
8361 8280
16641 14
16641 48
8420 8361
16781 80
8581 8450
17031 37
8581 8662
17243 33
8743 8662
17405 80
8743 8873
17616 42
17616 79
8976 8906
17882 20
17882 24
9070 8976
18046 72
9180 9110
18290 41
9235 9234
18469 76
9235 9369
18604 156
9401 9473
18874 102
9562 9568
19130 6
9609 9574
19183 10
9609 9736
19345 66
9818 9736
19554 76
9818 9905
19723 127
19723 143
9905 10073
19978 93
10075 10211
20286 7
10246 10211
20457 59
10246 10406
20652 88
10418 10519
20937 28
20937 123
10519 10591
21110 81
10637 10765
21402 16
10881 10765
10940 10881
21821 54
10940 11055
21995 110
11116 11158
22274 62
11190 11283
22473 95
11293 11416
22709 92
11471 11559
23030 5
11650 11559
23209 61
11650 11800
23450 56
23450 87
11800 11830
23630 113
12011 11945
23956 25
12011 12105
24116 104
12193 12231
24424 36
12253 12231
24484 22
12253 12295
24548 80
12341 12295
24636 17
24636 65
12441 12488
24929 14
12560 12488
25048 138
12745 12658
25403 27
12745 12805
25550 125
12931 12805
25736 185
12931 13093
26024 144
13118 13244
26362 54
13306 13244
26550 115
13495 13393
26888 27
13495 13668
27163 3
13685 13668
27353 65
13876 13779
27655 16
27655 270
14073 14068
28141 39
14261 14165
28426 10
14331 14295
28626 67
14455 14422
28877 74
14592 14597
29189 21
14775 14650
29425 45
14775 14846
29621 110
14929 15043
29972 21
15212 15043
30255 1
15212 15241
30453 67
15406 15241
30647 138
15406 15440
30846 205
15631 15640
31271 47
15788 15640
31428 158
15788 15841
31629 133
15923 15841
31764 44
31764 89
31764 91
16081 16043
32124 1
16081 16246
32327 69
16331 16246
32577 91
16331 16450
32781 160
16641 16450
33091 124
16689 16781
33470 20
16861 16781
33642 124
16861 17031
33892 151
17068 17243
34311 10
17276 17243
34519 81
17276 17405
34681 199
17485 17616
35101 60
17658 17695
35353 90
35353 210
17695 17882
35577 36
35577 149
35577 154
17902 17882
35784 20
18046 17906
35952 58
18046 18118
36164 131
36164 231
36395 1
18290 18118
36408 173
18469 18331
36800 68
36800 124
18545 18469
37014 2
18545 18604
37149 7
18760 18604
37364 81
18760 18874
37634 101
18976 18874
37850 176
19136 19130
38266 52
19193 19345
38538 73
19411 19345
38756 149
19630 19554
39184 16
19630 19723
39353 143
19850 19866
39716 77
19978 20071
40049 42
20286 20071
40357 33
20286 20293
40579 111
20457 20293
40750 38
40750 44
20516 20457
40973 18
20516 20652
41168 125
20740 20652
41392 204
41392 250
41642 1
20740 20937
41677 223
20965 21060
42025 51
21110 21060
42170 35
42170 100
21191 21110
42301 210
21191 21402
42593 225
21418 21646
43064 62
43064 107
43064 371
21821 21875
43696 49
21995 21875
43870 186
21995 22105
44100 268
22274 22336
44610 71
22473 22336
44809 186
22709 22568
45277 33
22709 22801
45510 116
23030 22801
45831 112
23209 23035
46244 17
23209 23270
46479 101
23450 23270
46720 180
23537 23630
47167 54
23743 23630
47373 170
23743 23956
47699 167
23981 24116
48097 93
24220 24116
48336 179
24220 24424
48644 197
24506 24548
49054 114
24653 24701
49354 142
24929 24701
49630 195
25048 24943
49991 164
25048 25186
50234 112
50234 125
50234 250
50484 2
25186 25403
50589 138
50589 229
25550 25430
50980 171
25550 25675
51225 68
25736 25675
51411 74
25736 25921
51657 163
26024 25921
51945 211
26024 26168
52192 64
52192 301
26416 26362
52778 53
26416 26550
52966 204
26665 26550
53215 295
26915 26888
53803 48
26915 27163
54078 115
27166 27353
54519 17
27418 27353
54771 109
27418 27655
55073 152
27671 27655
55326 244
55570 1
27925 27671
55596 321
55917 1
28141 27925
56066 200
28426 28180
56606 9
28426 28436
56862 103
28626 28436
57062 254
28877 28693
57570 98
28877 28951
57828 193
29189 28951
58140 235
29425 29210
58635 95
29425 29470
58895 191
29621 29731
59352 91
29972 29731
59703 98
29972 29993
59965 195
30255 30256
60511 9
30453 30256
60709 172
30647 30520
61167 76
30647 30785
61432 174
30846 31051
61897 73
31271 31051
62322 13
31271 31318
62589 112
31428 31586
63014 54
31629 31762
63391 45
31853 31855
63708 97
32124 31855
63979 196
32327 32125
64452 94
32327 32396
64723 195
32577 32668
65245 46
32781 32668
65449 216
33091 32941
66032 8
33091 33215
66306 110
33470 33215
66685 108
33642 33490
67132 39
33642 33766
67408 142
33892 33766
67658 272
33892 34043
67935 372
68307 4
34321 34311
68632 61
34321 34519
68840 236
34600 34681
69281 179
69281 201
34681 34880
69561 284
35101 34880
69981 250
35353 35161
70514 104
35563 35443
35726 35613
71339 56
35952 35804
71756 29
35952 36010
71962 14
71962 33
71962 48
71962 57
71962 67
71962 74
71962 79
71962 94
71962 101
71962 113
71962 120
71962 125
71962 166
71962 185
36010 36164
72174 2
72174 72
72174 109
36295 36164
72459 109
36396 36408
72804 157
36581 36408
72989 356
73345 10
36800 36868
73668 82
37016 37014
74030 116
37156 37364
74520 23
74520 102
74520 144
37445 37364
74809 132
37445 37634
75079 261
37735 37850
75585 155
38026 37850
75876 265
38026 38266
76292 250
76542 1
38538 38318
76856 90
38538 38611
77149 49
77149 54
77149 141
77149 201
38905 38756
77661 94
38905 39184
78089 72
39200 39353
78553 15
39496 39353
78849 127
39496 39716
79212 173
39793 39716
79509 286
40091 40049
80140 66
40091 40357
80448 170
40390 40579
80969 62
40690 40750
81440 5
40788 40750
81538 2
81538 36
40794 40973
81767 93
40991 40973
81964 38
40991 41168
82159 117
82159 200
41168 41293
82461 82
41392 41293
82685 8
41392 41596
82988 123
41677 41643
83320 210
42025 41900
83925 25
42170 42076
84246 125
42270 42301
84571 221
84792 1
42593 42511
85104 112
42593 42818
85411 229
43064 42818
85882 183
43171 43126
86297 193
86490 1
43435 43171
86606 312
43435 43696
87131 215
43745 43870
87615 160
44056 44100
88156 49
44368 44100
88468 168
44368 44610
88978 90
44681 44809
89490 11
44995 44809
89804 131
44995 45277
90272 98
45310 45277
90587 219
45310 45510
90820 177
45626 45510
91136 107
45626 45831
91457 224
45943 45831
91774 344
92118 2
46244 46261
92505 55
46479 46261
92740 261
46720 46580
93300 143
46720 46900
93620 265
93885 1
46900 47167
94067 263
47221 47373
94594 181
47543 47373
94916 305
47866 47699
95565 103
47866 48097
95963 153
48190 48336
96526 39
48515 48336
96851 164
48515 48644
97159 306
97465 1
49054 48841
97895 23
97895 214
49168 49054
98222 149
49168 49354
98522 303
49496 49630
99126 154
49825 49630
99455 279
99734 2
49991 50155
100146 47
50234 50346
100580 71
100580 118
50589 50486
101075 35
50818 50727
101545 25
50818 50980
101798 233
51151 51225
102376 117
51485 51411
102896 60
51485 51657
103142 277
103419 1
51657 51820
103477 24
103477 45
103477 70
51945 51820
103765 120
52192 52156
104348 3
52493 52256
104749 69
52493 52778
105271 15
52831 52778
105609 146
52831 52966
105797 285
105797 331
52966 53170
106136 89
53215 53170
106385 311
53215 53510
106725 434
107159 9
53510 53803
107313 325
107638 3
54078 53851
107929 186
54078 54193
108271 319
108271 388
108659 4
54519 54193
108712 43
54519 54536
109055 11
54771 54536
109307 236
55073 54880
109953 68
109953 259
55225 55073
110298 202
55570 55326
110896 84
55596 55571
111167 294
55918 55917
111835 108
56266 56066
112332 94
112332 285
112332 434
112766 34
112332 478
56266 56606
112872 38
112872 108
56606 56615
113221 55
113221 174
56615 56862
113477 204
56965 56862
113827 54
56965 57062
114027 338
114365 3
57062 57316
114378 478
57570 57668
115238 107
57828 57668
115496 338
115834 1
58021 58140
116161 165
58375 58140
116515 303
58375 58635
117010 301
58730 58895
117625 180
59086 58895
117981 319
59443 59352
118795 1
59443 59703
119146 147
59801 59965
119766 25
60160 59965
120125 165
60160 60511
120671 119
60520 60709
121229 62
60881 60709
121590 203
60881 61167
122048 244
122292 4
122048 295
61243 61432
122675 125
61606 61432
123038 267
61606 61897
123503 306
123809 2
62322 61970
124292 26
124292 49
62335 62322
124657 169
62701 62589
125290 45
62701 63014
125715 130
63068 63014
126082 272
126354 2
63391 63436
126827 41
63708 63436
127144 237
63979 63805
127784 111
63979 64175
128154 256
64452 64175
128627 299
64723 64546
129269 174
64723 64918
129641 320
65245 64918
130163 317
65449 65291
130740 260
65449 65665
131114 406
131520 1
65665 66032
131697 344
132041 2
66306 66040
132346 219
132565 1
66416 66306
132722 356
133078 12
66685 66793
133478 137
67132 66793
133925 216
67408 67171
134579 89
67408 67550
134958 238
67658 67930
135588 137
67935 68307
136242 13
68311 68307
136618 168
136618 312
136930 1
68311 68632
136943 372
137315 3
68840 68693
137533 318
69281 69076
138357 28
69281 69460
138741 179
69482 69460
138942 1
69845 69561
139406 50
69845 69981
139826 167
70231 69981
140212 319
70231 70514
140745 325
70618 70514
141132 321
141132 478
71006 70618
141624 514
142138 13
71339 71006
142345 348
71756 71395
143151 85
71962 71785
143747 33
71995 71976
72010 71995
144005 15
144005 18
72036 72029
144065 6
72056 72041
144097 15
144097 16
72128 72087
144215 52
72128 72147
144275 25
72174 72147
144321 4
72174 72176
144350 9
72246 72176
144422 21
144422 45
144422 102
72459 72283
144742 78
144742 129
72568 72459
145027 171
72568 72804
145372 46
72961 72989
145950 16
73345 72989
146334 181
73668 73355
147023 42
73668 73750
147418 198
74030 73750
147780 388
74520 74146
148666 55
74622 74543
149165 110
74809 74941
149750 80
75079 74941
150020 356
150376 10
75340 75585
150925 18
75740 75585
151325 176
151325 243
75876 76141
152017 43
76292 76141
152433 187
76543 76542
153085 96
76543 76856
153399 165
153399 344
77149 76946
154095 211
77350 77290
154640 230
77755 77661
155416 19
77755 78089
155844 157
78161 78089
156250 318
78568 78553
157121 15
78568 78849
157417 286
157703 2
79212 78976
158188 87
79212 79385
158597 249
79509 79795
159304 114
80140 79795
159935 56
80140 80206
160346 219
80448 80618
161066 74
161066 356
161422 13
80969 80618
161587 92
161587 129
81031 80969
162000 293
81031 81440
162471 395
162866 5
81538 81540
163078 31
81574 81767
163341 109
82002 81964
163966 64
163966 134
82159 82276
164435 176
82543 82461
165004 91
165004 189
82988 82693
165681 95
82988 83111
166099 261
83320 83530
166850 95
83925 83530
167455 76
83925 83950
167875 243
84246 84371
168617 89
84571 84371
168942 353
84793 84792
169585 300
84793 85104
169897 179
85216 85104
170320 156
85640 85411
171051 17
85640 85882
171522 139
86065 85882
171947 306
172253 2
86297 86065
172362 348
172710 1
86490 86297
172787 63
86606 86491
173097 348
173445 1
86918 86606
173524 514
174038 5
87131 87346
174477 164
87615 87346
174961 279
87615 87775
175390 145
175390 193
175583 1
175390 233
88636 88468
177104 4
89501 89490
178991 77
89501 89804
179305 253
90370 90272
180642 8
180642 149
91136 91243
182379 104
92120 92505
184625 172
184625 183
92740 93001
185741 120
185741 240
96526 96116
192642 427
97159 97015
194174 191
97918 98109
196027 177
196204 1
103522 103547
207069 217
103765 103547
207312 46
105271 104818
210089 372
210461 5
105286 105609
210895 71
107638 107641
215279 37
107929 107641
215570 434
216004 19
108115 108271
216386 43
216386 404
108712 108755
217467 90
217467 231
217698 1
112766 112617
225383 12
112910 112872
225782 19
113881 114027
227908 33
227908 331
228239 5
122343 122296
244639 61
123305 123503
246808 471
246808 478
247286 18
123809 123503
247312 15
124826 124657
249483 356
249839 8
126082 125845
251927 478
252405 12
126354 126082
252436 86
136618 136255
272873 285
137851 137533
275384 548
275932 26
138357 137851
276208 116
143747 143780
287527 139
144020 144023
288043 29
144113 144215
288328 105
148666 148721
297387 149
156001 155844
311845 286
312131 2
157121 156568
313689 471
159418 159304
318722 298
318722 514
319236 22
318722 548
319270 36
159418 159935
319353 73
319353 331
319684 5
319353 434
172710 172362
345072 53
177108 178991
356099 1242
357341 155
179305 179558
358863 1185
196204 196205
392409 8101
400510 125
392409 8976
401385 17
207358 210089
417447 2443
419890 50
210966 210895
421861 404
421861 637
217698 217699
435397 5836
441233 53
225395 225782
451177 10
451177 371
225782 225801
451583 1242
452825 256
228244 228239
456483 6418
462901 5
456483 6803
463286 26
456483 7168
463651 22
456483 16246
472729 47
246808 247279
494087 173
494087 434
494521 25
247312 247327
494639 286
494925 4
251927 249847
501774 1868
503642 19
252436 252522
504958 10519
515477 51
504958 15406
520364 1
504958 18118
523076 68
252522 272873
525395 325
297387 297536
594923 2802
597725 36
597725 38
597725 40
597725 44
597725 46
597725 47
597725 50
597725 51
597725 54
597725 58
597725 59
597725 61
597725 62
597725 66
597725 67
597725 68
597725 70
597725 72
597725 78
597725 92
597725 103
594923 2921
597844 34
597844 70
597844 110
594923 3043
597966 24
594923 3127
598050 12
598050 17
594923 3290
598213 1
598213 12
598213 58
594923 3415
598338 5
594923 3668
598591 42
598591 113
594923 3925
598848 120
594923 4055
598978 59
594923 4649
599572 37
594923 5270
600193 70
594923 6566
601489 16
594923 7943
602866 23
319787 319689
639476 23030
639476 23035
662511 97
639476 23630
663106 16
639476 24220
663696 62
319787 345072
664859 12295
677154 11
664859 21995
686854 6
345072 345125
690197 10637
700834 126
345125 356099
701224 6914
708138 65
701224 9235
710459 69
360048 358863
718911 2921
721832 93
718911 17695
736606 80
718911 23537
742448 62
718911 32577
751488 33
392409 360048
752457 20293
772750 8
752457 20516
772973 30
772973 32
772973 33
772973 36
772973 38
772973 42
772973 46
772973 50
772973 58
772973 64
752457 20652
773109 9
773109 44
752457 20740
773197 30
752457 20965
773422 14
752457 21060
773517 37
752457 21191
773648 2
752457 21418
773875 40
752457 21646
774103 76
752457 22473
774930 7
401385 400635
802020 24
417447 401402
818849 4344
823193 63
419890 417447
837337 372
837709 2
837337 1018
421861 422265
844126 593
844719 21
435397 422498
857895 4344
862239 45
857895 4720
857895 18331
876226 100
857895 18604
876499 21
435397 441233
876630 1242
876630 3796
880426 45
876630 4962
881592 16
876630 5080
881710 44
441286 441233
882519 4055
886574 66
882519 4422
886941 4
472776 472729
945505 2627
948132 28
945505 2730
948235 8
948235 10
948235 14
948235 24
948235 42
945505 3290
948795 9
945505 3541
949046 23
945505 5157
950662 43
945505 7786
953291 39
494087 494260
988347 279
504958 503661
1008619 11293
1019912 68
525395 525720
1051115 50980
1102095 47
1051115 52256
1103371 225
525720 594923
1120643 2802
1123445 36
1123445 38
1123445 40
1123445 45
1123445 54
1123445 59
1120643 2921
1123564 65
1120643 3043
1123686 25
1120643 5367
1126010 32
1120643 43696
1164339 11
1120643 44100
1164743 92
1120643 67935
1188578 238
597725 594923
1192648 2730
1195378 33
602889 639476
1242365 34321
1276686 149
1242365 53510
1295875 265
1242365 56266
1298631 70
1298631 92
1298631 108
639476 662506
1301982 22568
1324550 48
663758 664859
1328617 10418
1339035 71
677165 686854
1364019 6418
1370437 23
721925 721832
1443757 8280
1452037 38
736606 736686
1473292 644
1473936 2
1473292 651
1473943 18
1473943 19
1473943 20
1473943 24
1473943 30
742510 751488
1493998 8101
1502099 122
752457 751521
1503978 10246
1514224 122
772750 772758
1545508 192
774930 774937
1549867 5157
1555024 77
802044 818849
1620893 6566
1627459 47
823256 823193
1646449 2687
1646449 2730
1649179 10
1649179 22
862239 857895
1720134 921
1721055 76
1720134 1185
1721319 38
876226 862615
1738841 13495
1752336 64
886941 886945
1773886 50486
1824372 4
1824372 57
1824372 69
1773886 50589
1824475 101
953291 953330
1906621 30520
1937141 67
953330 988347
1941677 26665
1968342 81
1102095 1051115
2153210 21646
2174856 33
2153210 1968423
4121633 52831
4174464 74
2174856 2174889
4349745 1824441
6174186 1
2174889 4121633
6296522 1824576
8121098 52493
8173591 244
8173835 1
4174538 4349745
8524283 1649201
10173484 1
4349745 6174186
10523931 1649201
12173132 2
6296522 6174187
12470709 1649201
14119910 52831
14172741 42
6296522 8121098
14417620 1752400
16170020 2326
16172346 86
8173836 8524283
16698119 1473962
10173484 8524283
18697767 1473963
10523931 10173485
20697416 1473963
10523931 12173132
22697063 1473963
24171026 2
12470709 12173134
24643843 1514346
26158189 12488
14119910 12470709
26590619 1555101
28145720 24548
28170268 58
14172783 14417620
28590403 1555101
30145504 24460
30169964 11
16170020 14417620
30587640 1555101
32142741 26665
32169406 218
16172432 16698119
32870551 1298701
34169252 21
16698119 18172081
34870200 1298701
36168901 21
18172081 18697767
36869848 1123483
36869848 1298723
18697767 20171730
38869497 1298723
20697416 20171730
40869146 1298723
20697416 22171379
42868795 1298723
22697063 22171379
44868442 1123485
44868442 1298723
46167165 2
22697063 24171026
46868089 1298723
48166812 4
24643843 24171028
48814871 1339106
50153977 12488
26158189 24643843
50802032 1364019
52166051 63
26170677 26590619
52761296 1370460
54131756 33892
54165648 115
28145720 26590619
54736339 1370460
56106799 58375
56165174 238
28170326 28590403
56760729 1370460
58131189 33766
58164955 106
30145504 28590403
58735907 1370460
60106367 58140
60164507 203
30169975 30587640
60757615 1370460
62128075 36164
62164239 120
32142741 30587640
62730381 1370460
64100841 63068
64163909 99
32169624 32870551
65040175 1123481
66163656 1
32870551 34169252
67039803 1123499
68163302 4
34870200 34169273
69039473 1123481
70162954 1
36168901 34870200
71039101 1123499
72162600 4
36168922 36869848
73038770 1123483
37993331 38168571
38168571 38869497
77038068 1123483
40168220 38869497
79037717 1123483
40168220 40869146
81037366 1123483
42167869 40869146
83037015 1123483
42167869 42868795
85036664 1123483
44167518 42868795
87036313 1123483
44167518 44868442
89035960 1123485
45991927 46167165
92159092 2
46167167 46868089
93035256 1123485
94158741 2
46868089 48166812
95034901 1123490
96158391 1
48814871 48166816
96981687 1164835
98146522 11471
98157993 48
48814871 50153977
98968848 1188816
100157664 26
50802032 50166465
100968497 1188816
102157313 26
52166051 50802032
102968083 1188816
104156899 89
52166114 52761296
104927410 1195411
106122821 33766
106156587 50
54131756 52761296
106893052 1242365
108135417 20740
108156157 129
54165763 54736339
108902102 1242365
110144467 11416
110155883 52
56106799 54736339
110843138 1301982
112145120 10418
112155538 46
56165412 56760729
112926141 1195411
114121552 33642
114155194 39
58131189 56760729
114891918 1242365
116134283 20516
116154799 83
58165061 58735907
116900968 1242365
118143333 11190
118154523 8
60106367 58735907
118842274 1301982
120144256 9905
120154161 19
60164710 60757615
120922325 1195411
122117736 36010
122153746 83
62128075 60757615
122885690 1242365
124128055 25403
124153458 20
62164359 62730381
124894740 1242365
126137105 15923
126153028 99
64100841 62730381
126831222 1301982
128133204 19554
128152758 18
64164008 65040175
129204183 948235
130152418 7
65040175 66163656
131203831 948243
66163657 67039803
133203460 948259
134151719 4
67039803 68163302
135203105 948259
136151364 8
69039473 68163306
137202779 948235
138151014 7
70162954 69039473
139202427 948243
71039101 70162955
141202056 948259
142150315 4
72162600 71039101
143201701 948259
144149960 8
72162604 73038770
145201374 948243
74162253 73038770
147201023 948243
147201023 2174889
149375912 773003
74162253 76161902
150324155 1824376
152148531 33
76161902 77038068
153199970 948243
78161551 77038068
155199619 948243
78161551 79037717
157199268 948243
80161200 79037717
159198917 948243
80161200 81037366
161198566 948243
82160849 81037366
163198215 948243
82160849 83037015
165197864 948243
84160498 83037015
167197513 948243
84160498 85036664
169197162 948243
86160147 85036664
171196811 948243
86160147 87036313
173196460 948243
88159796 87036313
175196109 948243
88159796 89035960
177195756 948245
90159445 89035960
179195405 948245
179195405 2174889
181370294 773005
90159445 92159092
182318537 1824376
184142913 35
93035256 92159094
185194350 948245
186142595 2
94158741 93035256
187193997 948249
95034901 94158743
189193644 948249
190141893 2
96158391 95034901
191193292 948249
192141541 3
96158392 96981687
193140079 988626
194128705 12488
96981687 98146522
195128209 1008619
196136828 3925
196140753 89
98968848 98158041
197126889 1008619
198135508 4962
198140470 21
98968848 100157664
199126512 1008619
200135131 4993
200140124 16
100157690 100968497
201126187 1008619
202134806 4962
202139768 21
102157313 100968497
203125810 1008619
204134429 4993
204139422 16
102968083 102157339
205125422 1008619
206134041 4993
206139034 53
102968083 104156899
207124982 1008619
208133601 5131
208138732 4
104156988 104927410
209084398 1051115
210135513 2802
210138315 70
106122821 104927410
211050231 1051115
212101346 36581
212137927 107
106156637 106893052
213049689 1051115
214100804 36868
214137672 11
108135417 106893052
215028469 1103596
216132065 5249
216137314 18
108156286 108902102
217058388 1051115
218109503 27418
218136921 60
110144467 108902102
219046569 1051115
220097684 38905
220136589 41
110155935 110843138
220999073 1126042
222125115 11158
222136273 6
112145120 110843138
222988258 1126042
224114300 21418
224135718 210
112155584 112926141
225081725 1051115
226132840 2730
226135570 7
114121552 112926141
227047693 1051115
228098808 36408
228135216 10
114155233 114891918
229047151 1051115
230098266 36581
230134847 28
116134283 114891918
231026201 1103596
232129797 4720
232134517 7
116154882 116900968
233055850 1051115
234106965 27166
234134131 42
118143333 116900968
235044301 1051115
236095416 38318
236133734 88
118154531 118842274
236996805 1126042
238122847 10591
238133438 33
120144256 118842274
238986530 1126042
240112572 20516
240133088 32
120154180 120922325
241076505 1051115
242127620 5131
242132751 18
122117736 120922325
243040061 1051115
244091176 41168
244132344 74
122153829 122885690
245039519 1051115
246090634 41392
246132026 41
124128055 122885690
247013745 1103596
248117341 14331
248131672 44
124153478 124894740
249048218 1051115
250099333 31855
250131188 177
126137105 124894740
251031845 1051115
252082960 47866
252130826 187
252131013 1
126831222 126153127
252984349 1126042
254110391 20071
254130462 201
126831222 128133204
254964426 1164835
256129261 1027
256130288 24
129204183 128152776
257356959 772973
258129932 29
130152418 129204183
259356601 773009
131203831 130152425
261356256 773003
131203831 132152074
263355905 773003
133203460 132152074
265355534 773023
133203460 134151719
267355179 773023
268128202 4
135203105 134151723
269354828 773023
270127851 4
136151364 135203105
271354469 773031
272127500 4
136151372 137202779
273354151 772973
274127124 29
137202779 138151014
275353793 773009
138151021 139202427
277353448 773003
140150670 139202427
279353097 773003
140150670 141202056
281352726 773023
142150315 141202056
283352371 773023
284125394 4
142150319 143201701
285352020 773023
286125043 4
143201701 144149960
287351661 773031
288124692 4
145201374 144149968
289351342 773003
145201374 146149617
291350991 773003
147201023 146149617
293350640 773003
147201023 148149266
295350289 773003
149375912 148149266
297525178 597763
149375912 150148915
299524827 597763
150324155 150148915
300473070 1649136
302122206 33
152148531 150324155
302472686 1649201
304121887 1
152148564 153199970
305348534 773003
154148213 153199970
307348183 773003
154148213 155199619
309347832 773003
156147862 155199619
311347481 773003
156147862 157199268
313347130 773003
158147511 157199268
315346779 773003
158147511 159198917
317346428 773003
160147160 159198917
319346077 773003
160147160 161198566
321345726 773003
162146809 161198566
323345375 773003
162146809 163198215
325345024 773003
164146458 163198215
327344673 773003
164146458 165197864
329344322 773003
166146107 165197864
331343971 773003
166146107 167197513
333343620 773003
168145756 167197513
335343269 773003
168145756 169197162
337342918 773003
170145405 169197162
339342567 773003
170145405 171196811
341342216 773003
172145054 171196811
343341865 773003
172145054 173196460
345341514 773003
174144703 173196460
347341163 773003
174144703 175196109
349340812 773003
176144352 175196109
351340461 773003
176144352 177195756
353340108 773005
178144001 177195756
355339757 773005
178144001 179195405
357339406 773005
180143650 179195405
359339055 773005
180143650 181370294
361513944 597765
182143299 181370294
363513593 597765
182143299 182318537
364461836 1649136
366110972 35
182318537 184142913
366461450 1649201
368110651 5
185194350 184142948
369337298 773006
370110304 1
186142595 185194350
371336945 773009
187193997 186142597
373336594 773009
187193997 188142246
375336243 773009
189193644 188142246
377335890 773011
189193644 190141893
379335537 773011
380108548 2
191193292 190141895
381335187 773011
382108198 1
192141541 191193292
383334833 597775
383334833 773015
192141544 193140079
385281623 823256
386104879 2604
386107483 14
194128705 193140079
387268784 838355
388107139 7
194141193 195128209
389269402 837337
390106739 56
195128209 196136828
391265037 838355
392103392 3043
392106435 9
197126889 196140842
393267731 838355
394106086 7
198135508 197126889
395262397 838355
396100752 4962
396105714 28
198140491 199126512
397267003 838355
398105358 33
199126512 200135131
399261643 838355
400099998 4993
400104991 49
201126187 200140140
401266327 838355
402104682 7
202134806 201126187
403260993 838355
404099348 4962
404104310 28
202139789 203125810
405265599 838355
406103954 33
203125810 204134429
407260239 838355
408098594 4993
408103587 49
205125422 204139438
409264860 838355
410103215 70
206134041 205125422
411259463 838355
412097818 5080
412102898 36
206139087 207124982
413264069 838355
414102424 159
207124982 208133601
415258583 838355
416096938 5270
416102208 24
209084398 208138736
417223134 877872
418101006 838
418101844 37
209084398 210135513
419219911 881608
420101519 11
210138385 211050231
421188616 886945
422075561 25550
422101111 68
212101346 211050231
423151577 949069
424100646 181
424100827 1
212138034 213049689
425187723 886945
426074668 25736
426100404 73
214100804 213049689
427150493 949069
428099562 548
428100110 16
214137683 215028469
429166152 886945
430053097 46580
430099677 98
216132065 215028469
431160534 886945
432047479 51945
217058388 216137332
433195720 886945
434082665 16331
434098996 77
217058388 218109503
435167891 886945
436054836 43870
436098706 16
219046569 218136981
437183550 886945
438070495 27671
438098166 205
219046569 220097684
439144253 953330
440097583 434
440098017 3
220999073 220136630
441135703 953330
442089033 8581
442097614 55
220999073 222125115
443124188 953330
444077518 19723
444097241 77
222988258 222136279
445124537 953330
446077867 18976
446096843 124
222988258 224114300
447102558 988626
448091184 5417
448096601 15
225081725 224135928
449217653 877872
450095525 739
450096264 1
225081725 226132840
451214565 880471
452095036 838
452095874 40
227047693 226135577
453183270 886945
454070215 25186
454095401 161
454095562 1
228098808 227047693
455146501 948277
456094778 434
229047151 228135226
457182377 886945
458069322 25430
458094752 109
229047151 230098266
459145417 949069
460094486 24
230134875 231026201
461161076 886945
462048021 45943
462093964 195
232129797 231026201
463155998 886945
464042943 50818
464093761 47
232134524 233055850
465190374 886945
466077319 16081
466093400 57
234106965 233055850
467162815 886945
468049760 43171
468092931 175
234134173 235044301
469178474 886945
470065419 27166
470092585 170
236095416 235044301
471139717 950705
472090422 1981
472092403 1
236133822 236996805
473130627 953330
474083957 7980
474091937 116
238122847 236996805
475119652 953330
476072982 18604
476091586 116
238133471 238986530
477120001 953330
478073331 17906
478091237 114
240112572 238986530
479099102 988626
480087728 3237
480090965 35
240133120 241076505
481209625 880471
482090096 548
482090644 5
242127620 241076505
483204125 882519
484086644 3586
484090230 68
242132769 243040061
485172830 886945
486059775 29993
486089768 179
244091176 243040061
487131237 953330
488084567 4993
488089560 36
244132418 245039519
489171937 886945
490058882 30256
490089138 107
246090634 245039519
491130153 953330
492083483 5410
492088893 1
246132067 247013745
493145812 886945
494032757 55596
494088353 190
248117341 247013745
495131086 953330
496084416 3668
496088084 108
248131716 249048218
497179934 886945
498066879 20937
498087816 25
250099333 249048218
499147551 886945
500034496 52966
500087462 28
250131365 251031845
501163210 886945
502050155 36924
502087079 60
252082960 251031845
503114805 953330
504068135 18604
504086739 49
252984349 252131014
505115363 953330
506068693 17695
506086388 49
252984349 254110391
507094740 988626
508083366 2687
508086053 33
254964426 254130663
509095089 988626
510083715 1981
510085696 39
254964426 256129261
511093687 988626
512082313 3043
512085356 28
257356959 256130312
513487271 597761
514085032 1
258129932 257356959
515486891 597791
259356601 258129961
517486562 597769
259356601 260129610
519486211 597769
261356256 260129610
521485866 597763
261356256 262129259
523485515 597763
263355905 262129259
525485164 597763
263355905 264128908
527484813 597763
265355534 264128908
529484442 597783
265355534 266128557
531484091 597783
267355179 266128557
533483736 597787
267355179 268128202
535483381 597791
268128206 269354828
537483034 597787
270127851 269354828
539482679 597791
271354469 270127855
541482324 597795
271354469 272127500
543481969 597797
544079766 2
273354151 272127504
545481655 597761
546079416 1
274127124 273354151
547481275 597791
275353793 274127153
549480946 597769
275353793 276126802
551480595 597769
277353448 276126802
553480250 597763
277353448 278126451
555479899 597763
279353097 278126451
557479548 597763
279353097 280126100
559479197 597763
281352726 280126100
561478826 597783
281352726 282125749
563478475 597783
283352371 282125749
565478120 597787
283352371 284125394
567477765 597791
284125398 285352020
569477418 597787
286125043 285352020
571477063 597791
287351661 286125047
573476708 597795
287351661 288124692
575476353 597797
576074150 2
289351342 288124696
577476038 597763
289351342 290124345
579475687 597763
291350991 290124345
581475336 597763
291350991 292123994
583474985 597763
293350640 292123994
585474634 597763
293350640 294123643
587474283 597763
295350289 294123643
589473932 597763
295350289 296123292
591473581 597763
297525178 296123292
593648470 422498
594070968 25
298122941 297525178
595648119 422498
596070617 25
299524827 298122941
597647768 422498
598070266 25
300122590 299524827
599647417 422498
600069915 25
300473070 300122590
600595660 1473292
602068952 637
302122206 300473070
602595276 1473962
302472686 302122239
604594925 1473962
302472686 304121887
606594573 1473963
304121888 305348534
609470422 597763
306121537 305348534
611470071 597763
306121537 307348183
613469720 597763
308121186 307348183
615469369 597763
308121186 309347832
617469018 597763
310120835 309347832
619468667 597763
310120835 311347481
621468316 597763
312120484 311347481
623467965 597763
312120484 313347130
625467614 597763
314120133 313347130
627467263 597763
314120133 315346779
629466912 597763
316119782 315346779
631466561 597763
316119782 317346428
633466210 597763
318119431 317346428
635465859 597763
318119431 319346077
637465508 597763
320119080 319346077
639465157 597763
320119080 321345726
641464806 597763
322118729 321345726
643464455 597763
322118729 323345375
645464104 597763
324118378 323345375
647463753 597763
324118378 325345024
649463402 597763
326118027 325345024
651463051 597763
326118027 327344673
653462700 597763
328117676 327344673
655462349 597763
328117676 329344322
657461998 597763
330117325 329344322
659461647 597763
330117325 331343971
661461296 597763
332116974 331343971
663460945 597763
332116974 333343620
665460594 597763
334116623 333343620
667460243 597763
334116623 335343269
669459892 597763
336116272 335343269
671459541 597763
336116272 337342918
673459190 597763
338115921 337342918
675458839 597763
338115921 339342567
677458488 597763
340115570 339342567
679458137 597763
340115570 341342216
681457786 597763
342115219 341342216
683457435 597763
342115219 343341865
685457084 597763
344114868 343341865
687456733 597763
344114868 345341514
689456382 597763
346114517 345341514
691456031 597763
346114517 347341163
693455680 597763
348114166 347341163
695455329 597763
348114166 349340812
697454978 597763
350113815 349340812
699454627 597763
350113815 351340461
701454276 597763
352113464 351340461
703453925 597763
352113464 353340108
705453572 597765
354113113 353340108
707453221 597765
354113113 355339757
709452870 597765
356112762 355339757
711452519 597765
356112762 357339406
713452168 597765
358112411 357339406
715451817 597765
358112411 359339055
717451466 597765
360112060 359339055
719451115 597765
360112060 361513944
721626004 422498
722048502 27
361513944 362111709
723625653 422498
724048151 27
362111709 363513593
725625302 422498
726047800 27
363513593 364111358
727624951 422498
728047449 27
364111358 364461836
728573194 1473292
730046486 637
730047123 2
366110972 364461836
730572808 1473963
732046771 3
366111007 366461450
732572457 1473963
734046420 3
366461450 368110651
734572101 1473967
736046068 4
369337298 368110656
737447954 597765
738045719 2
370110304 369337298
739447602 597765
740045367 3
370110305 371336945
741447250 597769
372109954 371336945
743446899 597769
372109954 373336594
745446548 597769
374109603 373336594
747446197 597769
374109603 375336243
749445846 597769
376109252 375336243
751445495 597769
376109252 377335890
753445142 597771
378108901 377335890
755444791 597771
378108901 379335537
757444438 597772
758042210 1
379335537 380108548
759444085 597775
380108550 381335187
761443737 597772
382108198 381335187
763443385 597772
764041157 1
382108199 383334833
765443032 597775
383932608 384107848
384107848 385281623
769389471 639476
770028947 11158
385281623 386104879
771386502 639476
772025978 13685
772039663 91
387268784 386107497
773376281 663122
387268784 388107139
775375923 663122
776039045 7
389269402 388107146
777376548 639476
778016024 22568
778038592 109
389269402 390106739
779376141 639476
780015617 22709
780038326 24
390106795 391265037
781371832 664859
782036691 1242
782037933 66
392103392 391265037
783368429 664859
784033288 4344
784037632 16
392106444 393267731
785374175 663122
394106086 393267731
787373817 663122
788036939 7
394106093 395262397
789368490 664859
790033349 3237
790036586 9
396100752 395262397
791363149 664859
792028008 8230
792036238 6
396105742 397267003
793372745 663122
794035867 26
397267003 398105358
795372361 663122
796035483 59
399261643 398105391
797367034 664859
798031893 3290
798035183 8
399261643 400099998
799361641 664859
800026500 8280
800034780 60
401266327 400105040
801371367 663122
401266327 402104682
803371009 663122
804034131 7
403260993 402104689
805365682 664859
806030541 3237
806033778 9
403260993 404099348
807360341 664859
808025200 8230
808033430 6
405265599 404104338
809369937 663122
810033059 26
406103954 405265599
811369553 663122
812032675 59
406103987 407260239
813364226 664859
814029085 3290
814032375 8
408098594 407260239
815358833 664859
816023692 8280
816031972 60
408103636 409264860
817368496 663122
818031618 63
409264860 410103215
819368075 663122
820031197 133
411259463 410103285
821362748 664859
822027607 3290
822030897 82
411259463 412097818
823357281 664859
824022140 8450
824030590 38
413264069 412102934
825367003 663122
826030125 152
414102424 413264069
827366493 663122
828029615 311
414102583 415258583
829361166 664859
830026025 3541
830029566 9
416096938 415258583
831355521 664859
832020380 8743
832029123 101
416102232 417223134
833325366 701224
834026590 2210
834028800 73
418101006 417223134
835324140 701224
836025364 3127
836028491 31
418101881 419219911
837321792 701224
838023016 5131
838028147 24
420101519 419219911
839321430 701224
840022654 5157
840027811 9
421188616 420101530
841290146 736686
842026832 637
422075561 421188616
843264177 752457
844016634 10418
844027052 66
422101179 423151577
845252756 773915
846026671 96
423151577 424100646
847252223 774179
848026402 14
424100828 425187723
849288551 736686
850025237 825
850026062 3
426074668 425187723
851262391 752457
852014848 10765
852025613 101
426100477 427150493
853250970 774179
854025149 214
427150493 428099562
855250055 774937
856024992 20
428100126 429166152
857266278 752457
858018735 5836
858024571 90
430053097 429166152
859219249 802044
860021293 2921
860024214 96
430099775 431160534
861260309 752457
862012766 11190
862023956 3
432047479 431160534
863208013 802044
864010057 13495
864023552 56
433195720 432099424
865295144 721925
866017069 6170
866023239 18
433195720 434082665
867278385 742510
868020895 1981
868022876 30
435167891 434099073
869266964 752457
870019421 3127
870022548 7
435167891 436054836
871222727 774937
871997664 24506
872022170 34
437183550 436098722
873282272 736686
874018958 2802
874021760 93
437183550 438070495
875254045 752457
876006502 14929
876021431 71
439144253 438098371
877242624 774937
878017561 3586
878021147 4
439144253 440097583
879241836 774937
880016773 3925
880020698 102
441135703 440098020
881233723 774937
882008660 11650
882020310 139
441135703 442089033
883224736 774937
883999673 20293
884019966 132
443124188 442097669
885221857 774937
885996794 22801
886019595 152
443124188 444077518
887201706 802044
888003750 15640
888019390 6
445124537 444097318
889221855 774937
889996792 22105
890018897 148
445124537 446077867
891202404 802044
892004448 14165
892018613 81
447102558 446096967
893199525 802044
894001569 16689
894018258 85
447102558 448091184
895193742 823256
896016998 921
896017919 73
449217653 448096616
897314269 701224
898015493 2113
898017606 35
449217653 450095525
899313178 701224
900014402 2802
900017204 86
451214565 450096265
901310830 701224
902012054 4856
902016910 29
451214565 452095036
903309601 701224
904010825 5723
904016548 40
453183270 452095914
905279184 736686
906015870 356
906016226 11
453183270 454070215
907253485 752457
908005942 9905
908015847 39
454095563 455146501
909242064 773436
910015500 35
455146501 456094778
911241279 773875
912015154 30
457182377 456095212
913277589 736686
914014275 548
914014823 10
457182377 458069322
915251699 752457
916004156 10246
916014402 80
459145417 458094861
917240278 773650
918013928 203
460094486 459145417
919239903 773875
920013778 2
460094510 461161076
921255586 752457
922008043 5367
922013410 19
462048021 461161076
923209097 802044
924011141 1918
924013059 19
462094159 463155998
925250157 752457
926002614 10075
926012689 38
464042943 463155998
927198941 802044
928000985 11293
928012278 98
464093808 465190374
929284182 721925
930006107 5836
930011943 82
466077319 465190374
931267693 742510
932010203 1242
932011445 229
466093457 467162815
933256272 752457
934008729 2580
934011309 14
468049760 467162815
935212575 774937
935987512 23450
936010962 10
468093106 469178474
937271580 736686
938008266 2326
938010592 29
470065419 469178474
939243893 752457
939996350 13876
940010226 44
470092755 471139717
941232472 774937
942007409 2443
942009852 67
472090422 471139717
943230139 774937
944005076 4451
944009527 41
472092404 473130627
945223031 774937
945997968 11190
946009158 59
474083957 473130627
947214584 774937
947989521 19345
475119652 474092053
949211705 774937
949986642 21821
950008463 52
475119652 476072982
951192634 802044
951994678 13393
952008071 93
477120001 476091702
953211703 774937
953986640 21110
954007750 63
477120001 478073331
955193332 802044
955995376 12011
956007387 75
479099102 478091351
957190453 802044
957992497 14597
958007094 17
479099102 480087728
959186830 818849
960005679 1058
960006737 23
481209625 480091000
961300625 701224
962001849 4525
962006374 35
481209625 482090096
963299721 701224
964000945 5080
964006025 33
483204125 482090649
965294774 710528
966005302 405
484086644 483204125
967290769 710528
968001297 4055
968005352 4
484090298 485172830
969263128 736686
969999814 5157
970004971 34
486059775 485172830
971232605 752457
971985062 19554
972004616 38
486089947 487131237
973221184 774937
973996121 8101
974004222 81
488084567 487131237
975215804 774937
975990741 13118
976003859 93
488089596 489171937
977261533 736686
977998219 5367
978003586 15
490058882 489171937
979230819 752457
979983276 19866
980003142 108
490089245 491130153
981219398 774937
981994335 8450
982002785 114
492083483 491130153
983213636 774937
983988573 13876
984002449 99
492088894 493145812
985234706 752457
985987163 14929
986002092 105
494032757 493145812
987178569 823256
988001825 21
495131086 494088543
989219629 774937
989994566 6914
990001480 15
495131086 496084416
991215502 774937
991990439 10637
992001076 68
497179934 496088192
993268126 721925
993990051 10637
994000688 105
497179934 498066879
995246813 752457
995999270 1165
996000435 7
499147551 498087841
997235392 752457
997987849 12231
998000080 11
499147551 500034496
999182047 802044
999984091 15640
999999731 9
