3022
1 1
2 1
1 2
3 1
3 3
3 4
4 3
7 1
4 3
7 2
4 6
10 1
4 6
10 2
7 7
7 9
16 1
10 10
12 10
22 2
12 10
22 3
14 12
14 12
26 2
14 16
30 2
17 16
33 1
17 20
17 20
37 1
17 20
37 4
22 25
47 2
22 25
47 3
30 28
30 28
58 2
30 28
58 3
37 38
37 41
78 4
37 41
78 9
47 50
97 4
47 50
97 7
104 1
47 50
97 10
61 58
119 2
61 58
119 4
123 1
61 58
119 7
126 1
61 58
119 12
131 1
61 75
136 16
78 78
156 3
78 87
165 10
175 1
97 87
184 2
97 97
194 3
97 97
194 4
97 107
204 14
119 107
226 3
119 107
226 10
236 1
119 119
238 3
119 119
238 4
119 126
119 131
250 3
119 131
250 7
152 136
288 12
152 136
288 17
305 2
152 156
308 3
152 156
308 6
159 156
315 3
175 165
340 1
184 176
360 2
184 176
360 4
364 1
184 186
370 7
204 198
402 10
412 1
204 218
422 4
426 1
236 226
462 6
236 226
462 9
241 238
250 257
507 17
524 2
288 257
545 12
557 1
305 288
593 12
605 1
340 341
681 4
685 1
360 341
701 7
364 365
729 4
370 377
747 7
402 377
779 25
402 412
814 2
413 412
426 427
853 4
857 1
426 427
853 14
462 427
889 14
462 427
889 20
909 1
462 427
889 22
911 2
479 471
950 26
976 1
479 471
950 33
479 507
986 10
558 557
1115 17
558 593
1151 26
558 593
1151 37
1188 3
605 606
1211 22
605 606
1211 50
1261 4
681 606
1287 7
681 606
1287 22
1309 2
733 729
1462 4
733 747
1480 7
754 747
1501 7
754 747
1501 10
754 747
1501 30
1531 1
754 779
1533 34
1567 1
804 779
1583 6
853 825
1678 7
1685 1
853 825
1678 17
1695 1
853 858
1711 3
889 867
1756 7
1763 1
911 913
1824 32
950 913
986 996
1982 87
2069 7
986 996
1982 107
986 996
1982 107
2089 3
1115 996
2111 20
1151 1151
2302 22
2324 1
1188 1191
2379 22
1261 1211
2472 22
2494 2
1261 1211
2472 50
1462 1311
2773 107
2880 1
1462 1311
2773 107
2880 4
2884 1
1462 1466
2928 17
1501 1531
3032 10
1583 1589
3172 17
1583 1589
3172 34
3206 1
1678 1589
3267 61
3328 1
1756 1714
1756 1714
3470 10
3480 1
1764 1824
3588 17
1856 1863
3719 22
3741 1
1856 1863
3719 41
3760 1
1856 1863
3719 87
3806 3
1856 1863
3719 87
3806 7
3813 1
2131 2302
4433 186
4619 4
2773 2522
5295 226
2773 2773
5546 61
5607 12
2773 2773
5546 75
2773 2773
5546 78
5624 7
3032 2945
5977 47
6024 1
3172 3206
6378 30
3207 3206
6413 41
6454 2
3207 3267
6474 58
6532 1
3207 3267
6474 97
6571 6
3328 3329
6657 34
6691 2
3328 3329
6657 50
6707 6
3328 3329
6657 61
6718 2
3719 3605
7324 14
3719 3605
7324 26
3719 3719
7438 50
7488 2
3814 3813
7627 75
7702 1
3814 3813
7627 184
7811 1
3814 3813
7627 186
7813 3
3814 3813
7627 198
7825 2
3814 3813
7627 257
7884 7
3814 3813
7627 288
7915 10
7925 1
3814 3813
7627 377
8004 14
8018 1
3814 3813
7627 402
8029 6
3814 4433
8247 165
8412 7
8419 1
4619 4623
9242 50
9292 4
4619 4623
9242 226
9468 9
4619 4623
9242 606
9848 32
5295 4623
9918 61
5295 4623
9918 318
10236 16
5295 4623
9918 377
10295 7
5295 4623
9918 606
10524 2
5295 5521
10816 218
11034 6
5624 5631
11255 186
11441 6
5624 5631
11255 226
11481 9
5977 5631
11608 250
11858 3
5977 6024
12001 22
12023 2
6025 6024
12049 50
12099 6
6025 6378
12403 58
12461 1
6025 6378
12403 288
12691 14
6408 6413
12821 12
12833 1
6571 6474
13045 26
13071 1
6657 6577
13234 34
13268 2
6718 6720
13438 14
13452 1
7324 6720
14044 119
14163 9
7324 6720
14044 377
14421 9
7488 7490
14978 20
7627 7627
15254 194
15448 2
7627 7627
15254 288
15542 7
8029 7627
15656 377
16033 22
8247 8035
16282 365
8419 8420
16839 165
17004 4
17008 1
8419 8420
16839 176
8419 8420
16839 558
17397 2
8419 8420
16839 804
9477 9242
18719 7
18726 1
9477 9242
18719 87
18806 1
9848 9242
19090 107
19197 7
19204 1
9848 9242
19090 402
19492 9
9918 9918
19836 242
20078 1
9918 10524
20442 119
20561 9
9918 10524
20442 341
20783 14
20797 1
10526 10524
21050 61
21111 4
21115 1
10526 10524
21050 136
21186 4
11255 11255
22510 47
22557 2
11255 11255
22510 61
22571 10
12099 12105
24204 78
24282 7
12691 12403
25094 97
25191 7
25198 1
13071 13045
26116 25
13270 13268
26538 41
26579 1
13452 13453
26905 340
13452 13453
26905 462
27367 4
27371 1
14421 14044
28465 61
28526 12
14421 14044
28465 318
28783 12
28795 1
14421 14430
28851 308
29159 2
14978 14998
29976 136
30112 12
16282 16055
32337 50
32387 1
16282 16055
32337 257
32594 6
16839 16647
33486 33
16839 16839
33678 61
33739 6
18719 17643
36362 50
36412 3
18806 18807
37613 194
37807 1
19501 19492
38993 257
39250 28
21050 21050
42100 50
42150 4
42154 1
21186 21190
42376 78
42454 4
42458 1
22510 21190
43700 545
44245 3
22571 22581
45152 218
45370 6
22571 22581
45152 996
46148 22
24204 22581
46785 218
47003 2
24204 22581
46785 686
47471 10
24289 24282
48571 427
48998 22
49020 2
24289 25094
49383 107
49490 10
26141 26538
52679 341
53020 7
26905 26905
53810 305
54115 1
26905 27367
54272 136
54408 9
27371 27372
54743 526
55269 1
27371 27372
54743 825
55568 20
55588 1
28851 29159
58010 61
58071 6
29161 29976
59137 413
59550 4
59554 1
29161 29976
59137 479
59616 4
29161 29976
59137 825
59962 14
30112 30124
60236 1863
62099 34
62133 1
32337 30124
62461 136
62597 14
32337 30124
62461 288
62749 1
32337 30124
62461 754
63215 14
32337 30124
62461 1589
64050 3
32337 30124
62461 1696
64157 10
64167 1
32337 30124
62461 1982
64443 47
64490 1
32600 33486
66086 606
66692 50
66742 1
36362 33745
70107 257
70364 26
36362 33745
70107 558
70665 10
36362 33745
70107 996
71103 97
71200 9
36362 33745
70107 1487
71594 4
36362 33745
70107 2522
72629 107
72736 10
39278 39250
78528 558
79086 26
79112 1
39278 39250
78528 779
79307 20
39278 39250
78528 1311
79839 50
79889 2
39278 42100
81378 2522
83900 132
42155 42154
84309 107
84416 4
84420 1
42459 43700
86159 37
86196 3
44245 44248
88493 708
89201 7
89208 1
45152 44248
89400 377
89777 9
45152 44248
89400 606
90006 61
90067 7
45376 45152
90528 318
90846 14
49383 49490
98873 34
98907 1
49500 49490
98990 779
99769 4
99773 1
49500 52679
102179 996
103175 17
53810 53027
106837 754
107591 7
55589 55588
111177 257
111434 10
111444 1
55589 58010
113599 2131
115730 159
115889 2
58071 58077
116148 136
116284 7
59137 58077
117214 318
117532 14
117546 1
60236 59976
120212 779
120991 22
121013 1
60236 62099
122335 733
123068 4
62461 62461
124922 1191
126113 2
62461 62461
124922 1589
126511 61
126572 3
62461 64443
126904 50
126954 6
62461 64443
126904 733
127637 4
127641 1
64490 64491
128981 779
129760 20
129780 1
64490 64491
128981 1287
130268 14
66086 64491
130577 686
131263 2
66742 66743
133485 58
133543 2
66742 66743
133485 1764
135249 34
135283 2
70107 66743
136850 1568
138418 9
70107 70107
140214 1151
141365 34
141399 2
70107 72629
142736 1714
144450 22
144472 1
70107 72629
142736 2131
144867 107
144974 2
78528 72746
151274 4623
155897 427
156324 28
78528 79327
157855 152
158007 1
79889 79891
159780 593
160373 4
160377 1
81378 79891
161269 2522
163791 41
163832 1
81378 79891
161269 2522
163791 165
163956 9
81378 83900
165278 370
165648 4
165652 1
84421 84420
168841 825
169666 17
169683 1
84421 86159
170580 30
170610 1
84421 86159
170580 708
171288 9
84421 86159
170580 804
171384 9
88493 86199
174692 2522
177214 159
177373 1
90860 90846
181706 1589
183295 4
183299 1
90860 90846
181706 6720
188426 87
188513 4
90860 98873
189733 1863
191596 97
191693 1
90860 98873
189733 6720
196453 10
90860 98873
189733 7627
197360 288
197648 10
103192 103175
206367 2773
209140 87
209227 1
103192 106837
210029 471
210500 3
103192 106837
210029 3329
213358 119
103192 106837
210029 3814
213843 136
213979 10
111177 107598
218775 889
219664 2
113599 115730
229329 360
229689 1
121014 122335
243349 14
243363 1
124922 126511
251433 107
251540 4
251544 1
124922 126511
251433 1151
252584 30
252614 1
126572 126575
253147 257
253404 14
126904 127637
254541 479
255020 17
131263 131265
262528 733
263261 12
263273 1
135285 136850
272135 1501
273636 17
273653 1
135285 136850
272135 2522
274657 61
274718 12
135285 136850
272135 2773
274908 75
274983 2
135285 136850
272135 2885
275020 7
135285 136850
272135 2945
275080 78
275158 1
138418 138427
276845 1756
278601 1
144976 151274
296250 6720
302970 360
303330 2
158007 158008
316015 606
316621 47
159780 158008
317788 1265
319053 2
168841 165653
334494 2401
336895 4
174692 171393
346085 3172
349257 10
174692 177214
351906 996
352902 12
181706 188426
370132 4623
374755 17
374772 2
189733 188517
378250 545
378795 4
378799 1
189733 189733
379466 6657
386123 47
189733 197360
387093 7627
394720 165
394885 3
197648 197658
395306 4433
399739 132
399871 3
213989 213979
427968 2302
430270 2
213989 218775
432764 3719
436483 34
436517 1
229329 219666
448995 1533
450528 7
229690 229689
459379 913
460292 20
460312 1
229690 229689
459379 1311
460690 61
460751 10
460761 1
229690 229689
459379 2522
461901 22
461923 2
229690 243349
473039 1856
474895 6
229690 243349
473039 6025
479064 257
479321 12
479333 1
243363 243364
486727 2401
489128 50
489178 7
243363 243364
486727 3329
490056 58
490114 1
251433 243364
494797 165
494962 7
251433 243364
494797 1824
496621 22
496643 2
251433 243364
494797 2131
496928 136
497064 3
251433 243364
494797 3814
498611 318
498929 2
251433 243364
494797 6025
500822 136
500958 10
500968 1
251433 243364
494797 6720
501517 257
501774 28
255020 255037
510057 1115
511172 16
262528 255037
517565 2773
520338 87
520425 3
262528 255037
517565 7324
524889 14
524903 1
262528 263261
525789 87
278601 276845
555446 1311
556757 119
556876 2
278601 278602
557203 12403
569606 4
569610 1
303330 303332
606662 8412
615074 4
615078 1
316015 303332
619347 996
620343 97
620440 6
316015 303332
619347 11608
630955 61
631016 10
319053 319055
638108 6408
644516 3
334494 319055
653549 11255
664804 78
664882 2
336899 336895
673794 8420
682214 754
682968 7
682975 1
336899 346085
682984 8420
691404 413
691817 6
349257 346085
695342 1695
351906 349267
701173 2472
703645 22
352914 352902
705816 6720
712536 28
352914 352902
705816 10816
716632 97
716729 4
374755 370132
744887 2472
747359 25
378795 378250
757045 165
757210 7
378800 379466
758266 6720
764986 377
765363 22
765385 2
387093 386170
773263 4623
777886 257
778143 25
387093 394720
781813 4623
786436 545
786981 1
395306 394888
790194 950
791144 26
399871 399874
799745 3042
802787 22
802809 1
399871 399874
799745 21186
820931 2
399871 399874
799745 22581
822326 606
822932 50
822982 7
399871 399874
799745 25199
824944 558
825502 14
825516 1
427968 399874
827842 12403
840245 257
840502 14
427968 399874
827842 19501
847343 250
847593 1
427968 399874
827842 24289
852131 471
436518 436517
873035 9242
882277 78
882355 4
436518 436517
873035 9918
882953 479
883432 6
473039 461925
934964 9918
944882 61
944943 1
486727 490056
976783 1487
978270 12
978282 1
501802 501774
1003576 2522
1006098 10
1006108 1
501802 501774
1003576 5631
1009207 257
1009464 26
1009490 1
501802 510057
1011859 3042
1014901 61
1014962 7
1014969 1
501802 510057
1011859 8420
1020279 97
1020376 7
517565 511188
1028753 1714
1030467 26
517565 517565
1035130 250
525789 525876
1051665 4623
1056288 61
1056349 10
1056359 1
525789 525876
1051665 28465
1080130 119
1080249 10
1080259 1
557203 556878
1114081 4623
1118704 12
557203 569606
1126809 6025
1132834 61
1132895 12
569610 569611
1139221 12049
1151270 20
569610 569611
1139221 21190
1160411 507
1160918 7
606662 569611
1176273 22581
1198854 422
1199276 2
631026 638108
1269134 3719
1272853 50
1272903 2
631026 638108
1269134 6720
1275854 97
1275951 3
644516 644519
1289035 2472
1291507 14
682968 682214
1365182 606
1365788 2
682976 682984
1365960 4433
1370393 87
1370480 4
716729 716733
1433462 8420
1441882 360
1442242 3
747384 747359
1494743 2131
1496874 61
747384 747359
1494743 6474
1501217 37
1501254 2
747384 747359
1494743 6720
1501463 526
1501989 14
1502003 1
747384 757045
1504429 3719
1508148 61
1508209 9
747384 757045
1504429 7627
765387 765385
1530772 3329
1534101 119
1534220 2
778168 781813
1559981 2131
1562112 159
1562271 4
824944 799745
1624689 7627
1632316 288
1632604 6
827842 825517
1653359 889
1654248 17
1654265 2
847594 827842
1675436 2945
1678381 50
1678431 2
873035 852602
1725637 1151
1726788 34
1726822 1
873035 882953
1755988 5521
1761509 1
883432 883438
1766870 18807
1785677 136
1785813 9
883432 883438
1766870 27372
1794242 318
1794560 20
1794580 1
934964 883438
1818402 2379
1820781 1
934964 883438
1818402 39278
1857680 1589
1859269 58
1859327 2
934964 944882
1879846 6025
1885871 341
1886212 9
934964 944882
1879846 8420
1888266 708
1888974 10
1888984 1
944943 944944
1889887 6025
1895912 107
1896019 4
1896023 1
944943 944944
1889887 11608
1901495 14
978282 978283
1956565 9242
1965807 427
1966234 22
978282 978283
1956565 9848
978282 978283
1956565 17643
1974208 913
1975121 28
978282 978283
1956565 22581
1979146 996
1980142 107
1980249 2
1003576 978283
1981859 11608
1993467 16
1020383 1020376
2040759 7627
2048386 218
1035130 1035380
2070510 13453
2083963 198
2084161 2
1051665 1035380
2087045 9918
2096963 479
2097442 22
2097464 2
1080260 1080259
2160519 32600
2193119 318
2193437 4
2193441 1
1139221 1139221
2278442 593
2279035 7
1176273 1160925
2337198 2472
2339670 22
2339692 2
1199276 1199278
2398554 6720
2405274 176
1199276 1199278
2398554 54417
2452971 87
1269134 1199278
2468412 22581
2490993 7
1269134 1199278
2468412 29161
2497573 198
2497771 1
1269134 1199278
2468412 55589
2524001 1311
2525312 136
2525448 6
1269134 1199278
2468412 66086
2534498 526
2535024 14
1289035 1275954
2564989 14998
2579987 4
2579991 1
1291521 1291507
2583028 18719
2601747 50
2601797 4
2601801 1
1291521 1291507
2583028 55589
2638617 558
2639175 3
1291521 1365182
2656703 37808
2694511 20
1370480 1370484
2740964 39278
2780242 2401
2782643 3
1442242 1442245
2884487 45152
2929639 402
2930041 6
1494743 1442245
2936988 21190
2958178 526
1494743 1442245
2936988 49500
2986488 996
2987484 61
2987545 10
2987555 1
1504429 1504429
3008858 1151
3010009 2
1512056 1504429
3016485 3814
3020299 377
3020676 17
1534222 1559981
3094203 14998
3109201 184
3109385 1
1562275 1562271
3124546 53027
3177573 136
3177709 14
1632610 1632604
3265214 3814
3269028 341
3269369 9
1654267 1675436
3329703 16839
3346542 558
1678433 1678431
3356864 13072
3369936 136
3370072 10
1726823 1755988
3482811 804
3483615 7
3483622 1
1726823 1755988
3482811 3814
3486625 186
1726823 1755988
3482811 8420
3491231 606
3491837 3
1785822 1766870
3552692 996
3553688 7
3553695 1
1818402 1794581
3612983 5631
3618614 119
3618733 10
1859327 1859329
3718656 3814
3722470 87
3722557 4
1879846 1879846
3759692 2379
3762071 9
1888266 1879846
3768112 996
3769108 50
3769158 4
3769162 1
1896024 1889887
3785911 87
3785998 6
1901495 1901509
3803004 46170
3849174 479
1956565 1901509
3858074 19090
3877164 257
3877421 28
3877449 1
1956565 1901509
3858074 49500
3907574 996
3908570 17
1956565 1979146
3935711 9918
3945629 422
3946051 2
1993467 1981859
3975326 204
3975530 7
2040759 1993483
4034242 20079
4054321 288
4054609 12
2040759 1993483
4034242 24289
4058531 165
4058696 4
2040759 1993483
4034242 39278
4073520 1678
4075198 14
4075212 1
2160519 2097466
4257985 26580
4284565 107
4284672 10
4284682 1
2193442 2278442
4471884 54743
4526627 606
4527233 61
4527294 3
2339692 2339694
4679386 28465
4707851 136
4707987 1
2398554 2339694
4738248 14044
4752292 176
4752468 4
4752472 1
2452971 2398554
4851525 5295
4856820 194
4857014 2
2468412 2468412
4936824 18807
4955631 61
4955692 10
4955702 1
2601802 2583028
5184830 5546
5190376 41
5190417 4
5190421 1
2638617 2583028
5221645 6474
5228119 61
5228180 4
5228184 1
2638617 2583028
5221645 22581
5244226 30
5244256 1
2639178 2639175
5278353 6720
5285073 558
5285631 33
2639178 2656703
5295881 48571
5344452 119
5344571 4
5344575 1
2740964 2694531
5435495 45152
5480647 427
5481074 12
5481086 1
2740964 2694531
5435495 46170
5481665 257
5481922 2
2740964 2694531
5435495 72746
5508241 4433
5512674 78
5512752 3
2782643 2782646
5565289 42100
5607389 1
2782643 2782646
5565289 49500
5614789 2945
5617734 41
5617775 4
2936988 2936988
5873976 4623
5878599 37
5878636 1
2936988 2958704
5895692 5631
5901323 119
5901442 6
2936988 2986488
5923476 4433
5927909 12
2987555 2987556
5975111 6378
5981489 17
5981506 2
2987555 2987556
5975111 9918
5985029 257
5985286 28
3020693 3020676
6041369 5521
6046890 17
6046907 2
3020693 3094203
6114896 43700
6158596 7
3020693 3094203
6114896 54743
6169639 779
6170418 10
3020693 3094203
6114896 55589
6170485 545
6171030 7
6171037 1
3177573 3124546
6302119 49500
6351619 2131
6353750 156
6353906 2
3177723 3265214
6442937 70107
6513044 2401
6515445 12
6515457 1
3177723 3265214
6442937 90074
6533011 250
6533261 3
3346542 3347100
6693642 5631
6699273 257
6699530 1
3370072 3370082
6740154 33745
6773899 2325
6776224 28
3552692 3491840
7044532 15656
7060188 257
7060445 26
3552692 3491840
7044532 37808
7082340 16
3618733 3618743
7237476 11861
7249337 75
3849174 3803004
7652178 30124
7682302 471
7682773 1
3877450 3858074
7735524 28465
7763989 257
7764246 20
3907574 3858074
7765648 25094
7790742 75
3908587 3935711
7844298 12834
7857132 61
7857193 10
3908587 3935711
7844298 14430
7858728 288
7859016 14
3975530 3975537
7951067 6025
7957092 226
7957318 3
3975530 3975537
7951067 55589
8006656 257
8006913 7
4034242 3975537
8009779 4433
8014212 61
4034242 4073520
8107762 4433
8112195 78
8112273 7
4075213 4075212
8150425 155897
8306322 413
8306735 4
4075213 4257985
8333198 49500
8382698 606
8383304 41
4471884 4284683
8756567 13072
8769639 4
4471884 4284683
8756567 79891
8836458 1287
8837745 1
4471884 4284683
8756567 165653
8922220 2522
8924742 25
4471884 4526627
8998511 17643
9016154 754
9016908 20
4936824 4857016
9793840 81378
9875218 237
4936824 4857016
9793840 86199
9880039 2131
9882170 78
9882248 7
4955703 4955702
9911405 18807
9930212 204
9930416 10
4955703 5184830
10140533 66743
10207276 524
10207800 1
5221645 5190422
10412067 26905
10438972 427
10439399 33
5228185 5221645
10449830 5295
10455125 87
10455212 9
5344452 5295881
10640333 6025
10646358 10
5344575 5344576
10689151 70107
10759258 1311
10760569 97
10760666 3
5435495 5344576
10780071 39278
10819349 2302
10821651 4
10821655 1
5512752 5512755
11025507 46170
11071677 427
11072104 4
11072108 1
5565289 5565289
11130578 20442
11151020 41
11151061 4
11151065 1
5617779 5873976
11491755 131265
11623020 606
11623626 50
5985286 5985314
11970600 1311
11971911 61
11971972 4
11971976 1
5985286 5985314
11970600 33745
12004345 1589
12005934 37
12005971 1
6041369 5985314
12026683 44248
12070931 427
12071358 10
12071368 1
6114896 6046909
12161805 43700
12205505 47
6171038 6302119
12473157 107598
12580755 1982
12582737 58
6353906 6353908
12707814 86199
12794013 413
12794426 1
6442937 6353908
12796845 66743
12863588 226
12863814 7
6442937 6533011
12975948 6720
12982668 288
12982956 10
6533261 6533264
13066525 88493
13155018 479
13155497 7
6740154 6699531
13439685 10816
13450501 41
6776224 6776252
13552476 19090
13571566 61
13571627 6
6776224 6776252
13552476 55589
13608065 1287
13609352 9
6776224 6776252
13552476 64491
13616967 1191
13618158 17
13618175 2
6776224 6776252
13552476 197360
13749836 165
13750001 4
7044532 6776252
13820784 151274
13972058 3329
13975387 41
7044532 6776252
13820784 161269
13982053 1764
13983817 50
13983867 6
7044532 6776252
13820784 219666
14040450 3605
14044055 47
7082340 7082356
14164696 103192
14267888 3329
14271217 61
14271278 7
7249412 7249337
14498749 11608
14510357 7
7249412 7249337
14498749 103192
14601941 1764
14603705 34
14603739 1
7249412 7249337
14498749 120212
14618961 606
14619567 12
7249412 7249337
14498749 197658
14696407 3605
14700012 16
7249412 7249337
14498749 206367
14705116 1696
14706812 4
14706816 1
7249412 7249337
14498749 379466
14878215 3814
14882029 119
14882148 4
7249412 7652178
14901590 62461
14964051 1863
14965914 17
14965931 2
7682302 7652178
15334480 17643
15352123 250
15352373 1
7682774 7735524
15418298 62461
15480759 708
15481467 3
7764266 7765648
15529914 14430
15544344 119
15544463 6
7859016 7859030
15718046 44248
15762294 402
15762696 4
15762700 1
8150425 8112280
16262705 28796
16291501 47
16291548 1
8383304 8383345
16766649 48571
16815220 314
8756567 8383345
17139912 49500
17189412 1311
17190723 87
8756567 8383345
17139912 55589
17195501 1863
17197364 78
17197442 1
8756567 8383345
17139912 66743
17206655 97
17206752 6
8756567 8383345
17139912 370132
17510044 996
17511040 22
8924742 8924767
17849509 39278
17888787 1466
17890253 7
17890260 1
9016908 9016928
18033836 161269
18195105 1311
18196416 119
18196535 10
9793840 9016928
18810768 122335
18933103 686
18933789 9
9793840 9016928
18810768 229690
19040458 996
19041454 97
19041551 7
19041558 1
9793840 9016928
18810768 399874
19210642 8420
19219062 194
19219256 2
9793840 9016928
18810768 399874
19210642 14044
19224686 341
19225027 17
19225044 1
9793840 9016928
18810768 557203
19367971 3329
19371300 107
10455221 10640333
21095554 18807
21114361 41
21114402 2
10689151 10759258
21448409 29161
21477570 119
21477689 1
11491755 11151066
22642821 30124
22672945 558
22673503 3
11491755 11151066
22642821 60236
22703057 226
22703283 7
11491755 11151066
22642821 161269
22804090 1714
22805804 1
11623626 11623676
23247302 46148
23293450 4
11623626 11623676
23247302 127642
23374944 50
23374994 6
11623626 11623676
23247302 128981
23376283 198
23376481 2
11970600 11623676
23594276 111445
23705721 1261
23706982 3
11970600 11623676
23594276 243364
23837640 7627
23845267 58
12005972 12026683
24032655 16282
24048937 242
24049179 1
12161805 12071369
24233174 19501
24252675 152
24252827 1
12205552 12205505
24411057 66743
24477800 2945
24480745 61
24480806 6
12205552 12205505
24411057 177374
24588431 1714
24590145 6
12205552 12205505
24411057 188517
24599574 308
24599882 4
24599886 1
12205552 12473157
24678709 42459
24721168 606
24721774 61
24721835 3
12205552 12473157
24678709 144976
24823685 4623
24828308 198
24828506 1
12205552 12473157
24678709 219666
24898375 2522
24900897 132
24901029 1
12794427 12796845
25591272 2472
13155504 13439685
26595189 66743
26661932 3172
26665104 4
13155504 13439685
26595189 229690
26824879 8035
26832914 186
26833100 6
14040450 13820784
27861234 135285
27996519 370
27996889 3
14044102 14164696
28208798 44248
28253046 288
28253334 2
14044102 14164696
28208798 127642
28336440 950
28337390 20
28337410 1
14498749 14271285
28770034 90860
28860894 6720
28867614 462
28868076 7
28868083 1
14498749 14271285
28770034 210029
28980063 3042
28983105 78
28983183 4
28983187 1
14498749 14498749
28997498 169684
29167182 427
29167609 34
14498749 14706817
29205566 99774
29305340 606
29305946 58
14498749 14706817
29205566 151274
29356840 3719
29360559 47
29360606 1
14965931 14965933
29931864 319055
30250919 8420
30259339 427
30259766 30
14965931 14965933
29931864 319055
30250919 14430
30265349 2
15334480 14965933
30300413 352914
30653327 14044
30667371 288
30667659 3
15418298 15352374
30770672 1265
30771937 4
30771941 1
15762701 15762700
31525401 319055
31844456 9918
31854374 479
31854853 14
31854867 1
15762701 16262705
32025406 473039
32498445 3814
32502259 242
32502501 2
16291549 16291548
32583097 197658
32780755 7627
32788382 257
32788639 17
32788656 1
16815220 16815534
33630754 181706
33812460 913
33813373 12
17139912 17139912
34279824 45152
34324976 889
34325865 10
34325875 1
17139912 17206758
34346670 243364
34590034 3814
34593848 26
34593874 1
17139912 17510044
34649956 174692
34824648 2131
34826779 61
34826840 7
17139912 17510044
34649956 219666
34869622 6720
34876342 558
34876900 32
17890261 17890260
35780521 36415
35816936 471
35817407 1
17890261 17890260
35780521 44248
35824769 558
35825327 22
18810768 19225045
38035813 10816
38046629 107
38046736 4
38046740 1
18810768 19367971
38178739 12403
38191142 250
38191392 2
18810768 19367971
38178739 70107
38248846 1583
38250429 4
19371300 19371407
38742707 352914
39095621 9242
39104863 245
39105108 3
19371300 19371407
38742707 399874
39142581 996
39143577 78
39143655 2
19371300 19371407
38742707 791170
39533877 7627
39541504 308
21477689 21477690
42955379 525876
43481255 21190
43502445 61
43502506 4
22642821 21477690
44120511 60236
44180747 257
44181004 14
44181018 1
22642821 21477690
44120511 944944
45065455 5977
45071432 26
22642821 21477690
44120511 944944
45065455 6025
45071480 257
45071737 1
23247302 22805805
46053107 394888
46447995 107
46448102 7
23594276 23376483
46970759 177374
47148133 1982
47150115 12
23594276 23706985
47301261 8420
47309681 198
24032655 23845325
47877980 45152
47923132 50
47923182 3
24828507 24678709
49507216 25199
49532415 686
49533101 12
24901029 24901030
49802059 229690
50031749 12105
50043854 87
50043941 7
24901029 24901030
49802059 619347
50421406 1756
50423162 1
25591272 24901030
50492302 39278
50531580 1265
50532845 17
25591272 24901030
50492302 486727
50979029 2089
50981118 1
25591272 24901030
50492302 557203
51049505 8420
51057925 754
51058679 10
51058689 1
26595189 25593744
52188933 852602
53041535 17643
53059178 779
53059957 7
53059964 1
26665108 26595189
53260297 107598
53367895 3329
53371224 3
26833100 26833106
53666206 189733
53855939 3042
53858981 97
53859078 4
53859082 1
27861234 26833106
54694340 461925
55156265 8035
55164300 136
55164436 12
55164448 1
27861234 27996519
55857753 950
55858703 12
55858715 1
28208798 27996892
56205690 165653
56371343 526
28337410 28337411
56674821 123072
56797893 1678
56799571 10
28770034 28337411
57107445 113599
57221044 1311
57222355 61
57222416 12
57222428 1
28770034 28337411
57107445 272135
57379580 1311
57380891 107
57380998 3
29931864 29360607
59292471 430272
59722743 708
59723451 10
59723461 1
29931864 29360607
59292471 459379
59751850 950
59752800 30
59752830 1
29931864 29931864
59863728 165653
60029381 3042
60032423 107
60032530 4
29931864 30250919
60182783 117547
60300330 606
60300936 61
60300997 4
60301001 1
30300413 30653327
60953740 123072
61076812 413
61077225 2
30667662 30667659
61335321 86199
61421520 377
61421897 2
30771942 30771941
61543883 747384
62291267 4433
62295700 50
62295750 2
31854868 32025406
63880274 181706
64061980 402
64062382 6
31854868 32025406
63880274 399739
64280013 50
64280063 2
32583097 32502503
65085600 253418
65339018 257
65339275 28
65339303 1
32788656 32788657
65577313 486727
66064040 526
66064566 17
33630754 32788657
66419411 255037
66674448 4623
66679071 12
66679083 1
33630754 32788657
66419411 399874
66819285 13453
66832738 136
66832874 4
33630754 32788657
66419411 664884
67084295 8420
67092715 360
67093075 2
33630754 33812460
67443214 90860
67534074 5631
67539705 186
67539891 4
67539895 1
35780521 34876932
70657453 336899
70994352 8035
71002387 198
35825349 38035813
73861162 103192
73964354 913
73965267 30
38742707 38250433
76993140 171393
77164533 913
77165446 26
77165472 1
38742707 38742707
77485414 379466
77864880 1466
77866346 4
39533877 38742707
78276584 557203
78833787 2522
78836309 78
78836387 7
78836394 1
39541812 39541504
79083316 716733
79800049 17643
79817692 204
79817896 12
79817908 1
39541812 39541504
79083316 1199278
80282594 62134
80344728 186
80344914 3
39541812 39541504
79083316 1370484
80453800 33745
80487545 1863
80489408 107
80489515 3
39541812 39541504
79083316 1562275
80645591 39278
80684869 1311
80686180 61
80686241 1
39541812 39541504
79083316 3269378
82352694 24289
82376983 136
82377119 9
39541812 42955379
82497191 303332
82800523 4623
82805146 558
82805704 26
82805730 1
39541812 42955379
82497191 1901509
84398700 33745
84432445 754
84433199 1
39541812 42955379
82497191 1993483
84490674 6378
84497052 16
39541812 42955379
82497191 3858074
86355265 3605
86358870 30
86358900 1
43502506 43502510
87005016 263274
87268290 913
87269203 3
44120511 45065455
89185966 210029
89395995 996
89396991 107
89397098 7
45071738 45071737
90143475 59976
90203451 226
90203677 4
90203681 1
45071738 45071737
90143475 86159
90229634 28
46448109 46448102
92896211 278602
93174813 10816
93185629 97
93185726 2
46448109 46970759
93418868 163791
93582659 159
93582818 2
46448109 46970759
93418868 525876
93944744 21190
93965934 913
93966847 4
47309681 47309879
94619560 336899
94956459 5631
94962090 288
94962378 1
47877980 47309879
95187859 317788
95505647 136
95505783 7
95505790 1
47923182 47923185
95846367 883438
96729805 44248
96774053 152
96774205 3
49507216 47923185
97430401 351906
97782307 913
97783220 30
97783250 1
49802059 49802059
99604118 144976
99749094 5631
99754725 25
51049505 50492302
101541807 121014
101662821 1151
101663972 10
101663982 1
51058690 51058689
102117379 296250
102413629 1311
102414940 22
102414962 1
51058690 52188933
103247623 42459
103290082 471
103290553 7
51058690 52188933
103247623 1080260
104327883 5295
104333178 17
51058690 52188933
103247623 1199278
104446901 46785
104493686 136
104493822 4
104493826 1
51058690 52188933
103247623 1275954
104523577 11040
104534617 20
53371227 53666206
107037433 263274
107300707 3329
107304036 10
107304046 1
53371227 53666206
107037433 370132
107407565 198
53859083 53859082
107718165 319055
108037220 13453
108050673 165
108050838 4
53859083 54694340
108553423 852602
109406025 18807
109424832 50
109424882 6
53859083 54694340
108553423 883438
109436861 45152
109482013 9
55164449 55164448
110328897 501802
110830699 5631
110836330 257
110836587 26
55164449 55857753
111022202 511188
111533390 3605
111536995 22
111537017 1
56371343 56371869
112743212 66743
112809955 2773
112812728 4
57380998 57381001
114761999 1176273
115938272 19090
115957362 288
115957650 14
115957664 1
59751850 59292471
119044321 151274
119195595 427
61077227 61077225
122154452 98990
122253442 729
122254171 2
61077227 61335321
122412548 219666
122632214 9242
122641456 365
122641821 2
62291267 61543883
123835150 557203
124392353 1714
124394067 10
124394077 1
62295750 62295752
124591502 1291521
125883023 64491
125947514 479
125947993 10
125948003 1
62295750 62295752
124591502 1534222
126125724 12403
126138127 165
63880274 62295752
126176026 1118716
127294742 1589
127296331 12
127296343 1
64280065 65085600
129365665 430272
129795937 2325
129798262 3
66064566 66064583
132129149 144976
132274125 3814
132277939 402
132278341 4
66419411 66064583
132483994 213989
132697983 1863
132699846 4
71002585 71002387
142004972 2583028
144588000 42459
144630459 370
144630829 3
73965297 73965267
147930564 2740964
150671528 19501
150691029 14
73965297 76993140
150958437 2740964
153699401 32337
153731738 25
80686242 79083316
159769558 206367
159975925 1533
159977458 14
159977472 1
80686242 79083316
159769558 490115
160259673 2522
160262195 159
160262354 4
80686242 79083316
159769558 1291521
161061079 39278
161100357 37
161100394 1
82352694 79083316
161436010 2193442
163629452 33745
163663197 1863
163665060 10
163665070 1
82497191 82497191
164994382 197658
165192040 165
82497191 82497191
164994382 1859329
166853711 12705
166866416 37
166866453 1
82497191 86355265
168852456 2193442
171045898 47481
171093379 911
87268290 87005016
174273306 98990
174372296 165
174372461 9
87268290 87005016
174273306 210029
174483335 3042
174486377 78
174486455 3
87269206 89185966
176455172 1562275
178017447 16839
178034286 558
178034844 22
178034866 1
90143475 89397105
179540580 113599
179654179 1211
179655390 30
179655420 1
90229662 90229634
180459296 22581
180481877 996
180482873 61
180482934 4
180482938 1
90229662 90229634
180459296 123072
180582368 107
180582475 1
90229662 90229634
180459296 978283
181437579 3814
181441393 606
181441999 3
90229662 92896211
183125873 1993483
185119356 3329
185122685 132
93966847 93966851
187933698 188517
188122215 558
188122773 22
94619560 93966851
188586411 8420
188594831 507
188595338 1
96774208 97430401
194204609 852602
195057211 15254
195072465 20
99604118 97783251
197387369 174692
197562061 606
197562667 7
99604118 97783251
197387369 352914
197740283 8247
197748530 107
197748637 7
197748644 1
99754725 99754750
199509475 682984
200192459 3042
200195501 107
101541807 101662821
203204628 13270
203217898 61
203217959 7
203217966 1
101663983 102117379
203781362 517565
204298927 6657
204305584 17
103247623 103247623
206495246 370132
206865378 2131
206867509 107
206867616 4
103247623 104523577
207771200 781813
208553013 2522
208555535 165
208555700 7
208555707 1
103247623 104523577
207771200 1199278
208970478 49500
209019978 1589
209021567 41
209021608 2
104534617 104534637
209069254 177374
209246628 1115
209247743 7
209247750 1
104534617 104534637
209069254 653549
209722803 8420
209731223 413
209731636 3
104534617 104534637
209069254 1818402
210887656 25199
210912855 58
107037433 104534637
211572070 1993483
213565553 45152
213610705 97
213610802 4
213610806 1
108553423 108553423
217106846 494797
217601643 5546
217607189 50
217607239 6
108553423 108553423
217106846 569611
217676457 7627
217684084 14
217684098 1
109482022 110328897
219810919 219666
220030585 61
220030646 6
111022202 110836613
221858815 54743
221913558 152
221913710 1
111537018 112743212
224280230 399874
224680104 2773
224682877 50
112812732 112812728
225625460 1726823
227352283 11040
227363323 78
227363401 6
115957665 119044321
235001986 2070510
237072496 4623
237077119 593
237077712 10
119195595 119196022
238391617 379466
238771083 5295
238776378 186
238776564 6
119195595 119196022
238391617 1818402
240210019 7490
240217509 107
240217616 9
122154452 119196022
241350474 2097466
243447940 8035
243455975 50
243456025 4
243456029 1
122154452 119196022
241350474 2097466
243447940 54417
243502357 30
243502387 1
124591502 124394078
248985580 168841
249154421 558
249154979 10
126125724 124591502
250717226 243364
250960590 1824
250962414 14
250962428 1
126125724 124591502
250717226 682214
251399440 606
251400046 26
251400072 1
126125724 124591502
250717226 1199278
251916504 8420
251924924 58
127296343 127296344
254592687 1442245
256034932 49500
256084432 2131
256086563 136
256086699 4
256086703 1
127296343 127296344
254592687 1857680
256450367 119
256450486 1
129365665 127296344
256662009 174692
256836701 1982
256838683 37
129365665 127296344
256662009 189733
256851742 427
256852169 9
129365665 127296344
256662009 1199278
257861287 37808
257899095 194
257899289 1
132699850 132699846
265399696 1442245
266841941 39278
266881219 996
266882215 87
266882302 2
132699850 142004972
274704822 2160519
276865341 29161
276894502 427
276894929 33
132699850 142004972
274704822 3124546
277829368 16839
277846207 593
277846800 6
132699850 142004972
274704822 3769163
278473985 9242
278483227 250
278483477 6
132699850 142004972
274704822 3975537
278680359 867
278681226 9
132699850 142004972
274704822 6171038
280875860 123072
280998932 686
280999618 9
147930564 144630832
292561396 1901509
294462905 37808
294500713 236
147930564 150671528
298602092 2097466
300699558 21190
300720748 1151
300721899 9
150691029 150691043
301382072 219666
301601738 1714
301603452 37
301603489 2
150958437 150691043
301649480 1766870
303416350 24289
303440639 377
303441016 7
159769558 153731763
313501321 352914
313854235 2522
313856757 165
313856922 9
159769558 153731763
313501321 4527297
318028618 103192
318131810 3207
318135017 1
159769558 159769558
319539116 177374
319716490 2773
319719263 30
319719293 1
161100394 161100395
322200789 303332
322504121 5631
322509752 176
322509928 3
161436010 161100395
322536405 1020383
323556788 2111
323558899 7
323558906 1
165192205 164994382
330186587 569611
330756198 21190
330777388 507
330777895 4
330777899 1
165192205 164994382
330186587 825517
331012104 1501
331013605 12
331013617 1
168852456 171045898
339898354 2097466
341995820 30124
342025944 1824
342027768 30
342027798 1
174273306 174483335
348756641 103192
348859833 3481
348863314 75
348863389 2
174486458 174486455
348972913 81378
349054291 2472
349056763 7
174486458 174486455
348972913 1291521
350264434 27372
350291806 733
350292539 4
350292543 1
181437579 180459296
361896875 747384
362644259 8420
362652679 119
362652798 7
362652805 1
181441999 181442002
362884001 336899
363220900 226
363221126 2
183125873 181442002
364567875 944944
365512819 754
365513573 14
188595338 188595339
377190677 4527297
381717974 72746
381790720 2928
381793648 7
194204609 195057211
389261820 130577
389392397 377
389392774 17
389392791 1
197387369 195072485
392459854 1678433
394138287 36415
394174702 34
394174736 1
200195501 200195608
400391109 1624689
402015798 4623
402020421 526
402020947 9
203204628 200195608
403400236 619347
404019583 10816
207771200 206867620
414638820 682984
415321804 2522
415324326 28
207771200 208555708
416326908 251433
416578341 686
416579027 1
209069254 210887656
419956910 72746
420029656 913
420030569 3
209069254 210887656
419956910 1818402
421775312 16647
421791959 97
421792056 7
421792063 1
211572070 213565553
425137623 1080260
426217883 14430
426232313 7
426232320 1
217106846 213610807
430717653 1504429
432222082 7350
432229432 33
219810919 217684099
437495018 197658
437692676 1696
437694372 3
221858815 220030652
441889467 59137
441948604 218
221913710 221913711
443827421 1562275
445389696 59137
445448833 558
445449391 25
224280230 221913711
446193941 2193442
448387383 46785
448434168 558
448434726 16
227363407 227363401
454726808 210029
454936837 2131
454938968 47
227363407 227363401
454726808 1370484
456097292 19836
456117128 22
227363407 227363401
454726808 2884487
457611295 17643
457628938 479
457629417 25
227363407 227363401
454726808 3265214
457992022 708
227363407 227363401
454726808 6353908
461080716 27372
461108088 479
461108567 25
227363407 235001986
462365393 791170
463156563 1311
463157874 61
463157935 3
227363407 235001986
462365393 799745
463165138 11608
463176746 32
227363407 235001986
462365393 3722561
466087954 198
466088152 2
227363407 235001986
462365393 6776252
469141645 144976
469286621 4623
469291244 377
469291621 6
227363407 235001986
462365393 7765648
470131041 16839
470147880 198
470148078 4
241350474 241350474
482700948 1370484
484071432 3719
484075151 61
484075212 12
248985580 243502388
492487968 1442245
493930213 20442
493950655 340
249154979 249154989
498309968 399874
498709842 17643
498727485 136
498727621 10
257899289 257899290
515798579 2740964
518539543 6474
518546017 34
518546051 1
265399696 257899290
523298986 1818402
525117388 3481
525120869 61
525120930 12
265399696 257899290
523298986 4955703
528254689 33745
528288434 1265
528289699 3
265399696 266841941
532241637 161269
532402906 1982
532404888 78
532404966 7
265399696 266841941
532241637 786982
533028619 996
533029615 97
533029712 9
