593
1 1
2 1
3 1
2 3
5 1
4 3
5 4
9 1
5 6
11 1
7 6
9 7
16 2
9 10
19 1
11 12
23 1
13 16
29 1
29 3
16 18
34 2
19 18
20 19
39 1
20 23
43 3
24 23
47 1
30 32
62 2
34 32
66 2
34 36
70 2
40 39
79 1
46 43
89 3
48 47
95 1
95 13
70 72
142 2
142 3
72 79
151 5
80 79
159 1
92 89
181 3
96 95
191 1
142 108
250 10
142 144
286 2
160 159
319 1
192 191
383 1
288 286
574 2
320 319
639 1
639 30
383 384
767 1
767 96
863 1
767 145
384 574
958 96
1054 2
958 108
1066 20
1086 2
576 574
1150 2
576 639
1215 16
1231 1
639 640
1279 1
669 640
1309 66
1375 1
767 768
1535 1
1054 958
2012 68
1088 1086
2174 2
1152 1150
2302 2
1279 1280
2559 1
1309 1280
2589 48
2637 3
1535 1536
3071 1
2012 1536
3548 288
3836 4
2176 2174
4350 2
2304 2302
4606 2
2560 2559
5119 1
3071 3072
6143 1
4608 4606
9214 2
5120 5119
10239 1
10239 768
11007 1
6144 6143
12287 669
12287 1536
13823 156
13979 1
12287 2640
14927 72
14999 5
6144 9214
15358 1536
16894 156
17050 2
10240 10239
20479 669
11008 12287
23295 912
24207 13
12287 12956
25243 669
25912 1
13979 13980
27959 1
15004 14999
30003 5
17052 17050
34102 2
17052 20479
37531 1309
38840 24
38864 4
38840 29
24220 24207
48427 669
49096 12
25913 25912
27959 27960
55919 1
55919 2
27960 30003
57963 958
58921 70
58991 1
30008 34102
64110 669
64779 1
38869 38868
77737 6144
83881 1056
84937 7
84944 1
84937 9
38869 48427
87296 1536
88832 192
89024 16
87296 5120
92416 669
93085 48
93133 3
51825 55919
107744 3072
110816 40
87296 84946
172242 3072
175314 320
175634 39
175634 40
175674 1
93133 93136
186269 2304
188573 48
188621 7
188628 1
186269 175675
361944 6144
368088 2012
370100 39
188629 361944
550573 51825
602398 2304
604702 19
370139 550573
920712 84946
1005658 320
1005978 19
920712 110856
1031568 58992
1090560 864
1091424 2
602398 550573
1152971 21148
1174119 384
1174503 108
1174611 24
1174635 1
604721 604702
1209423 93136
1302559 192
1302751 48
1302799 3
1209423 188629
1398052 11008
1409060 576
1409636 48
1409684 10
1398052 49108
1447160 70
1447230 1
1398052 89040
1487092 2640
1489732 320
1490052 7
1490059 1
1398052 110856
1508908 10240
1519148 72
1519220 6
604721 920712
1525433 107744
1633177 2640
1635817 160
1525433 172242
1697675 384
1525433 188629
1714062 110856
1824918 6144
1831062 2640
1833702 13
1525433 370139
1895572 27960
1923532 1376
1924908 48
1924956 7
1005658 920712
1926370 64780
1991150 11008
2002158 669
2002827 66
2002893 1
1005997 1031568
2037565 51825
2089390 3840
2093230 18
2037565 77737
2115302 1376
2116678 80
2116758 3
1091426 1152971
2244397 11008
2255405 96
2244397 64780
2309177 11008
2320185 384
2320569 80
2320649 6
1174636 1209423
2384059 55921
2439980 1376
2441356 96
2441452 6
1209423 1302559
2511982 64780
2576762 6144
2582906 2640
2585546 80
2585626 7
2585633 1
2511982 89040
2601022 1232
2602254 5
1302802 1398052
2700854 11008
2711862 48
2711910 1
2700854 38869
2739723 1215
1525433 1519226
3044659 25243
3069902 160
3070062 10
3044659 58992
3103651 669
3104320 34
3104354 1
1525433 1633177
3158610 58992
3217602 2176
3219778 7
1697675 1698059
3395734 3072
3398806 192
3398998 24
3399022 2
1824918 1714062
3538980 64780
3603760 6144
3609904 40
3609944 1
1833715 1895572
3729287 49108
3778395 1088
3779483 13
3729287 55921
3785208 768
3785976 66
3786042 1
1926370 1924963
3851333 15004
3866337 191
1991150 1926370
3917520 17052
3934572 958
3935530 48
3935578 9
2037565 2002894
4040459 768
4041227 62
4041289 1
4040459 34104
4074563 2640
4077203 108
4077311 29
4040459 55921
4096380 958
4097338 20
2089390 2037565
4126955 9216
4136171 320
4136491 20
4136511 1
4126955 38869
4165824 2640
4168464 160
2093248 2093230
4186478 9216
4195694 958
4196652 47
4186478 20479
4206957 30
2116761 2116758
4233519 34104
4267623 2589
4270212 37
2116761 2244397
4361158 34104
4395262 1152
4396414 2
4361158 38869
4400027 5120
4405147 640
4405787 5
2309177 2255501
4564678 25913
4590591 2012
4592603 20
4592623 2
2384059 2320655
4704714 2640
4707354 192
4707546 43
4707589 1
4704714 38869
4743583 3840
4747423 48
4704714 87296
4792010 912
4792922 30
2439980 2384059
4824039 21148
4845187 768
4845955 4
2511982 2441458
4953440 30008
4983448 1376
4984824 89
4984913 2
4953440 49108
5002548 768
5003316 89
4953440 83881
5037321 864
5038185 40
5038225 2
2602254 2602259
5204513 9216
5213729 958
5214687 43
5204513 51825
5256338 768
5257106 46
2740938 2739723
5480661 17052
5497713 384
5498097 48
5498145 10
5480661 93136
5573797 2304
5576101 96
5480661 188629
5669290 64780
5734070 2640
5736710 184
5736894 5
3044659 2740938
5785597 15358
5800955 1376
5802331 4
5785597 83881
5869478 384
5869862 160
5870022 20
5785597 107744
5893341 72
5893341 1536
5894877 384
5895261 13
5895274 2
5785597 188629
5974226 93136
6067362 4608
6071970 145
3219778 3219785
6439563 4608
6444171 320
6444491 1
6439563 27960
6467523 1088
6468611 1
3219785 3395734
6615519 64780
6680299 1309
6681608 24
6681632 1
6615519 110856
6726375 25243
6751618 384
6752002 151
6752153 4
6726375 27960
6754335 47
3399022 3399024
6798046 92416
6890462 576
6891038 48
6891086 2
3399024 3538980
6938004 110856
7048860 17052
7065912 2640
7068552 181
7068733 1
7048860 25913
7074773 1215
7075988 13
7076001 2
7048860 55921
7104781 1309
7106090 4
3538980 3603760
7142740 17052
7159792 192
7159984 43
7160027 2
3729287 3609945
7339232 30008
7369240 1088
7370328 34
3779483 3779496
7558979 3840
7562819 108
7562927 13
3786042 3786043
7572085 58921
7631006 48
3786043 3851333
7637376 30008
7667384 1536
7668920 288
7669208 9
3866528 3866337
7732865 20479
7753344 384
7753728 184
7753912 2
3935587 3935578
7871165 38869
7910034 6144
7916178 260
7916438 5
7871165 49108
7920273 1536
7921809 20
7921829 1
7871165 57963
7929128 768
7929896 16
7871165 64780
7935945 5120
7941065 912
7941977 10
3935587 4040459
7976046 64780
8040826 2640
8043466 9
7976046 89040
8065086 640
8065726 24
8065750 1
4077340 4077311
8154651 5120
8159771 384
8160155 72
8160227 2
4136171 4126955
8263126 6144
8269270 1376
8270646 13
8270659 1
4136512 4165824
8302336 30008
8332344 1232
8333576 9
4405787 4405792
8811579 110856
8922435 25243
8947678 108
8947786 13
8947799 2
4564678 4405792
8970470 64780
9035250 5120
9040370 64
4592625 4592623
9185248 9216
9194464 640
9195104 24
9185248 24220
9209468 384
9209852 72
9209924 3
9185248 30008
9215256 2176
9217432 62
4792010 4747471
9539481 2304
9541785 160
9541945 6
4845959 4845955
9691914 17052
9708966 2304
9711270 192
9711462 1
9691914 21148
9713062 1536
9714598 192
9714790 48
9714838 6
4845959 4953440
9799399 6144
9805543 384
9805927 43
9799399 34104
9833503 2080
9835583 4
9799399 93136
9892535 9216
9901751 768
9902519 72
9902591 2
4984913 4984915
9969828 13980
9983808 288
9984096 20
9984116 2
