4566
1 1
2 1
3 1
2 3
5 1
4 3
7 1
4 5
9 1
6 5
11 1
6 7
13 1
8 7
9 8
17 1
9 10
19 1
11 10
21 1
11 12
23 1
13 12
25 1
13 14
27 1
15 14
29 1
29 2
17 15
32 1
32 2
18 17
35 1
18 19
37 1
20 19
39 1
20 21
41 1
22 21
43 1
22 23
45 1
24 23
47 1
24 25
49 1
26 25
51 1
26 27
53 1
28 27
55 1
28 29
57 1
30 29
59 1
30 31
61 1
32 33
65 1
34 33
67 1
34 35
69 1
36 35
71 1
36 37
73 1
38 37
75 1
38 39
77 1
40 39
79 1
40 41
81 1
42 41
83 1
42 43
85 1
44 43
87 1
44 45
89 1
46 45
91 1
46 47
93 1
48 47
95 1
48 49
97 1
50 49
99 1
50 51
101 1
52 53
105 1
54 53
107 1
54 55
55 56
111 1
57 56
58 57
115 1
58 59
117 1
60 59
119 1
60 61
121 1
62 61
123 2
123 3
65 62
127 1
127 2
127 3
65 66
131 1
67 66
68 67
135 1
70 71
141 1
72 71
143 1
74 73
147 1
74 75
149 1
76 75
151 1
76 77
153 1
78 77
155 1
80 79
159 1
80 81
161 1
82 81
83 82
84 83
167 1
84 85
169 1
86 85
171 1
88 89
177 1
90 89
179 1
90 91
91 92
183 1
93 92
94 95
189 1
96 95
191 1
98 99
197 1
102 101
203 1
203 3
105 102
207 1
105 106
211 1
107 108
215 1
109 108
217 1
109 111
220 1
220 2
113 112
117 116
118 117
119 120
122 121
123 122
245 2
126 125
129 128
130 129
259 1
132 131
263 1
132 133
265 1
135 136
271 1
271 2
271 3
271 4
271 5
141 136
277 4
277 5
144 143
287 1
144 147
147 148
295 1
149 148
150 149
299 1
152 153
153 154
156 155
311 1
160 159
319 1
162 161
163 162
325 1
163 165
328 3
167 165
170 169
339 1
172 171
343 1
343 2
177 172
349 3
349 5
180 179
359 1
183 181
364 2
183 184
367 1
185 184
369 3
369 4
191 190
192 191
383 1
383 3
197 192
389 1
197 198
395 1
395 5
198 203
203 204
407 1
208 207
415 2
212 211
423 1
216 215
431 1
225 222
447 5
447 9
233 225
458 6
239 235
474 6
259 257
260 259
519 1
260 263
523 3
264 263
527 1
266 265
531 3
266 271
537 2
272 271
543 1
272 273
288 287
575 1
300 299
599 1
307 305
612 4
312 311
623 1
320 319
639 1
344 343
687 1
354 352
706 6
360 359
719 1
368 367
735 1
368 369
383 384
767 1
767 2
389 390
779 1
395 390
785 2
407 408
815 1
423 417
424 423
847 1
432 431
863 1
458 464
922 2
922 15
464 474
938 7
480 474
954 15
954 23
954 30
480 516
996 30
996 31
996 32
996 33
520 519
1039 1
1039 3
527 528
1055 1
1055 2
544 543
1087 1
575 576
1151 1
599 600
1199 1
1199 2
624 623
1247 1
1247 5
639 640
1279 1
1279 2
688 706
1394 7
712 706
1418 6
720 719
1439 1
736 735
1471 1
767 737
1504 3
767 768
1535 1
769 768
1537 1
787 785
1572 4
1572 12
815 816
1631 1
864 863
1727 1
864 922
1786 22
1786 23
1786 38
924 922
1846 10
954 945
1899 21
996 984
1980 39
1027 1028
2055 1
1029 1028
2057 7
1040 1039
2079 1
1055 1056
2111 1
1057 1087
2144 15
2159 1
1087 1088
2175 1
2175 2
1152 1151
2303 1
1200 1199
2399 1
1247 1201
2448 15
2463 1
1248 1247
2495 1
1248 1252
2500 12
1279 1252
1280 1279
2559 1
1280 1281
2561 95
1394 1281
2675 45
2675 77
1424 1418
2842 6
2842 13
1439 1440
2879 1
1471 1472
2943 1
2943 2
1536 1535
3071 1
1576 1584
3160 8
1631 1584
3215 17
1631 1632
3263 1
3263 81
1632 1727
3359 1
3359 33
1727 1728
3455 1
3455 2
1824 1809
3633 15
1856 1846
3702 10
1920 1899
3819 21
1920 1980
3900 69
2019 2055
4074 24
4074 30
2055 2056
4111 1
2057 2064
4121 7
2111 2112
4223 1
2160 2159
4319 1
2176 2175
4351 1
2303 2177
4480 32
4480 62
4542 2
2303 2304
4607 1
2399 2304
4703 65
2464 2463
4927 1
2496 2495
4991 1
2559 2560
5119 1
2561 2560
5121 15
5136 1
2656 2675
5331 61
2720 2675
5395 13
5395 45
2752 2720
5472 32
2752 2842
5594 70
2848 2842
5690 6
2879 2880
5759 1
2943 2944
5887 1
2945 3071
6016 97
3072 3071
6143 1
3168 3215
6383 43
3232 3215
6447 17
3264 3263
6527 1
3392 3360
6752 32
3456 3455
6911 1
3456 3457
6913 128
3633 3457
7090 109
7199 1
7090 142
3633 3648
7281 15
3702 3712
7414 10
3819 3840
7659 7
7659 21
4098 4104
8202 6
4111 4112
8223 1
4121 4128
8249 7
8249 71
4224 4223
8447 1
4352 4351
8703 1
8703 97
4480 4512
8992 32
4542 4544
9086 2
4607 4608
9215 65
4703 4608
9311 33
9311 129
4768 4703
9471 1
9471 97
4927 4768
9695 97
4927 4928
9855 1
9855 49
4992 4991
9983 18
9983 19
9983 20
9983 82
5119 4992
10111 18
5121 5136
5136 5137
10273 144
5331 5137
10468 45
10468 93
10468 141
5440 5408
10848 49
5504 5472
10976 49
5760 5759
11519 62
11581 2
5887 5888
11775 128
6016 5888
11904 144
12048 1
6144 6383
12527 144
6528 6752
13280 159
6784 6752
13536 31
7041 6913
13954 143
7199 7200
14399 18
7232 7200
14432 49
7424 7414
14838 27
7424 7659
15083 7
7666 7680
15346 31
15346 287
7680 8202
15882 519
8208 8202
16410 15
8256 8320
16576 81
8703 8448
17151 18
9088 9086
18174 19
18174 115
9215 9088
18303 178
9215 9280
18495 18
9440 9344
18784 49
9472 9471
18943 18
9472 9568
19040 177
9855 9856
19711 18
10001 10002
10065 10003
20068 62
10129 10111
20240 18
10129 10257
20386 128
10468 10513
20981 45
10976 11025
22001 49
11583 11775
23358 225
23583 3
12049 12048
24097 1
12671 12527
25198 432
25630 4
13280 12671
25951 447
26398 4
13567 13536
27103 67
13567 13954
27521 424
27945 5
13954 14097
28051 143
14432 14481
28913 305
14838 14865
29703 27
15083 14865
29948 55
15633 15882
31515 24
16401 15882
32283 24
16425 16576
33001 74
17169 17151
34320 291
34320 787
35107 15
35122 1
18174 17169
35343 787
36130 17
20003 19729
39732 273
39732 274
39732 276
20130 20068
40198 62
20258 20240
40498 18
20514 20386
40900 128
21026 20981
42007 45
22050 22001
44051 49
22050 23358
45408 225
45633 3
45408 1252
23583 23586
47169 3
24097 24098
48195 1
48195 996
49191 29
25198 24098
49296 432
49728 4
49296 706
50002 3
25630 25634
51264 277
25951 25634
51585 720
52305 4
27521 27170
54691 432
55123 2
28051 27950
56001 148
29948 30003
59951 55
59951 58
31539 31515
63054 24
32307 32283
64590 24
64590 534
65124 2
33075 33001
66076 74
35343 35123
70466 787
71253 15
71268 1
36147 36130
72277 15
72292 1
72277 1824
74101 2
39732 36147
75879 2304
78183 15
78198 1
39732 40005
79737 272
79737 273
40516 40498
81014 18
41028 40900
81928 128
42052 42007
84059 45
42052 44051
86103 1057
87160 15
87175 1
44100 44051
88151 49
88151 1057
89208 15
89223 1
45408 44100
89508 480
89988 21
45633 45636
91269 640
91909 20
48195 47172
95367 785
96152 1
50002 50005
100007 3
51264 51541
102805 277
52309 52305
104614 1538
106152 2
54691 52309
107000 2464
109464 18
56001 56149
112150 147
112150 1920
114070 37
59951 56149
116100 3633
119733 6
60006 59951
119957 55
63054 60009
123063 21
123063 1538
124601 19
63054 63078
126132 24
65124 65126
130250 275
66076 66150
132226 1856
134082 27
72292 72293
144585 1572
146157 2
78183 75879
154062 50
80009 79737
159746 271
159746 272
81032 81014
162046 18
82056 81928
163984 128
84104 84059
168163 45
168163 1846
170009 8
84104 86103
170207 2880
173087 2
89988 90009
179997 21
91269 90009
181278 21
181278 1809
183087 3
91929 91909
183838 116
183838 2304
186142 20
96152 96153
192305 1809
194114 1
100010 100007
200017 4
200017 5
200017 11
200017 480
200497 35
200017 1027
200017 2019
202036 32
102805 100010
202815 1281
204096 20
103082 102805
205887 787
206674 2
104614 103082
207696 1538
209234 2
207696 2304
210000 21
107000 106154
213154 2945
216099 66
109464 109482
218946 2080
221026 20
109482 112150
221632 432
222064 6
221632 2464
224096 22
112150 112297
224447 1201
225648 6
114107 114070
228177 1057
229234 4
116100 114107
230207 55
230207 1856
232063 8
230207 4224
234431 31
234431 32
234431 33
234431 35
234431 62
234493 1
230207 5137
235344 142
119733 116100
235833 640
236473 37
235833 2720
238553 5
120012 119957
239969 1584
241553 4
123063 120012
243075 1281
244356 107
124620 124601
249221 1281
250502 105
126132 126156
252288 2176
132226 130525
262751 345
263096 3
262751 3392
266143 28
134082 134109
268191 6144
274335 131
274335 132
144585 134109
278694 373
279067 7
278694 4352
283046 123
283169 1
278694 7680
286374 141
286374 373
286747 6
278694 9856
288550 13
146159 146157
292316 343
292316 4128
296444 72
292316 7424
299740 20
299740 21
159746 154112
313858 612
314470 1
162046 162064
324110 864
324974 9
162064 163984
326048 464
326512 7
326048 706
326754 3
168163 164112
332275 386
332661 2
168208 170009
338217 349
338566 2
170207 170017
340224 2400
342624 40
173087 170207
343294 1152
344446 27
181299 183087
364386 89
186162 186142
372304 2160
374464 12
192305 186162
378467 7680
386147 32
200017 194115
394132 345
394477 1
204116 204096
408212 360
408572 3
209234 209236
418470 106
213154 210021
423175 1281
424456 25
216099 216165
432264 2177
434441 41
216165 218946
435111 4480
439591 11
225654 225648
451302 5
225654 228177
453831 640
454471 13
232071 232063
464134 349
464483 2
234463 234462
468925 1
234463 234464
468927 1
235486 235344
470830 142
239969 238558
478527 396
478923 2
244463 244356
488819 107
488819 108
249221 244463
493684 360
494044 2
252288 254464
506752 2176
506752 2177
508929 1
508929 4
508929 5
263099 263096
526195 924
527119 2
266143 266171
532314 712
268191 266171
534362 4544
538906 25
274467 274466
548933 4074
553007 21
279074 279067
558141 787
558928 5
286753 286747
573500 787
574287 22
574287 23
574287 24
574287 26
573500 816
574316 1
288563 292316
580879 3392
584271 39
292316 292659
584975 2400
587375 7
296516 296444
592960 1281
594241 70
299761 313858
613619 688
614307 6
326757 326754
653511 787
654298 19
654298 20
326757 332275
659032 1424
660456 5
340224 342624
682848 1472
364386 364475
728861 5440
734301 24
734301 25
374476 378467
752943 11025
763968 360
386179 386147
772326 1980
774306 23
394478 394477
408212 394478
802690 6016
808706 65
808706 66
594241 594311
1188552 372
808772 808771
1617543 9024
1626567 50
1188552 808772
1997324 314471
2311795 2400
2314195 43
1188552 1188924
2377476 120012
2497488 123
2497611 1
1617543 1188924
2806467 230262
3036729 181
1626567 1626617
3253184 234494
3487678 220
3253184 332663
3585847 576
3586423 13
1997324 1626617
3623941 439602
4063543 954
4064497 6
2377476 2497488
4874964 20130
4895094 32
2497612 2806467
5304079 344473
5648552 864
5649416 8
3036729 3036910
6073639 120012
6193651 996
6194647 7
3253184 3487678
6740862 60009
6800871 2500
6803371 2
3487898 3487678
6975576 75879
7051455 480
7051935 31
3623941 4063543
7687484 274467
7961951 2177
7964128 46
4064497 4064503
8129000 594311
8723311 15633
8738944 33
4874964 4064503
8939467 660461
9599928 349
9600277 1
9599928 1809
9601737 10
4895126 4895094
9790220 27521
9817741 68
5304079 4895126
10199205 508934
10708139 12049
10720188 275
5649416 5649424
11298840 224447
11523287 326
5649424 6073639
11723063 464485
12187548 474
12188022 3
6194654 6194647
12389301 326757
12716058 1632
12717690 39
6194654 6740862
12935516 209236
13144752 720
13145472 5
6803373 6975576
13778949 60009
13838958 1424
13840382 1
7051966 7051935
14103901 614313
14718214 624
14718838 8
7051966 7687484
14739450 338217
15077667 156
15077823 1
7961951 7687484
15649435 162064
15811499 1152
15812651 24
7964174 8129000
16093174 96153
16189327 2561
16191888 62
16191950 1
16093174 164112
16257286 474
16093174 614313
16707487 35343
16742830 576
16743406 18
8738944 8723311
17462255 291
17462546 1
8738977 8738944
17477921 181299
17659220 102
17659322 1
8738977 8939467
17678444 418576
18097020 1980
18099000 32
9599928 8939467
18539395 478925
19018320 3712
19022032 96
9601747 9790220
19391967 10273
19402240 38
9817809 10199205
20017014 344473
20361487 19729
20381216 69
20017014 734326
20751340 3969
20755309 60
10720188 10720463
21440651 299761
21740412 9983
21750395 14
11298840 10720463
22019303 684320
22703623 20130
22723753 83
11523613 11723063
23246676 194115
23440791 4104
11723063 12187548
23910611 283170
24193781 452
24194233 1
12389301 12188025
24577326 134109
24711435 1440
24712875 15
24712890 1
24577326 464485
25041811 848
25042659 11
12935516 12717729
25653245 386179
26039424 1152
26040576 26
13778949 13145477
26924426 63078
26987504 312
26987816 3
26924426 684320
27608746 7
14103901 13840383
27944284 40008
27984292 46
14718214 14103901
28822115 109482
28931597 1424
28933021 3
14718846 14739450
29458296 299761
29758057 11904
29769961 59
15077824 15077823
30155647 408575
30564222 389
15649435 15077824
30727259 104614
30831873 924
30832797 3
30727259 123084
30850343 217
30727259 439602
31166861 7680
31174541 312
31174853 3
15812651 15812675
31625326 244463
31869789 996
31870785 8
16257760 16257286
32515046 66150
32581196 2177
32583373 87
16257760 16707487
32965247 332663
33297910 4608
33302518 53
16743424 16743406
33486830 386179
33873009 816
33873825 13
16743424 17462255
34205679 614313
34819992 17169
34837161 545
34837706 2
17462547 17462546
34925093 10976
34936069 26
17678444 17659323
35337767 235344
35573111 60
18099032 18099000
36198032 340224
36538256 787
36539043 14
18099032 18539395
36638427 234466
36872893 26
18539395 19018320
37557715 146159
37703874 2880
37706754 18
19022032 19022128
38044160 66150
38110310 2057
38044160 324983
38369143 181
38369324 1
19402278 19402240
38804518 292659
39097177 2500
39099677 3
19402278 20017014
39419292 64614
39483906 373
39484279 4
39419292 210021
39629313 2304
39631617 60
39419292 808772
40228064 126156
40354220 2848
40357068 5
20017014 20361487
40378501 332663
40711164 3900
40715064 39
20755369 20755309
41510678 72293
41582971 576
41583547 9
20755369 21440651
42196020 378467
42574487 156
42196020 764328
42960348 7296
42967644 38
42196020 808772
43004792 160018
43164810 1088
43165898 15
43165913 1
21750395 21750409
43500804 170207
43671011 274
21750409 22019303
43769712 241557
44011269 272
22019303 22703623
44722926 107000
44829926 780
44830706 1
44722926 494046
45216972 11025
45227997 18
22723836 23246676
45970512 60009
46030521 2752
46033273 37
45970512 234494
46205006 816
46205822 2
45970512 424481
46394993 2720
46397713 11
45970512 494046
46464558 6528
46471086 122
45970512 684320
46654832 6528
46661360 123
23440791 23246676
46687467 6528
46693995 36
23444895 23440791
46885686 91929
46977615 2177
46979792 12
23444895 23910611
47355506 42052
47397558 1538
47399096 2
47355506 299761
47655267 11775
47667042 67
24194233 24194234
48388467 134109
48522576 1572
48524148 1
24577326 24194234
48771560 134109
48905669 1632
48907301 12
48771560 494046
49265606 7680
49273286 424
49273710 1
48771560 508934
49280494 3648
49284142 37
24712890 24712891
49425781 206676
49632457 769
49633226 3
25041811 24712891
49754702 91929
49846631 3168
49849799 42
25042670 25042659
50085329 594311
50679640 14481
50694121 41
25042670 25653245
50695915 734326
51430241 18513
51448754 53
26039424 25653245
51692669 229238
51921907 464
51922371 6
51692669 314471
52007140 6144
52013284 122
26040576 26040602
52081178 587382
52668560 432
52668992 14
52081178 684320
52765498 40516
52806014 307
52806321 1
26924426 26040602
52965028 173089
53138117 977
53139094 5
52965028 684320
53649348 19729
53669077 4
53649348 25198
53674546 300
53674846 4
26987816 26987819
53975635 22050
53997685 1029
26987819 27608746
54596565 324983
54921548 185
54921733 2
54596565 527121
55123686 2019
55125705 32
27608746 27608753
55217499 252288
55469787 1537
27984292 27984338
55968630 279074
56247704 3232
56250936 18
55968630 808772
56777402 12671
56790073 401
27984338 28822115
56806453 684320
57490773 42052
57532825 544
28933024 28933021
57866045 250607
58116652 1632
58118284 10
28933024 29458296
58391320 435111
58826431 3840
58830271 58
29758057 29458296
59216353 64614
59280967 480
59281447 29
59216353 238558
59454911 1281
59456192 45
30155647 29770020
59925667 432264
60357931 616
60357931 640
60358571 23
30564222 30155647
60719869 96153
60816022 3072
60819094 34
30564222 30564611
61128833 11775
61140608 123
61140731 1
30727259 30564611
61291870 116100
61407970 816
61408786 4
31166861 30850560
62017421 224447
62241868 848
31174856 31174853
62349709 114107
62463816 20
31625326 31174856
62800182 296516
63096698 1584
63098282 10
31870785 31870793
63741578 201044
63942622 62
63942684 2
32515046 31870793
64385839 126156
64511995 848
64512843 13
64385839 494046
64879885 390
64880275 1
64385839 684320
65070159 15090
65085249 95
32965247 32583460
65548707 374476
65923183 3264
65926447 62
65926509 2
33302571 33302518
66605089 162064
66767153 345
66767498 3
33302571 33486830
66789401 268191
67057592 5888
67063480 118
66789401 286753
67076154 545
67076699 19
33486830 33873009
67359839 210021
67569860 1507
67571367 9
34205679 33873838
68079517 120012
68199529 720
68200249 1
68079517 660461
68739978 3360
68743338 14
34819992 34205679
69025671 216165
69241836 1920
69243756 24
34837706 34837708
69675414 36147
69711561 1281
69712842 28
34936095 34936069
69872164 299761
70171925 7041
70178966 28
34936095 35337767
70273862 124620
70398482 1281
70399763 13
35573111 35573171
71146282 66150
71212432 2019
71214451 2
71146282 313858
71460140 67
36198032 35573171
71771203 439602
72210805 9695
72220500 9
71771203 508934
72280137 14097
72294234 198
72294432 1
71771203 808772
72579975 60009
72639984 1472
72641456 8
36638427 36872893
73511320 116100
73627420 2720
73630140 13
36872919 36872893
73745812 408575
74154387 816
74155203 22
36872919 37557715
74430634 244463
74675097 1920
74430634 653511
75084145 222
75084367 1
37706772 37706754
75413526 194115
75607641 1846
38112367 38369143
76481510 109482
76590992 816
76591808 5
38369324 38369325
76738649 96153
76834802 2304
76837106 14
38804518 38369325
77173843 454484
77628327 1920
77630247 51
38804518 39097177
77901695 60009
77961704 1152
77962856 46
39099677 39099680
78199357 229238
78428595 720
78429315 14
39631677 39631617
79263294 109482
79372776 539
79263294 286753
79550047 266
40228064 39631677
79859741 243075
80102816 432
80103248 14
79859741 553028
80412769 1899
80414668 1
40357073 40378501
80735574 60009
80795583 1152
40715064 40715103
81430167 274467
81704634 2561
81707195 9
41510678 40715103
82225781 146159
82371940 3969
82375909 44
82225781 344473
82570254 212
82570466 2
41583556 41583547
83167103 326757
83493860 197
83167103 488927
83656030 1424
83657454 11
41583556 42196020
83779576 684320
84463896 16657
84480553 300
84480853 1
42196020 42574487
84770507 173089
84943596 3900
84947496 49
84770507 344473
85114980 12671
85127651 82
42967682 42967644
85935326 1201
85936527 37
43165914 43165913
86331827 52309
86384136 1584
86385720 11
43165914 43500804
86666718 119957
86786675 26
86666718 254464
86921182 5331
86926513 48
86666718 470972
87137690 144
43769712 44011269
87780981 34320
87815301 156
87815457 1
44011541 44011269
88022810 6426
88029236 7
88022810 558933
88581743 5760
88587503 44
44011541 44722926
88734467 508934
89243401 10417
89253818 43
88734467 774329
89508796 274
44829926 44722926
89552852 36147
89588999 167
44830706 44830707
89661413 1418
89661413 296516
89957929 1576
89959505 6
45227997 45228015
90456012 82056
90538068 217
90456012 394478
90850490 6752
90857242 15
90857257 1
45228015 45970512
91198527 263099
91461626 1824
91463450 18
46033310 46205006
92238316 134109
92372425 2400
92374825 21
46394993 46205824
92600817 74103
92674920 1632
92676552 46
46654832 46471208
93126040 100010
93226050 737
93226787 8
93126040 186162
93312202 2945
93315147 25
46979804 46979792
93959596 210021
94169617 257
47355506 46979804
94335310 210021
94545331 2496
94547827 3
47667109 47667042
95334151 200028
95534179 432
95534611 14
47667109 48388467
96055576 243075
96298651 1088
96299739 57
96055576 802690
96858266 4544
96862810 43
48388467 48522576
96911043 132226
97043269 864
97044133 31
48524148 48524149
97048297 200532
97248829 447
48524149 48771560
97295709 194115
97489824 2177
97492001 92
48907313 48907301
97814614 194115
98008729 4352
98013081 62
98013143 2
49284179 49284142
98568321 116100
98684421 527
49754702 49846631
99601333 22050
99623383 922
49849841 50085329
99935170 534362
100469532 996
100470528 13
99935170 654318
100589488 2019
100591507 5
50085329 50679640
100764969 164112
100929081 2752
100931833 6
50695915 50694162
101390077 527121
101917198 737
51430241 50695915
102126156 123084
102249240 938
102250178 1
102126156 654318
102780474 3969
102784443 40
51692669 51448807
103141476 344473
103485949 14481
103500430 282
103500712 4
51922377 51922371
103844748 60009
103904757 2855
103907612 5
52081178 52013406
104094584 13567
104108151 84
52668560 52081178
104749738 326757
105076495 3168
105079663 14
104749738 332663
105082401 624
105083025 1
52965028 52806322
105771350 100010
105871360 2177
105873537 123
105873660 1
53139099 53139094
106278193 378467
106656660 1472
106658132 4
53139099 53649348
106788447 451307
107239754 480
107240234 26
53674850 53674846
107349696 172
53674850 53975635
107650485 90009
107740494 59
53998714 53997685
107996399 236510
108232909 1088
108233997 58
53998714 54596565
108595279 50005
108645284 132
108595279 506752
109102031 616
109102647 3
108595279 594311
109189590 11025
109200615 266
54921733 54921735
109843468 134109
109977577 5696
109983273 23
55125737 55125705
110251442 82056
110333498 1281
110334779 59
55125737 55217499
110343236 75879
110419115 737
110419852 13
110343236 134109
110477345 6447
110483792 11
55471324 55469787
110941111 454484
111395595 2752
111398347 56
55471324 55968630
111439954 734326
112174280 6784
112181064 29
56247704 55968630
112216334 232071
112448405 1728
112450133 10
56250954 56777402
113028356 95367
113123723 189
113028356 394478
113422834 4768
113427602 52
56806453 57490773
114297226 71269
114368495 12
114297226 684320
114981546 88
57533369 57532825
115066194 65126
115131320 291
115131611 1
57533369 57866045
115399414 299761
115699175 10609
115709784 4
58116652 57866045
115982697 194115
116176812 2752
116179564 30
58118294 58391320
116509614 314471
116824085 7680
116831765 251
116832016 5
58391320 58826431
117217751 41028
117258779 15
117217751 44100
117261851 1042
117262893 11
117217751 408575
117626326 5137
117631463 101
58830329 59216353
118046682 418470
118465152 86
59456237 59456192
118912429 268191
119180620 5696
119186316 2
59456237 59925667
119381904 660461
120042365 408
60358594 60358571
120717165 162064
120879229 545
120879774 22
60358594 60719869
121078463 299761
121378224 13280
121391504 8
60819128 61128833
121947961 84104
122032065 373
122032438 4
61408790 61408786
122817576 146159
122963735 4128
122967863 78
122817576 286753
123104329 1281
123105610 7
122817576 314471
123132047 5137
123137184 48
61408790 62017421
123426211 654318
124080529 2057
123426211 684320
124110531 36147
124146678 1281
124147959 15
124147974 1
124110531 42052
124152583 576
124153159 18
123426211 764328
124190539 6144
124196683 79
62241868 62242716
124484584 75879
124560463 452
124560915 3
62349709 62463816
124813525 103082
124916607 1055
62800182 62463836
125264018 296516
125560534 2080
125562614 12
62800182 63096698
125896880 91929
125988809 1899
125990708 12
63098282 63098292
126196574 65126
126261700 364
63098292 63741578
126839870 364475
127204345 1632
127205977 93
63942686 63942684
127885370 17169
127902539 640
127903179 35
63942686 64385839
128328525 36147
128364672 8
64512843 64512856
129025699 103082
64880276 64880275
129760551 6144
129766695 84
65085344 65085249
130170593 186162
130356755 969
65548707 65085344
130634051 614313
131248364 23358
131271722 81
65926511 65926509
131853020 146159
131999179 5137
132004316 13
131853020 210021
132063041 2019
132065060 20
131853020 292659
132145679 2177
132147856 82
131853020 453831
132306851 386
65926511 66605089
132531600 344473
132876073 12049
132888122 328
132888450 1
132531600 802690
133334290 5664
133339954 15
133339969 1
66789401 67057592
133846993 2177
133849170 125
67359839 67076718
134436557 230262
134666819 1088
134667907 34
67571367 67571376
135142743 344473
135487216 4992
135492208 59
68079517 68199529
136279046 75879
136354925 43
68200250 68739978
136940228 254464
137194692 6913
137201605 77
68743338 68743352
137486690 180018
137666708 225
137666933 5
69025671 69241836
138267507 194115
138461622 3457
138465079 59
69675414 69243780
138919194 46660
138965854 27
138919194 56149
138975343 3712
138979055 49
138919194 314471
139233665 5331
139238996 14
69712870 69872164
139585034 218946
139803980 1152
139805132 10
139585034 236510
139821544 2019
139823563 4
70273862 70178994
140452856 186162
140639018 4352
140643370 41
70399763 70399776
140799539 288563
141088102 1920
141090022 30
140799539 660461
141460000 5137
141465137 85
70399776 71146282
141546058 378467
141924525 5504
141930029 1
71214453 71460140
142674593 126156
142800749 3969
142804718 47
71460207 71460140
142920347 47172
142967519 112
71771203 71460207
143231410 660461
143891871 924
143892795 3
72220500 72220509
144441009 23586
144464595 83
72294433 72294432
144588865 16425
144605290 72
72641456 72641464
145282920 11583
145294503 127
145282920 734326
146017246 3457
146020703 156
146020859 1
72641464 73511320
146152784 594311
146747095 5392
146752487 2
146152784 684320
146837104 34611
146871715 464
146872179 9
73630153 73630140
147260293 70466
147330759 185
73745812 73630153
147375965 263099
147639064 612
147639676 1
147375965 464485
147840450 1728
147842178 57
74154387 73745812
147900199 75879
147976078 545
147976623 20
74155225 74155203
148310428 72293
148382721 221
148310428 241557
148551985 1281
148553266 105
74155225 74430634
148585859 126156
148712015 1440
148713455 1
148585859 344473
148930332 7680
148938012 389
74677017 75084145
149761162 170207
149931369 1786
149933155 1
75084367 75084368
150168735 299761
150468496 3712
150472208 86
75413526 75084368
150497894 45636
150543530 424
75607641 75609487
151217128 299761
151516889 3392
151520281 36
76481510 75609487
152090997 279074
152370071 3900
152373971 37
152090997 808772
152899769 45636
152945405 996
152946401 10
76738649 76591813
153330462 120012
153450474 1856
153452330 19
153330462 235344
153565806 136
153565942 4
76837120 77173843
154010963 209236
154220199 624
154220823 10
154010963 250502
154261465 84
77628327 77173843
154802170 386179
155188349 6528
155194877 113
77630298 77630247
155260545 35343
155295888 624
155296512 6
77962902 78199357
156162259 66150
156228409 345
156228754 2
78429329 78429315
156858644 283170
157141814 1538
157143352 6
78429329 79263294
157692623 424481
158117104 2512
158119616 6
79372776 79263294
158636070 91929
158727999 3072
158731071 7
79859741 79550313
159410054 160018
159570072 769
159570841 6
159410054 224447
159634501 840
159635341 2
80103262 80103248
160206510 180018
160386528 954
160387482 2
80414668 80414669
160829337 87176
160916513 8
80795583 80796735
161592318 114107
161706425 816
161707241 6
161706425 938
161707363 6
161592318 279074
161871392 1057
161872449 8
80796735 81430167
162226902 408575
162635477 2752
162638229 62
162226902 684320
162911222 35343
162946565 576
162947141 5
81704634 81430167
163134801 173089
163307890 6784
163314674 118
81707204 81707195
163414399 314471
163728870 2512
163731382 4
81707204 82225781
163932985 508934
164441919 4608
164446527 13
163932985 558933
164491918 9024
164500942 25
163932985 660461
164593446 545
164593991 8
82375953 82570254
164946207 103082
165049289 1152
165050441 10
164946207 146159
165092366 7232
165099598 35
82570468 82570466
165140934 587382
165728316 3457
165731773 30
82570468 83167103
165737571 508934
166246505 13280
166259785 130
83493860 83167103
166660963 134109
166795072 6528
166801600 212
83656030 83494057
167150087 134109
167284196 3457
167287653 20
83657465 83779576
167437041 464485
167901526 2945
167904471 69
84463896 83779576
168243472 224447
168467919 787
168468706 22
84480853 84480854
168961707 106154
169067861 326
84480854 84770507
169251361 88200
169339561 373
169339934 7
84947545 84947496
169895041 49732
169944773 72
169895041 96153
169991194 2880
169994074 23
85127651 85127733
170255384 614313
170869697 13954
170883651 81
170255384 660461
170915845 21026
170936871 354
170937225 1
85936564 85936527
171873091 27950
171901041 39
86331827 85936564
172268391 14865
172283256 75
86385731 86385720
172771451 173089
172944540 3712
172948252 29
86385731 86666718
173052449 213154
173265603 2561
173268164 92
86921182 86786701
173707883 7090
173714973 30
87137690 87137834
174275524 372304
174647828 616
174648444 2
87780981 87137834
174918815 91929
175010744 2945
175013689 121
87815457 87815458
175630915 134109
175765024 2561
175767585 50
88029243 88581743
176610986 90009
176700995 206
88587547 88587503
177175050 56149
177231199 452
177231651 3
88587547 88734467
177322014 424481
177746495 4768
177751263 50
89253861 89253818
178507679 2400
178510079 7
89662831 89661413
179324244 82056
179406300 1856
179408156 29
89662831 89957929
179620760 239969
179860729 62
89959511 89959505
179919016 408575
180327591 7090
180334681 38
89959511 90456012
180415523 386179
180801702 1856
180803558 40
90538068 90538285
181076353 268191
181344544 4608
181349152 84
91198527 90857258
182055785 222070
182277855 1728
182279583 33
91198527 91461626
182660153 134109
182794262 3392
182797654 23
91463450 91463468
182926918 48196
182975114 369
182975483 2
92238316 91463468
183701784 244463
183946247 4074
183950321 8
183701784 808772
184510556 15882
184526438 198
184526636 4
92238316 92372425
184610741 95367
184706108 545
184706653 9
92600817 92674920
185275737 22050
185297787 576
185298363 10
92676552 92676598
185353150 84104
185437254 1584
185438838 34
93126040 92676598
185802638 408575
186211213 7090
186218303 50
93312202 93226795
186538997 56149
186595146 2945
186598091 79
93315172 93315147
186630319 229238
186859557 368
186630319 574317
187204636 373
187205009 1
93315172 93959596
187274768 194115
187468883 5504
187474387 75
187274768 508934
187783702 5888
187789590 121
187274768 808772
188083540 15090
188098630 21
94335310 94169874
188505184 244463
188749647 706
188750353 1
94547827 94547830
189095657 146159
189241816 4992
189246808 97
189095657 296444
189392101 71
95334151 94547830
189881981 124620
190006601 373
189881981 553028
190435009 1920
190436929 40
95334151 95534179
190868330 78199
190946529 1057
190947586 15
95534611 95534625
191069236 244463
191313699 2512
191316211 17
96055576 95534625
191590201 89508
191679709 80
191590201 130525
191720726 148
191590201 534362
192124563 945
192125508 5
191590201 654318
192244519 3264
192247783 62
192247845 2
96299739 96299796
192599535 103082
192702617 737
192703354 29
96858266 96299796
193158062 394478
193552540 7680
193560220 408
193158062 508934
193666996 6144
193673140 102
97249276 97295709
194544985 52309
194597294 360
194597654 3
97492093 97814614
195306707 210021
195516728 163
195516891 1
98013143 98013145
196026288 49732
196076020 218
98013145 98568321
196581466 451307
197032773 2177
197034950 117
98684421 98684948
197369369 279074
197648443 19
197369369 808772
198178141 4480
198182621 31
198178141 56001
198234142 2
99601333 98684948
198286281 734326
199020607 6913
199027520 41
99624305 99935170
199559475 109482
199668957 848
199669805 9
199559475 808772
200368247 9904
200378151 6
99935170 100469532
200404702 60009
200464711 2675
200467386 21
100470528 100470541
200941069 64614
201005683 147
100931833 100931839
201863672 112150
201975822 106
100931839 101390077
202321916 88200
202410116 148
202321916 808772
203130688 87176
203217864 275
101917198 101917935
203835133 183954
204019087 737
204019824 14
102126156 101917935
204044091 235344
204279435 31
102250179 102780474
205030653 224447
205255100 297
205030653 508934
205539587 13954
205553541 106
103141476 102784483
205925959 32307
205958266 276
205925959 614313
206540272 8992
206549264 11
103500716 103500712
207001428 274467
207275895 1584
207277479 41
103907617 104094584
208002201 186162
208188363 4608
208192971 76
104108151 104108235
208216386 451307
208667693 1057
208668750 10
104749738 104108235
208857973 418576
209276549 369
105083025 105083026
210166051 66150
210232201 1281
210233482 48
105771350 105083026
210854376 254464
211108840 4992
211113832 50
105873661 105873660
211747321 96153
211843474 864
211844338 37
105873661 106278193
212151854 614313
212766167 6528
212772695 181
106656660 106278193
212934853 91929
213026782 43
106658132 106658136
213316268 66150
213382418 3840
213386258 26
106788447 107239754
214028201 210021
214238222 977
214239199 1
107349696 107349868
214699564 228177
214927741 984
214928725 11
107740553 107996399
215736952 109482
215846434 1088
215847522 20
215736952 435111
216172063 3457
216175520 119
108233997 108234055
216468052 10513
216478565 5
108645284 108645416
217290700 154112
217444812 3072
217447884 34
109102031 108645416
217747447 80010
217827457 50
217747447 173089
217920536 3264
217923800 56
217747447 299761
218047208 4544
218051752 58
217747447 386179
218133626 6113
218139739 3
109200615 109200881
218401496 439602
218841098 576
218841674 19
109843468 109200881
219044349 454484
219498833 9215
219508048 22
109983273 109983296
219966569 114107
220080676 1728
220082404 48
219966569 250607
220217176 1538
220218714 25
110483792 110483803
220967595 241557
221209152 191
110483803 110941111
221424914 160018
221584932 480
221585412 12
221424914 553028
221977942 3392
221981334 5
111439954 111398403
222838357 109482
222947839 35
222838357 299761
223138118 432
223138550 8
111439954 112174280
223614234 324983
223939217 152
223614234 394478
224008712 4224
224012936 54
112450133 112450143
224900276 31539
224931815 102
224931917 2
113028356 112450143
225478499 168208
225646707 1538
225648245 12
225478499 235344
225713843 100
113028356 113123723
226152079 88200
226240279 737
226241016 15
113123912 113123723
226247635 181299
226428934 1394
226430328 6
113427602 113427654
226855256 508934
227364190 12049
227376239 133
114297226 113427654
227724880 424481
228149361 938
228150299 6
114368507 114368495
228737002 47172
228784174 287
114981546 114368507
229350053 146159
229496212 4544
229500756 44
229350053 283170
229633223 969
115066194 114981634
230047828 72293
230120121 1088
230121209 55
115399414 115131612
230531026 508934
231039960 3457
231043417 74
115709784 115709788
231419572 192305
231611877 163
231612040 1
115982697 115709788
231692485 250607
231943092 464
231943556 7
115982697 116176812
232159509 9088
232168597 123
232168720 1
232159509 63078
232222587 384
232222971 1
116179594 116509614
232689208 244463
232933671 408
232934079 4
116832016 116832021
233664037 107000
233771037 864
233771901 41
233664037 288563
233952600 1538
233954138 9
116832021 117217751
234049772 218946
234268718 816
234269534 9
117262904 117262893
234525797 283170
234808967 386
234809353 1
117262904 117626326
234889230 283170
235172400 1856
235174256 32
118046682 117631564
235678246 378467
236056713 7296
236064009 57
235678246 574317
236252563 3900
236256463 53
118465152 118046682
236511834 100010
236611844 208
236612052 2
118912429 118465238
237377667 16576
237394243 23
237377667 594311
237971978 10609
237982587 45
119381904 119186318
238568222 252288
238820510 545
238821055 3
119381904 120042365
239424269 364475
239788744 5137
239793881 73
120042773 120042365
240085138 614313
240699451 32
120717165 120879229
241596394 15090
241611484 46
121378224 121078463
242456687 46660
242503347 8
242456687 183954
242640641 924
242641565 9
121391512 121947961
243339473 279074
243618547 737
243619284 23
122032442 122032438
244064880 488927
244553807 737
244554544 28
122032442 122817576
244850018 31539
244881557 537
244850018 470972
245320990 1201
245322191 26
244850018 684320
245534338 13280
245547618 149
122967863 122967941
245935804 89988
246025792 5
123137232 123426211
246563443 134109
246697552 1057
246698609 2
124080529 123426211
247506740 66150
247572890 996
247573886 20
124196762 124196683
248393445 144585
248538030 977
248539007 2
248393445 254464
248647909 2464
248650373 29
124813525 124560918
249374443 235833
249610276 323
125264018 124917662
250181680 241557
250423237 339
250181680 574317
250755997 4128
250760125 2
250181680 587382
250769062 5504
250774566 9
125562626 125562614
251125240 173089
251298329 332
251298661 2
125990720 125990708
251981428 7680
251989108 312
251989420 6
126261700 126262064
252523764 173089
252696853 5504
252702357 74
126839870 126262064
253101934 439602
253541536 373
253541909 6
126839870 127204345
254044215 244463
254288678 163
254044215 314471
254358686 7680
254366366 408
254366774 6
127206070 127205977
254412047 200028
254612075 320
127885370 127206070
255091440 454484
255545924 5760
255551684 87
127903179 127903214
255806393 173089
255979482 5760
255985242 7
255806393 206676
256013069 7
255806393 250607
256057000 170
128364680 128364672
256729352 114107
256843459 1920
256845379 47
256729352 116100
256845452 688
256846140 9
129025699 128364680
257390379 394478
257784857 10897
257795754 18
129025699 129128781
258154480 340224
258494704 1281
258495985 90
129760551 129128781
258889332 15633
258904965 10
258889332 103082
258992414 401
258992815 3
258889332 296516
259185848 1281
259187129 77
130170593 129766779
259937372 109482
260046854 864
260047718 6
130357724 130356755
260714479 263099
260977578 1856
260979434 7
130357724 130634051
260991775 134109
261125884 4352
261130236 68
260991775 224447
261216222 150
260991775 614313
261606088 20003
261626091 29
130634051 131248364
261882415 82056
261964471 1632
261966103 46
261882415 558933
262441348 2512
262443860 4
131271803 131853020
263124823 210021
263334844 222
263335066 1
263124823 660461
263785284 1201
263786485 4
132065080 132145679
264210759 13567
264224326 76
132307237 132531600
264838837 89508
264928345 235
264928580 2
264838837 386179
265225016 7680
265232696 211
132531600 132876073
265407673 274467
265682140 3072
265685212 56
132888451 133334290
266222741 206676
266429417 464
266429881 7
133339970 133339969
266679939 254464
266934403 6913
266941316 12
133339970 133846993
267186963 435111
267622074 969
267623043 4
133849170 133849295
267698465 24098
267722563 938
267723501 3
267698465 283170
267981635 235
134436557 133849295
268285852 454484
268740336 1152
268741488 40
268285852 788955
269074807 12671
269087478 122
134667941 134667907
269335848 464485
269800333 1281
269801614 81
134667941 135142743
269810684 684320
270495004 15882
270510886 297
135487216 135142743
270629959 254464
270884423 640
270885063 19
135492267 135492208
270984475 654318
271638793 4352
271643145 126
135492267 136279046
271771313 364475
272135788 5137
272140925 90
136354925 136354968
272709893 314471
273024364 7424
273031788 198
273031986 3
136354968 136940228
273295196 439602
273734798 4992
273739790 12
137201682 137201605
274403287 50005
274453292 864
274454156 45
137201682 137486690
274688372 65126
274753498 576
274754074 1
274688372 374476
275062848 3232
275066080 3
137666933 137666938
275333871 154112
275487983 3232
275491215 7
138267507 137666938
275934445 232071
276166516 1440
276167956 10
138465079 138461622
276926701 1281
276927982 61
138465138 138465079
276930217 90009
277020226 171
138919194 138465138
277384332 394478
277778810 4352
277783162 48
139233665 138979104
278212769 254464
278467233 2144
278469377 10
139239010 139585034
278824044 75879
278899923 1846
278901769 1
278824044 314471
279138515 3712
279142227 71
139823567 139823563
279647130 72293
279719423 251
279719674 4
279647130 470972
280118102 1728
280119830 5
140452856 139823567
280276423 36147
280312570 2057
280314627 1
140452856 140639018
281091874 20514
281112388 152
140643411 140799539
281442950 372304
281815254 1728
281816982 41
141088102 140799539
281887641 91929
281979570 954
281980524 6
281887641 146159
282033800 5594
282039394 21
141090022 141090052
282180074 74103
282254177 1152
282255329 9
141465222 141546058
283011280 89224
283100504 60
283011280 244463
283255743 4128
283259871 35
141930030 141930029
283860059 386179
284246238 4224
284250462 86
283860059 508934
284368993 2752
284371745 39
283860059 533026
284393085 464
284393549 1
141930030 142674593
284604623 488927
285093550 4703
285098253 34
284604623 808772
285413395 31539
285444934 424
285445358 6
143231410 142967631
286199041 154112
286353153 4224
286357377 4
286199041 614313
286813354 6913
286820267 40
143891871 143231410
287123281 538931
287662212 2880
287665092 36
143892798 144441009
288333807 134109
288467916 203
144464678 144588865
289053543 100010
289153553 1632
289155185 25
144605290 144605362
289210652 20130
289230782 1
289210652 614313
289824965 24098
289849063 937
145282920 144605362
289888282 470972
290359254 6144
290365398 53
289888282 494046
290382328 185
290382513 2
145294503 145294630
290589133 89224
290678357 120
290589133 364475
290953608 396
290954004 2
290589133 470972
291060105 3264
291063369 56
145294630 146017246
291311876 326519
291638395 156
291638551 1
146020860 146152784
292173644 424481
292598125 2112
292600237 21
292173644 478925
292652569 5760
292658329 83
146152784 146747095
292899879 90009
292989888 531
292899879 144585
293044464 1394
146747095 146752487
293499582 4544
293504126 44
146872179 146872188
293744367 286515
294030882 89
146872188 147260293
294132481 268191
294400672 2
147639064 147375965
295015029 64614
295079643 178
147639676 147639677
295279353 7090
295286443 38
147842178 147842235
295684413 30003
295714416 640
295715056 13
147976623 147976643
295953266 173089
296126355 136
295953266 224447
296177713 640
296178353 24
295953266 326757
296280023 2561
296282584 75
147976643 148310428
296287071 394478
296681549 3168
296684717 6
148382721 148382942
296765663 91929
296857592 251
296857843 2
148551985 148382942
296934927 48196
296983123 769
296983892 1
296934927 154112
297089039 1632
297090671 23
148713455 148713456
297426911 183954
297610865 28
148713456 148930332
297643788 5137
297648925 33
297643788 90009
297733797 1201
297734998 40
148938012 148938401
297876413 734326
298610739 5664
298616403 8
149761162 148938401
298699563 752943
299452506 4928
299457434 33
150168735 149933156
300101891 126156
300228047 2561
300230608 30
150168735 150468496
300637231 66150
300703381 545
300703926 10
150543954 150543530
301087484 592960
301680444 118
151217128 150543954
301761082 684320
302445402 40008
302485410 127
301761082 728861
302489943 2304
302492247 4
151520317 151520281
303040598 239969
303280567 624
303040598 314471
303355069 6528
303361597 98
303040598 435111
303475709 2112
303477821 7
152090997 151520317
303611314 230262
303841576 319
303611314 788955
304400269 185
304400454 3
152373971 152374008
304747979 342664
305090643 452
305091095 2
152899769 152374008
305273777 29730
305303507 15
305303522 1
305273777 160018
305433795 81
152946401 152946411
305892812 205887
306098699 480
306099179 1
153330462 152946411
306276873 75879
306352752 1980
306354732 27
306276873 91929
306368802 2304
306371106 62
306276873 435111
306711984 3633
306715617 2
153565946 153565942
307131888 45636
307177524 332
307177856 2
153565946 154010963
307576909 45636
307622545 307
307622852 3
154220199 154010963
308231162 146159
308377321 1401
308378722 6
154261549 154261465
308523014 364475
308887489 5331
308892820 33
154261549 154802170
309063719 374476
309438195 3900
309442095 38
155188349 154802170
309990519 124620
310115139 1281
310116420 3
309990519 326757
310317276 2720
310319996 27
155260545 155194990
310455535 56149
310511684 19
155296518 155296512
310593030 684320
311277350 15377
311292727 67
155296518 156162259
311458777 74103
311532880 65
311458777 299761
311758538 4128
311762666 25
311458777 684320
312143097 3072
312146169 45
156228754 156228756
312457510 326519
312784029 61
156228756 156858644
313087400 283170
313370570 640
313371210 34
157141814 156858644
314000458 42052
314042510 1728
314044238 53
314000458 154112
314154570 864
314155434 31
314000458 234494
314234952 640
314235592 5
157143358 157143352
314286710 424481
314711191 2400
314713591 28
314286710 538931
314825641 5760
314831401 107
157692623 157143358
314835981 808772
315644753 55125
315699878 688
315700566 14
315644753 130525
315775278 180
158119622 158119616
316239238 286515
316525753 79
158636070 158119622
316755692 508934
317264626 10609
317275235 88
158731071 158731078
317462149 439602
317901751 6913
317908664 99
159410054 158731078
318141132 684320
318825452 40516
318865968 161
159635343 159635341
319270684 553028
319823712 4320
319828032 15
159635343 160206510
319841853 266171
320108024 169
160206510 160386528
320593038 134109
320727147 3712
320730859 4
160387482 160387484
320774966 173089
320948055 305
160387484 160829337
321216821 28051
321244872 43
321216821 508934
321725755 2561
321728316 72
160916513 160916521
321833034 574317
322407351 769
322408120 5
161592318 160916521
322508839 614313
323123152 26402
323149554 123
161872457 161872449
323744906 160018
323904924 452
162226902 161872457
324099359 508934
324608293 7296
324615589 1
162638229 162638291
325276520 146159
325422679 95
162638291 162911222
325549513 299761
325849274 3457
325852731 32
163314792 163414399
326729191 36147
326765338 1201
326766539 38
163728870 163414399
327143269 134109
327277378 4352
327281730 62
327281792 2
163932985 163731386
327664371 344473
328008844 381
328009225 1
163932985 164441919
328374904 299761
328674665 4768
328679433 111
164593991 164593999
329187990 236510
329424500 7
329187990 344473
329532463 2945
329535408 55
164946207 164593999
329540206 299761
329839967 3648
329843615 42
165099633 165140934
330240567 451307
330691874 251
330692125 1
165731803 165737571
331469374 6752
331476126 3
165737571 166246505
331984076 424481
332408557 3264
332411821 29
166660963 166259915
332920878 418576
333339454 996
333340450 2
167150087 166801812
333951899 164112
334116011 2752
334118763 66
167287653 167287673
334575326 112297
334687623 1152
334688775 15
334688790 1
167287673 167437041
334724714 274467
334999181 3633
335002814 3
167904540 167904471
335809011 46660
335855671 401
168243472 167904540
336148012 28194
336176206 198
336176404 4
336148012 91909
336239921 5
168243472 168467919
336711391 15090
336726481 136
336726617 4
168961707 168468728
337430435 90009
337520444 225
337520669 7
337430435 114107
337544542 1538
337546080 32
337430435 394478
337824913 4352
337829265 40
169068187 169067861
338136048 109482
338245530 480
338246010 20
169339941 169339934
338679875 324983
339004858 456
339005314 1
169339941 169895041
339234982 344473
339579455 5594
339585049 14
169994097 170255384
340249481 235486
340484967 295
170255384 170869697
341125081 314471
341439552 1057
341440609 27
170937225 170937226
341874451 394478
342268929 9344
342278273 15
342278288 1
170937226 171873091
342810317 123084
342933401 785
342934186 1
342810317 788955
343599272 480
343599752 24
342810317 808772
343619089 134109
343753198 7680
343760878 87
171901080 171901041
343802121 44100
343846221 624
343846845 7
343802121 134109
343936230 6144
343942374 233
172283331 172283256
344566587 52309
344618896 117
344566587 378467
344945054 3457
344948511 172
344948683 1
172771451 172283331
345054782 659032
345713814 938
345714752 5
173268164 173268256
346536420 114107
346650527 1920
346652447 31
173715003 173714973
347429976 173089
347603065 6383
347609448 9
173715003 174275524
347990527 209236
348199763 312
348200075 2
174647828 174275524
348923352 60009
348983361 2880
348986241 27
174648446 174918815
349567261 159746
349727007 243
175013689 175013810
350027499 225654
350253153 432
350253585 6
350027499 454484
350481983 2752
350484735 1
350027499 488927
350516426 3969
350520395 52
175630915 175013810
350644725 478925
351123650 9440
351133090 12
350644725 548933
351193658 954
351194612 13
175767635 175767585
351535220 538931
352074151 9440
176610986 175767635
352378621 154112
352532733 198
352532931 3
352378621 279074
352657695 277
352657972 3
176700995 176701201
353402196 146159
353548355 1632
353549987 2
353402196 386179
353788375 4992
353793367 20
177231199 177175050
354406249 52309
354458558 1632
354460190 26
177231654 177322014
354553668 81032
354634700 720
354635420 3
177746495 177322014
355068509 225654
355294163 1281
355295444 102
355295546 1
177751263 177751313
355502576 218946
355721522 136
355721658 4
178507679 177751313
356258992 216165
356475157 1440
356476597 21
356258992 292659
356551651 1632
356553283 10
178510079 178510086
357020165 424481
357444646 6464
357451110 24
357020165 538931
357559096 996
357560092 3
178510086 179324244
357834330 454484
358288814 3840
358292654 14
179408185 179408156
358816341 39732
358856073 25
179620760 179408185
359028945 96153
359125098 1088
359126186 62
359028945 424481
359453426 7424
359460850 208
359461058 2
179620760 179860729
359481489 154112
359635601 996
359636597 1
180327591 179919016
360246607 332663
360579270 3840
360583110 45
180334719 180415523
360750242 13567
360763809 181
180803558 180803598
361607156 96153
361703309 2177
361705486 115
181076353 180803598
361879951 225654
362105605 624
362106229 2
361879951 344473
362224424 19217
362243641 401
362244042 4
361879951 408575
362288526 4098
362292624 5
181349236 181349152
362698388 296516
362994904 864
362995768 34
362698388 684320
363382708 8224
363390932 19
182055785 181349236
363405021 75879
363480900 1281
363482181 46
363405021 527121
363932142 737
363932879 18
182277855 182055785
364333640 30003
364363643 115
182660153 182279616
364939769 126156
365065925 1728
365067653 36
182660153 182794262
365454415 124620
365579035 848
182797677 182926918
365724595 173089
365897684 2019
365899703 7
182975485 182975483
365950968 100010
366050978 1980
366052958 27
182975485 183701784
366677269 12671
366689940 277
366690217 3
366677269 734326
367411595 6784
367418379 34
183950321 183950329
367900650 424481
368325131 6144
368331275 163
184610741 184526640
369137381 14432
369151813 42
184706662 185275737
369982399 72293
370054692 545
370055237 19
185298373 185298363
370596736 31539
370628275 130
185802638 185438872
371241510 146159
371387669 3457
371391126 163
371241510 324110
371565620 373
371565993 5
371241510 488927
371730437 1728
371732165 9
185802638 186211213
372013851 378467
372392318 576
372392894 5
186218303 186218353
372436656 238558
372675214 1281
372676495 74
186538997 186218353
372757350 332663
373090013 1632
373091645 25
186630319 186598170
373228489 87176
373315665 161
373228489 154112
373382601 3392
373385993 5
186859925 187204636
374064561 71269
374135830 81
187205010 187274768
374479778 55125
374534903 688
374535591 14
187474462 187474387
374948849 119739
375068588 98
187783702 187474462
375258164 254464
375512628 3072
375515700 87
188098630 188098651
376197281 173089
376370370 3072
376373442 2
188505184 188749647
377254831 52309
377307140 15
377307155 1
189095657 188750354
377846011 45636
377891647 424
377892071 1
377846011 464485
378310496 4128
378314624 41
189392172 189392101
378784273 164112
378948385 3160
378951545 5
190006601 189881981
379888582 42052
379930634 977
379931611 4
190435009 190006974
380441983 3457
380445440 44
380441983 90009
380531992 1042
380533034 6
190436969 190436929
380873898 66150
380940048 3900
380943948 18
190436969 190868330
381305299 372304
381677603 516
191069236 190947601
382016837 254464
382271301 6528
382277829 40
191069236 191313699
382382935 134109
382517044 7680
382524724 251
191590201 191316228
382906429 22050
382928479 276
191720726 191720874
383441600 239969
383681569 523
192247845 192247847
384495692 160018
384655710 1632
384657342 49
192599535 192247847
384847382 126156
384973538 640
384974178 18
384847382 216165
385063547 737
385064284 18
192703383 192703354
385406737 52309
385459046 307
385459353 1
192703383 193158062
385861445 4128
385865573 88
193158062 193552540
386710602 7680
386718282 369
193560628 193666996
387227624 60009
387287633 779
193673242 193673140
387346382 30003
387376385 848
387377233 14
387346382 538931
387885313 5594
387890907 56
194544985 193673242
388218227 42052
388260279 464
388260743 3
388218227 538931
388757158 7424
388764582 101
388218227 788955
389007182 11583
389018765 142
194597654 194597657
389195311 263099
389458410 452
389458862 1
389195311 508934
389704245 8448
389712693 20
389195311 684320
389879631 3344
389882975 8
195306707 194597657
389904364 464485
390368849 3457
390372306 66
389904364 684320
390588684 984
390589668 7
195516892 195516891
391033783 100010
391133793 161
196026288 195516892
391543180 13567
391556747 307
391557054 1
196076238 196076020
392152258 206676
392358934 340
196581466 196076238
392657704 660461
393318165 7680
393325845 300
393326145 1
197032773 196581466
393614239 286753
393900992 1472
393902464 21
197035067 197034950
394070017 130525
394200542 576
394201118 4
197648443 197369369
395017812 180018
395197830 386
197648462 197648443
395296905 81032
395377937 526
395296905 299761
395596666 7680
395604346 32
197648462 198178141
395826603 508934
396335537 88
198234144 198286281
396520425 109482
396629907 2064
396631971 3
396520425 584310
397104735 260
199020607 198286281
397306888 439602
397746490 9856
397756346 28
397306888 494046
397800934 5121
397806055 5
199559475 199027561
398587036 183090
398770126 600
398770726 7
199559475 199668957
399228432 26402
399254834 432
399255266 3
199669805 199669814
399339619 55125
399394744 312
399395056 6
399339619 408575
399748194 6528
399754722 65
199669814 200368247
400038061 123084
400161145 816
400161961 21
400038061 614313
400652374 18513
400670887 225
400671112 5
200467386 200467407
400934793 181299
401116092 864
200467407 200941069
401408476 204116
401612592 395
401408476 225654
401634130 1632
401635762 76
201005683 200941069
401946752 21026
401967778 34
201005830 201863672
402869502 96153
402965655 2112
402967767 13
402869502 808772
403678274 82056
403760330 864
403761194 13
201975822 201975928
403951750 96153
404047903 1584
404049487 2
202321916 202410116
404732032 87176
404819208 447
404819655 4
202410264 203130688
405540952 241557
405782509 847
203218139 203217864
406436003 124620
406560623 401
406561024 4
203218139 203835133
407053272 494046
407547318 1152
407548470 32
407053272 508934
407562206 10609
407572815 15
407572830 1
204019838 204044091
408063929 225654
408289583 373
204279466 204279435
408558901 508934
409067835 11775
409079610 39
204279466 205030653
409310119 752943
410063062 7680
410070742 108
205255100 205030653
410285753 78199
410363952 360
410364312 2
410285753 164112
410449865 2752
410452617 27
205255397 205539587
410794984 162064
410957048 243
205553647 205553541
411107188 314471
411421659 9311
411430970 32
205553647 205925959
411479606 263099
411742705 2531
411745236 12
205958266 205958542
411916808 574317
412491125 6144
412497269 225
206549275 206549264
413098539 168208
413266747 787
413267534 20
206549275 207001428
413550703 20386
413571089 84
413550703 423175
413973878 864
413974742 56
207275895 207001428
414277323 33075
414310398 480
414310878 19
207277520 207277479
414554999 538931
415093930 1584
415095514 27
207277520 208002201
415279721 684320
415964041 19217
415983258 432
415983690 13
208216386 208667693
416884079 91269
416975348 599
416884079 235833
417119912 401
417120313 4
208668750 208668760
417337510 75879
417413389 2177
417415566 108
208857973 208668760
417526733 386179
417912912 4128
417917040 13
417526733 494046
418020779 2752
418023531 83
209276549 208857973
418134522 194115
418328637 2675
418331312 42
418134522 236510
418371032 864
418371896 41
209276918 209276549
418553467 254464
418807931 2531
418810462 10
418553467 558933
419112400 5760
419118160 20
210166051 209276918
419442969 508934
419951903 287
210233530 210233482
420467012 210021
420677033 1920
420678953 55
420467012 288563
420755575 1281
420756856 31
420467012 594311
421061323 9568
421070891 56
210233530 210854376
421087906 478925
421566831 8448
421575279 156
421575435 2
421087906 548933
421636839 3900
421640739 51
211108840 210854376
421963216 15882
421979098 81
421963216 236510
422199726 1057
422200783 11
211113882 211113832
422227714 344473
422572187 5
211747321 211113882
422861203 553028
423414231 3900
423418131 3
422861203 587382
423448585 977
423449562 4
211844375 212151854
423996229 424481
424420710 4928
424425638 9
423996229 774329
424770558 5664
424776222 15
423996229 788955
424785184 12527
424797711 21
212772876 212772695
425545571 56149
425601720 2675
425604395 15
425604410 1
425545571 160018
425705589 1632
425707221 26
213316268 213026825
426343093 154112
426497205 1584
426498789 14
426343093 263099
426606192 2880
426609072 29
426343093 288563
426631656 259
213386284 213386258
426772542 494046
427266588 9311
427275899 23
213386284 214028201
427414485 268191
427682676 4512
427687188 29
427414485 684320
428098805 15633
428114438 107
214028201 214238222
428266423 720
428267143 5
214239200 214239199
428478399 343294
428821693 1088
428822781 32
214239200 214699564
428938764 123084
429061848 2
214699564 214927741
429627305 88200
429715505 326
429715831 1
214928725 214928736
429857461 36147
429893608 787
429894395 15
429857461 580879
430438340 2848
429857461 788955
430646416 5664
430652080 25
214928736 215736952
430665688 594311
431259999 9215
431269214 4
215847542 216172063
432019605 103082
432122687 996
432123683 21
216468052 216175639
432643691 41028
432684719 265
216478565 216478570
432957135 587382
433544517 737
433545254 13
217290700 216478570
433769270 684320
434453590 23586
434477176 456
217747447 217447918
435195365 154112
435349477 3457
435352934 38
218051810 218133626
436185436 48196
436233632 464
436234096 1
218401496 218139742
436541238 206676
436747914 251
436748165 2
218401496 218841098
437242594 235486
437478080 168
218841693 219044349
437886042 210021
438096063 1252
438097315 26
219498833 219044349
438543182 439602
438982784 26
219508048 219508070
439016118 56149
439072267 2880
439075147 38
219966569 219508070
439474639 250607
439725246 464
220080676 219966569
440047245 56149
440103394 218
220218739 220218714
440437453 107000
440544453 2112
440546565 12
220218739 220967595
441186334 31539
441217873 720
441218593 4
441186334 216165
441402499 640
441403139 39
441186334 278694
441465028 300
441465328 4
221209152 221209343
442418495 26402
442444897 360
442445257 3
221585412 221585424
443170836 84104
443254940 1538
443256478 13
221977942 221585424
443563366 292659
443856025 1786
221981334 221981339
443962673 35343
443998016 82
443962673 254464
444217137 3457
444220594 30
443962673 286515
444249188 84
443962673 574317
444536990 5137
444542127 35
221981339 222838357
444819696 16657
444836353 352
444819696 283170
445102866 1507
445104373 17
444819696 734326
445554022 13567
445567589 26
222947874 222947839
445895713 144585
446040298 432
446040730 6
223138550 223138558
446277108 91929
446369037 2512
446371549 2
223614234 223138558
446752792 292659
447045451 239
447045690 3
223614234 223939217
447553451 96153
447649604 2675
447652279 1
447553451 283170
447836621 954
447837575 7
224012990 224012936
448025926 46660
448072586 417
448073003 1
448025926 508934
448534860 4992
448539852 22
224900276 224012990
448913266 254464
449167730 6144
449173874 19
448913266 808772
449722038 78199
449800237 769
449801006 1
225478499 224931919
450410418 254464
450664882 464
450665346 9
225648245 225648257
451296502 33075
451329577 220
225713943 226152079
451866022 332663
452198685 4608
452203293 51
226428934 226247635
452676569 10129
452686698 87
452676569 75879
452752448 600
226855256 226430334
453285590 432264
453717854 1088
453718942 29
226855256 227364190
454219446 146159
454365605 3648
454369253 36
227376239 227376372
454752611 60009
454812620 816
454813436 18
227724880 227376372
455101252 614313
455715565 22050
455737615 1057
455738672 22
228150305 228150299
456300604 274467
456575071 2304
456577375 9
228150305 228737002
456887307 314471
457201778 4352
228784461 228784174
457568635 134109
457702744 7090
457709834 42
228784461 229350053
458134514 386179
458520693 7680
458528373 122
229496212 229350053
458846265 120012
458966277 2177
458968454 18
229500800 229500756
459001556 71269
459072825 712
459073537 1
229634192 229633223
459267415 279074
459546489 2304
459548793 3
230120121 230047828
460167949 42052
460210001 1281
460211282 18
230121264 230121209
460242473 100010
460342483 2531
230531026 230121264
460652290 454484
461106774 6383
461113157 6
230531026 231039960
461570986 494046
462065032 5137
462070169 41
231419572 231043491
462463063 508934
462971997 15882
462987879 83
231419572 231611877
463031449 186162
463217611 1632
463219243 93
232159509 231943563
464103072 60009
464163081 2752
464165833 24
232222587 232168721
464391308 22050
464413358 1057
464414415 9
232222972 232689208
464912180 394478
465306658 13280
465319938 2
232934083 232934079
465868162 4768
465872930 118
233664037 232934083
466598120 224447
466822567 688
466823255 14
233664037 233771037
467435074 45408
467480482 78
234049772 233954147
468003919 12671
468016590 300
468003919 112297
468116216 1252
468117468 15
234049772 234268718
468318490 82056
468400546 1281
468401827 61
234525797 234269543
468795340 7200
468802540 26
234808967 234525797
469334764 232071
469566835 737
469567572 29
235172400 234889230
470061630 180018
470241648 257
470241905 1
235174288 235174256
470348544 292659
470641203 1152
470642355 22
235174288 235678246
470852534 134109
470986643 3360
470990003 24
470852534 292659
471145193 1401
471146594 13
470852534 344473
471197007 389
235678246 236056713
471734959 252288
471987247 1920
471989167 44
471734959 332663
472067622 3392
472071014 17
236511834 236256516
472768350 186162
472954512 5888
472960400 111
236612052 236612054
473224106 154112
473378218 2848
473381066 6
473224106 734326
473958432 8202
473966634 5
236612054 237377667
473989721 201044
474190765 325
473989721 574317
474564038 3900
474567938 42
237394243 237377667
474771910 2945
474774855 109
474774964 1
237971978 237394266
475366244 107000
475473244 1424
475474668 6
475366244 146159
475512403 1632
475514035 33
475366244 478925
475845169 9568
475854737 31
237982632 237982587
475965219 344473
476309692 12671
476322363 263
237982632 238568222
476550854 283170
476834024 1394
476835418 2
238820510 238568222
477388732 221046
477609778 432
477610210 14
238821058 238821055
477642113 183090
477825203 600
477825803 5
238821058 239424269
478245327 553028
478798355 3072
478801427 48
239788744 239424269
479213013 126156
479339169 2019
479341188 10
479213013 249221
479462234 65
239793954 240085138
479879092 109482
479988574 2500
479879092 116100
479995192 2177
479997369 2
479879092 408575
480287667 4352
480292019 96
240085138 240699451
480784589 88200
480872789 780
480873569 3
480784589 194115
480978704 1728
480980432 30
480784589 288563
481073152 2752
481075904 59
240699483 240699451
481398934 659032
482057966 133
241596394 240699483
482295877 146159
482442036 4320
482446356 20
241596394 241611484
483207878 8256
483216134 48
242456687 241611530
484068217 46660
484114877 264
484068217 774329
484842546 8448
484850994 74
242641565 242641574
485283139 494046
485777185 266
485777451 3
243339473 242641574
485981047 254464
486235511 7680
486243191 364
485981047 788955
486770002 1281
486771283 14
486770002 9472
486779474 30
243618547 243339473
486958020 173089
487131109 3969
487135078 7
243619307 243619284
487238591 344473
487583064 16657
487599721 19
243619307 244064880
487684187 25634
487709821 45
487684187 120012
487804199 2019
487806218 32
244553807 244064880
488618687 28913
488647600 192
488647792 3
488618687 344473
488963160 1728
488964888 18
244554544 244554572
489109116 168208
489277324 27
244554572 244850018
489404590 268191
489672781 1856
489674637 6
244881557 244882094
489763651 84104
489847755 1042
489848797 9
489763651 378467
490142118 3344
245320990 244882094
490203084 364475
490567559 4320
490571879 21
245935804 245547767
491483571 36147
491519718 1088
491520806 61
245935804 246025792
491961596 71269
492032865 239
492033104 3
246025797 246025792
492051589 378467
492430056 5137
492435193 19
492051589 386179
492437768 2464
492440232 23
246563443 246025797
492589240 478925
493068165 5408
493073573 23
246698609 246698611
493397220 123084
493520304 523
493520827 1
493397220 134109
493531329 816
493532145 23
246698611 247506740
494205351 254464
494459815 432
494460247 6
494205351 283170
494488521 417
494488938 4
494205351 394478
494599829 7296
494607125 47
494205351 424481
494629832 924
494630756 3
247573886 247573906
495147792 10129
495157921 15
495147792 33001
495180793 2
495147792 342664
495490456 84
495147792 764328
495912120 4544
495916664 13
248393445 247573906
495967351 684320
496651671 23586
496675257 206
495967351 808772
496776123 134109
496910232 1281
496911513 82
248650402 248650373
497300775 19217
497319992 192
497320184 1
248650402 249374443
498024845 96153
498120998 2064
498123062 3
498024845 808772
498833617 50005
498883622 133
498883755 1
