5377
1 1
2 1
3 3
6 1
7 7
14 1
15 15
30 1
31 31
62 1
63 63
126 1
127 127
254 1
255 255
510 1
511 511
1022 1
1023 1023
2046 1
2047 2047
4094 1
4095 4095
8190 1
8191 8191
16382 1
16383 16383
32766 1
32767 32767
65534 1
65535 65535
131070 1
65535 65535
131070 16383
147453 511
147964 127
148091 15
148106 3
148109 1
131070 131070
262140 3
262143 262143
524286 1
524287 524287
1048574 1
524287 524287
1048574 524287
1572861 65535
1638396 32767
1671163 8191
1679354 2047
1681401 255
1681656 127
1681783 63
1681846 15
1681861 7
1048574 1048574
2097148 3
1671163 1671163
3342326 4095
3346421 63
3346484 31
3346515 30
2097151 2097151
4194302 1
4194303 4194303
8388606 1
4194303 4194303
8388606 131070
8519676 4095
8523771 511
8524282 255
8524537 31
8524568 15
8524583 6
4194303 4194303
8388606 4194303
12582909 524287
13107196 65535
13172731 32767
13205498 16383
13221881 4095
13225976 511
13226487 255
13226742 31
13226773 7
13226780 6
4194303 4194303
8388606 4194303
12582909 3346545
15929454 262143
16191597 32767
16224364 16383
16240747 8191
16248938 4095
16253033 1023
16254056 255
16254311 127
16254438 31
16254469 15
8388606 8388606
16777212 3
8388606 8388606
16777212 4194303
20971515 262143
21233658 148110
21381768 4095
21385863 1023
21386886 511
21387397 3
8388606 8388606
16777212 4194303
20971515 262143
21233658 148110
21381768 32767
21414535 16383
21430918 4095
21435013 63
21435076 31
21435107 15
8388606 8388606
16777212 4194303
20971515 524287
21495802 262143
21757945 65535
21823480 32767
21856247 1023
21857270 127
21857397 63
21857460 31
21857491 15
21857506 6
8388606 8388606
16777212 4194303
20971515 2097151
23068666 524287
23592953 148110
23741063 65535
23806598 16383
23822981 8191
23831172 511
23831683 255
23831938 127
23832065 6
8388606 8388606
16777212 4194303
20971515 3346545
24318060 524287
24842347 16383
24858730 8191
24866921 4095
24871016 255
24871271 63
24871334 62
12582909 12582909
25165818 1681868
26847686 262143
27109829 131070
27240899 8191
27249090 1023
27250113 63
27250176 15
27250191 7
27250198 3
27250201 1
12582909 12582909
25165818 2097151
27262969 1048574
28311543 32767
28344310 16383
28360693 8191
28368884 4095
28372979 2047
28375026 511
28375537 127
28375664 31
28375695 7
12582909 12582909
25165818 4194303
29360121 262143
29622264 148110
29770374 65535
29835909 32767
29868676 1023
29869699 127
29869826 31
29869857 7
29869864 2
12582909 12582909
25165818 4194303
29360121 1048574
30408695 262143
30670838 148110
30818948 65535
30884483 16383
30900866 8191
30909057 2047
30911104 511
30911615 255
30911870 31
30911901 7
30911908 3
16777212 16777212
33554424 7
16777212 16777212
33554424 2097151
35651575 524287
36175862 65535
36241397 32767
36274164 8191
36282355 4095
36286450 511
36286961 127
36287088 15
36287103 3
36287106 1
16777212 16777212
33554424 4194303
37748727 1681868
39430595 148110
39578705 16383
39595088 8191
39603279 4095
39607374 2047
39609421 1023
39610444 511
39610955 7
20971515 20971515
41943030 1681868
43624898 148110
43773008 32767
43805775 2047
43807822 1023
43808845 511
43809356 127
43809483 31
43809514 15
43809529 3
20971515 20971515
41943030 2097151
44040181 524287
44564468 65535
44630003 4095
44634098 511
44634609 255
44634864 63
44634927 7
44634934 6
20971515 20971515
41943030 4194303
46137333 1681868
47819201 262143
48081344 65535
48146879 16383
48163262 8191
48171453 2047
48173500 1023
48174523 511
48175034 255
48175289 63
48175352 31
48175383 15
48175398 7
48175405 3
20971515 20971515
41943030 4194303
46137333 1681868
47819201 262143
48081344 65535
48146879 32767
48179646 16383
48196029 1023
48197052 63
48197115 31
48197146 2
20971515 20971515
41943030 4194303
46137333 2097151
48234484 262143
48496627 8191
48504818 2047
48506865 255
48507120 63
48507183 31
48507214 15
48507229 7
48507236 3
48507239 1
30911911 30911911
61823822 2097151
63920973 262143
64183116 32767
64215883 1023
64216906 511
64217417 255
64217672 63
64217735 7
64217742 3
64217745 2
30911911 30911911
61823822 2097151
63920973 524287
64445260 65535
64510795 4095
64514890 2047
64516937 63
64517000 31
64517031 1
30911911 30911911
61823822 2097151
63920973 524287
64445260 262143
64707403 131070
64838473 8191
64846664 1023
64847687 511
64848198 255
64848453 15
64848468 3
33554424 33554424
67108848 15
33554424 33554424
67108848 4194303
71303151 524287
71827438 131070
71958508 4095
71962603 255
71962858 127
71962985 63
71963048 15
71963063 7
71963070 6
33554424 33554424
67108848 4194303
71303151 2097151
73400302 262143
73662445 148110
73810555 32767
73843322 16383
73859705 8191
73867896 511
73868407 127
73868534 7
73868541 6
33554424 33554424
67108848 4194303
71303151 2097151
73400302 524287
73924589 65535
73990124 32767
74022891 16383
74039274 8191
74047465 4095
74051560 63
74051623 15
74051638 1
37748727 37748727
75497454 524287
76021741 65535
76087276 32767
76120043 16383
76136426 8191
76144617 1023
76145640 63
76145703 3
37748727 37748727
75497454 524287
76021741 148110
76169851 65535
76235386 2047
76237433 511
76237944 127
76238071 63
76238134 31
76238165 7
76238172 3
39610962 39610962
79221924 65535
79287459 32767
79320226 16383
79336609 8191
79344800 2047
79346847 255
79347102 127
79347229 63
79347292 14
39610962 39610962
79221924 2097151
81319075 262143
81581218 65535
81646753 32767
81679520 8191
81687711 4095
81691806 2047
81693853 511
81694364 255
81694619 127
81694746 62
41943030 41943030
83886060 2097151
85983211 148110
86131321 32767
86164088 2047
86166135 1023
86167158 511
86167669 255
86167924 63
86167987 15
86168002 3
86168005 2
41943030 41943030
83886060 4194303
88080363 1048574
89128937 262143
89391080 65535
89456615 32767
89489382 16383
89505765 4095
89509860 127
89509987 31
89510018 15
89510033 7
89510040 6
41943030 41943030
83886060 4194303
88080363 1048574
89128937 262143
89391080 131070
89522150 8191
89530341 4095
89534436 255
89534691 127
89534818 15
89534833 7
89534840 3
41943030 41943030
83886060 4194303
88080363 1681868
89762231 262143
90024374 32767
90057141 8191
90065332 4095
90069427 2047
90071474 511
90071985 7
90071992 3
90071995 1
41943030 41943030
83886060 4194303
88080363 2097151
90177514 8191
90185705 4095
90189800 2047
90191847 1023
90192870 511
90193381 31
90193412 15
90193427 2
41943030 41943030
83886060 4194303
88080363 3346545
91426908 148110
91575018 32767
91607785 16383
91624168 255
91624423 31
91624454 15
91624469 7
91624476 1
48507240 48507240
97014480 524287
97538767 32767
97571534 16383
97587917 4095
97592012 2047
97594059 511
97594570 255
97594825 63
97594888 31
97594919 3
97594922 1
48507240 48507240
97014480 524287
97538767 65535
97604302 32767
97637069 16383
97653452 8191
97661643 4095
97665738 2047
97667785 63
97667848 7
97667855 3
97667858 2
48507240 48507240
97014480 1048574
98063054 262143
98325197 65535
98390732 4095
98394827 2047
98396874 255
98397129 127
98397256 63
98397319 7
48507240 48507240
97014480 4194303
101208783 2097151
103305934 262143
103568077 148110
103716187 65535
103781722 4095
103785817 2047
103787864 127
103787991 31
103788022 15
103788037 6
48507240 48507240
97014480 4194303
101208783 2097151
103305934 1048574
104354508 32767
104387275 16383
104403658 8191
104411849 511
104412360 255
104412615 3
48507240 48507240
97014480 4194303
101208783 3346545
104555328 262143
104817471 65535
104883006 16383
104899389 8191
104907580 1023
104908603 511
104909114 255
104909369 127
104909496 31
104909527 30
48507240 48507240
97014480 8388606
105403086 1681868
107084954 148110
107233064 32767
107265831 16383
107282214 8191
107290405 4095
107294500 1023
107295523 127
107295650 15
107295665 1
48507240 48507240
97014480 12582909
109597389 2097151
111694540 262143
111956683 65535
112022218 16383
112038601 4095
112042696 1023
112043719 127
112043846 15
112043861 7
48507240 48507240
97014480 12582909
109597389 2097151
111694540 524287
112218827 262143
112480970 148110
112629080 32767
112661847 16383
112678230 4095
112682325 1023
112683348 511
112683859 255
112684114 127
112684241 63
112684304 31
112684335 7
112684342 2
48507240 48507240
97014480 20971515
117985995 1681868
119667863 262143
119930006 131070
120061076 4095
120065171 127
120065298 31
120065329 15
48507240 48507240
97014480 20971515
117985995 2097151
120083146 524287
120607433 32767
120640200 16383
120656583 8191
120664774 4095
120668869 2047
120670916 1023
120671939 511
120672450 255
120672705 63
120672768 7
120672775 2
48507240 48507240
97014480 20971515
117985995 2097151
120083146 1048574
121131720 32767
121164487 16383
121180870 8191
121189061 2047
121191108 511
121191619 127
121191746 63
121191809 31
121191840 15
121191855 7
121191862 3
48507240 48507240
97014480 24318060
121332540 148110
121480650 65535
121546185 8191
121554376 4095
121558471 2047
121560518 1023
121561541 511
121562052 14
48507240 48507240
97014480 25165818
122180298 1048574
123228872 148110
123376982 32767
123409749 16383
123426132 8191
123434323 2047
123436370 511
123436881 127
123437008 63
123437071 31
123437102 15
123437117 2
64445260 64445260
128890520 262143
129152663 148110
129300773 32767
129333540 8191
129341731 4095
129345826 2047
129347873 1023
129348896 255
129349151 31
129349182 15
129349197 7
129349204 3
129349207 2
64848471 64848471
129696942 3346545
133043487 131070
133174557 8191
133182748 2047
133184795 255
133185050 127
133185177 15
133185192 7
133185199 6
64848471 64848471
129696942 4194303
133891245 148110
134039355 16383
134055738 8191
134063929 4095
134068024 255
134068279 6
64848471 64848471
129696942 4194303
133891245 148110
134039355 32767
134072122 16383
134088505 8191
134096696 4095
134100791 511
134101302 255
134101557 7
134101564 1
67108848 67108848
134217696 31
67108848 67108848
134217696 1671163
135888859 2047
135890906 63
135890969 1
67108848 67108848
134217696 2097151
136314847 262143
136576990 148110
136725100 65535
136790635 16383
136807018 4095
136811113 127
136811240 3
136811243 1
67108848 67108848
134217696 2097151
136314847 524287
136839134 2047
136841181 127
136841308 63
136841371 15
136841386 7
136841393 3
136841396 2
67108848 67108848
134217696 4194303
138411999 524287
138936286 262143
139198429 148110
139346539 32767
139379306 4095
139383401 2047
139385448 511
139385959 127
139386086 31
139386117 2
67108848 67108848
134217696 4194303
138411999 2097151
140509150 524287
141033437 262143
141295580 148110
141443690 32767
141476457 8191
141484648 4095
141488743 2047
141490790 255
141491045 31
141491076 15
141491091 7
141491098 2
67108848 67108848
134217696 4194303
138411999 3346545
141758544 262143
142020687 131070
142151757 8191
142159948 4095
142164043 511
142164554 127
142164681 63
142164744 15
71303151 71303151
142606302 2097151
144703453 148110
144851563 4095
144855658 2047
144857705 511
144858216 127
144858343 63
144858406 15
144858421 7
144858428 3
144858431 2
71303151 71303151
142606302 2097151
144703453 148110
144851563 32767
144884330 16383
144900713 8191
144908904 4095
144912999 511
144913510 127
144913637 15
144913652 3
73400302 73400302
146800604 65535
146866139 4095
146870234 511
146870745 255
146871000 127
146871127 15
146871142 3
146871145 1
74051639 74051639
148103278 524287
148627565 148110
148775675 8191
148783866 4095
148787961 2047
148790008 1023
148791031 511
148791542 255
148791797 63
74051639 74051639
148103278 2097151
150200429 148110
150348539 32767
150381306 16383
150397689 15
150397704 3
150397707 1
76238175 76238175
152476350 2097151
154573501 262143
154835644 148110
154983754 32767
155016521 16383
155032904 8191
155041095 511
155041606 127
155041733 31
155041764 3
76238175 76238175
152476350 2097151
154573501 524287
155097788 65535
155163323 32767
155196090 4095
155200185 2047
155202232 255
155202487 127
155202614 63
155202677 62
76238175 76238175
152476350 2097151
154573501 524287
155097788 262143
155359931 148110
155508041 32767
155540808 16383
155557191 4095
155561286 511
155561797 255
155562052 127
155562179 15
76238175 76238175
152476350 2097151
154573501 524287
155097788 262143
155359931 148110
155508041 32767
155540808 16383
155557191 8191
155565382 4095
155569477 2047
155571524 511
155572035 255
155572290 127
155572417 15
155572432 7
155572439 3
79221924 79221924
158443848 524287
158968135 148110
159116245 65535
159181780 32767
159214547 8191
159222738 4095
159226833 2047
159228880 511
159229391 127
159229518 15
79221924 79221924
158443848 3346545
161790393 16383
161806776 8191
161814967 4095
161819062 2047
161821109 255
161821364 127
161821491 63
161821554 15
161821569 7
161821576 3
81694808 81694808
163389616 2097151
165486767 524287
166011054 262143
166273197 255
166273452 15
166273467 7
166273474 1
83886060 83886060
167772120 524287
168296407 262143
168558550 65535
168624085 8191
168632276 4095
168636371 2047
168638418 255
168638673 127
168638800 15
168638815 7
168638822 1
83886060 83886060
167772120 2097151
169869271 524287
170393558 262143
170655701 16383
170672084 4095
170676179 255
170676434 63
170676497 31
170676528 15
170676543 7
170676550 3
170676553 2
83886060 83886060
167772120 4194303
171966423 1048574
173014997 148110
173163107 16383
173179490 8191
173187681 4095
173191776 2047
173193823 127
173193950 31
173193981 7
173193988 1
83886060 83886060
167772120 4194303
171966423 2097151
174063574 524287
174587861 148110
174735971 32767
174768738 8191
174776929 4095
174781024 1023
174782047 511
174782558 255
174782813 127
174782940 126
83886060 83886060
167772120 4194303
171966423 2097151
174063574 524287
174587861 148110
174735971 65535
174801506 32767
174834273 4095
174838368 2047
174840415 255
174840670 127
174840797 63
174840860 31
174840891 3
174840894 2
83886060 83886060
167772120 4194303
171966423 2097151
174063574 1048574
175112148 32767
175144915 16383
175161298 4095
175165393 2047
175167440 127
175167567 63
175167630 14
83886060 83886060
167772120 4194303
171966423 3346545
175312968 32767
175345735 4095
175349830 2047
175351877 1023
175352900 127
175353027 1
88080363 88080363
176160726 524287
176685013 262143
176947156 65535
177012691 8191
177020882 2047
177022929 255
177023184 127
177023311 63
177023374 15
177023389 14
88080363 88080363
176160726 2097151
178257877 524287
178782164 148110
178930274 4095
178934369 2047
178936416 1023
178937439 511
178937950 127
178938077 63
178938140 15
178938155 7
178938162 2
88080363 88080363
176160726 4194303
180355029 262143
180617172 8191
180625363 2047
180627410 1023
180628433 511
180628944 255
180629199 127
180629326 63
180629389 31
180629420 7
180629427 3
180629430 1
88080363 88080363
176160726 4194303
180355029 1681868
182036897 148110
182185007 16383
182201390 4095
182205485 2047
182207532 1023
182208555 511
182209066 127
182209193 7
182209200 6
91624477 91624477
183248954 262143
183511097 65535
183576632 16383
183593015 8191
183601206 4095
183605301 1023
183606324 511
183606835 63
183606898 31
183606929 3
183606932 2
91624477 91624477
183248954 1048574
184297528 148110
184445638 65535
184511173 16383
184527556 4095
184531651 511
184532162 255
184532417 127
184532544 63
184532607 62
91624477 91624477
183248954 3346545
186595499 65535
186661034 4095
186665129 2047
186667176 1023
186668199 511
186668710 255
186668965 127
186669092 15
186669107 6
91624477 91624477
183248954 3346545
186595499 524287
187119786 8191
187127977 4095
187132072 1023
187133095 511
187133606 127
187133733 31
187133764 15
187133779 3
91624477 91624477
183248954 4194303
187443257 524287
187967544 262143
188229687 65535
188295222 8191
188303413 4095
188307508 63
188307571 31
188307602 2
91624477 91624477
183248954 4194303
187443257 2097151
189540408 524287
190064695 16383
190081078 8191
190089269 4095
190093364 2047
190095411 31
190095442 15
190095457 3
190095460 1
91624477 91624477
183248954 8388606
191637560 2097151
193734711 148110
193882821 65535
193948356 8191
193956547 4095
193960642 2047
193962689 1023
193963712 511
193964223 63
193964286 7
193964293 3
193964296 1
97014480 97014480
194028960 524287
194553247 4095
194557342 2047
194559389 1023
194560412 511
194560923 255
194561178 31
194561209 15
194561224 1
97014480 97014480
194028960 4194303
198223263 1048574
199271837 148110
199419947 65535
199485482 8191
199493673 4095
199497768 2047
199499815 255
199500070 63
199500133 31
199500164 15
199500179 1
97014480 97014480
194028960 4194303
198223263 2097151
200320414 524287
200844701 262143
201106844 16383
201123227 8191
201131418 1023
201132441 255
201132696 127
201132823 31
201132854 15
97014480 97014480
194028960 4194303
198223263 3346545
201569808 524287
202094095 32767
202126862 16383
202143245 4095
202147340 1023
202148363 255
202148618 15
202148633 7
202148640 2
97014480 97014480
194028960 8388606
202417566 524287
202941853 262143
203203996 147964
203351960 7
97014480 97014480
194028960 8388606
202417566 1048574
203466140 65535
203531675 32767
203564442 8191
203572633 4095
203576728 2047
203578775 511
203579286 31
203579317 7
203579324 2
97014480 97014480
194028960 8388606
202417566 3346545
205764111 262143
206026254 65535
206091789 16383
206108172 8191
206116363 255
206116618 63
206116681 31
206116712 30
97014480 97014480
194028960 8388606
202417566 3346545
205764111 524287
206288398 65535
206353933 8191
206362124 2047
206364171 1023
206365194 511
206365705 255
206365960 31
206365991 15
206366006 1
97014480 97014480
194028960 12582909
206611869 2097151
208709020 524287
209233307 32767
209266074 16383
209282457 1023
209283480 255
209283735 127
209283862 31
209283893 15
209283908 7
97014480 97014480
194028960 12582909
206611869 2097151
208709020 524287
209233307 148110
209381417 32767
209414184 16383
209430567 4095
209434662 2047
209436709 511
209437220 255
209437475 127
209437602 63
209437665 15
209437680 7
209437687 1
97014480 97014480
194028960 16254484
210283444 262143
210545587 131070
210676657 1023
210677680 127
210677807 31
210677838 15
210677853 7
210677860 3
97014480 97014480
194028960 16777212
210806172 2097151
212903323 524287
213427610 262143
213689753 148110
213837863 32767
213870630 8191
213878821 4095
213882916 1023
213883939 255
213884194 127
213884321 63
213884384 14
97014480 97014480
194028960 16777212
210806172 3346545
214152717 148110
214300827 65535
214366362 8191
214374553 511
214375064 63
214375127 31
214375158 7
214375165 2
97014480 97014480
194028960 20971515
215000475 524287
215524762 262143
215786905 65535
215852440 32767
215885207 16383
215901590 8191
215909781 511
215910292 255
215910547 127
215910674 30
97014480 97014480
194028960 20971515
215000475 1572861
216573336 32767
216606103 2047
216608150 255
216608405 15
216608420 7
216608427 3
216608430 1
97014480 97014480
194028960 29360121
223389081 16383
223405464 8191
223413655 63
223413718 31
223413749 30
97014480 97014480
194028960 33554424
227583384 1048574
228631958 262143
228894101 16383
228910484 127
228910611 31
228910642 15
228910657 3
228910660 1
97014480 97014480
194028960 33554424
227583384 2097151
229680535 1048574
230729109 16383
230745492 1023
230746515 511
230747026 255
230747281 127
230747408 63
230747471 31
230747502 15
230747517 7
97014480 97014480
194028960 37748727
231777687 262143
232039830 65535
232105365 32767
232138132 16383
232154515 4095
232158610 127
232158737 31
232158768 15
232158783 1
97014480 97014480
194028960 37748727
231777687 262143
232039830 148110
232187940 16383
232204323 8191
232212514 4095
232216609 2047
232218656 1023
232219679 127
232219806 15
97014480 97014480
194028960 39610962
233639922 524287
234164209 262143
234426352 148110
234574462 32767
234607229 16383
234623612 8191
234631803 255
234632058 15
234632073 3
234632076 1
97014480 97014480
194028960 41943030
235971990 1681868
237653858 262143
237916001 65535
237981536 16383
237997919 1023
237998942 511
237999453 255
237999708 31
237999739 15
97014480 97014480
194028960 41943030
235971990 2097151
238069141 524287
238593428 32767
238626195 8191
238634386 255
238634641 127
238634768 15
238634783 2
97014480 97014480
194028960 46137333
240166293 524287
240690580 148110
240838690 16383
240855073 1023
240856096 511
240856607 255
240856862 127
240856989 1
97014480 97014480
194028960 46137333
240166293 524287
240690580 262143
240952723 65535
241018258 16383
241034641 8191
241042832 2047
241044879 1023
241045902 511
241046413 255
241046668 127
241046795 7
122180298 122180298
244360596 524287
244884883 262143
245147026 65535
245212561 32767
245245328 8191
245253519 4095
245257614 2047
245259661 1023
245260684 255
245260939 127
245261066 63
245261129 15
245261144 6
123437119 123437119
246874238 4194303
251068541 524287
251592828 148110
251740938 16383
251757321 8191
251765512 4095
251769607 2047
251771654 63
251771717 31
251771748 2
123437119 123437119
246874238 8388606
255262844 262143
255524987 148110
255673097 65535
255738632 32767
255771399 4095
255775494 2047
255777541 1023
255778564 511
255779075 255
255779330 127
255779457 63
255779520 2
123437119 123437119
246874238 8388606
255262844 1048574
256311418 262143
256573561 32767
256606328 16383
256622711 2047
256624758 127
256624885 63
256624948 15
256624963 6
129349209 129349209
258698418 65535
258763953 32767
258796720 16383
258813103 2047
258815150 511
258815661 15
129696942 129696942
259393884 3346545
262740429 16383
262756812 511
262757323 255
262757578 127
262757705 3
262757708 2
129696942 129696942
259393884 3346545
262740429 262143
263002572 148110
263150682 32767
263183449 16383
263199832 2047
263201879 1023
263202902 63
263202965 31
263202996 7
129696942 129696942
259393884 4194303
263588187 262143
263850330 148110
263998440 65535
264063975 16383
264080358 4095
264084453 1023
264085476 511
264085987 255
264086242 127
264086369 63
264086432 31
264086463 15
129696942 129696942
259393884 4194303
263588187 1048574
264636761 16383
264653144 4095
264657239 511
264657750 255
264658005 127
264658132 31
129696942 129696942
259393884 4194303
263588187 2097151
265685338 16383
265701721 2047
265703768 511
265704279 63
265704342 31
265704373 15
265704388 3
265704391 2
129696942 129696942
259393884 4194303
263588187 2097151
265685338 148110
265833448 32767
265866215 2047
265868262 511
265868773 127
265868900 30
134217696 134217696
268435392 63
134217696 134217696
268435392 524287
268959679 148110
269107789 8191
269115980 4095
269120075 1023
269121098 255
269121353 31
269121384 15
269121399 7
269121406 3
134217696 134217696
268435392 2097151
270532543 524287
271056830 262143
271318973 148110
271467083 32767
271499850 8191
271508041 4095
271512136 2047
271514183 255
271514438 127
271514565 15
271514580 2
134217696 134217696
268435392 3346545
271781937 32767
271814704 1023
271815727 127
271815854 15
271815869 7
271815876 3
134217696 134217696
268435392 4194303
272629695 32767
272662462 8191
272670653 4095
272674748 2047
272676795 1023
272677818 511
272678329 255
272678584 63
272678647 31
272678678 15
272678693 3
272678696 1
138411999 138411999
276823998 1048574
277872572 65535
277938107 4095
277942202 2047
277944249 1023
277945272 511
277945783 127
277945910 31
277945941 7
277945948 3
138411999 138411999
276823998 4194303
281018301 148110
281166411 16383
281182794 8191
281190985 1023
281192008 255
281192263 63
281192326 31
281192357 7
281192364 3
138411999 138411999
276823998 4194303
281018301 262143
281280444 148110
281428554 32767
281461321 16383
281477704 8191
281485895 4095
281489990 2047
281492037 127
281492164 63
281492227 15
281492242 7
281492249 6
138411999 138411999
276823998 4194303
281018301 2097151
283115452 262143
283377595 1023
283378618 127
283378745 63
283378808 31
283378839 15
283378854 7
283378861 6
142020687 142020687
284041374 65535
284106909 16383
284123292 8191
284131483 511
284131994 255
284132249 127
284132376 7
284132383 3
284132386 1
142606302 142606302
285212604 2097151
287309755 1048574
288358329 65535
288423864 32767
288456631 16383
288473014 511
288473525 127
288473652 63
288473715 31
288473746 7
288473753 3
288473756 1
144913655 144913655
289827310 524287
290351597 262143
290613740 65535
290679275 32767
290712042 8191
290720233 4095
290724328 2047
290726375 1023
290727398 127
290727525 63
290727588 31
290727619 3
290727622 1
144913655 144913655
289827310 1681868
291509178 65535
291574713 32767
291607480 16383
291623863 4095
291627958 2047
291630005 255
291630260 127
291630387 63
291630450 15
291630465 3
291630468 1
144913655 144913655
289827310 2097151
291924461 131070
292055531 8191
292063722 2047
292065769 1023
292066792 511
292067303 31
292067334 30
148103278 148103278
296206556 1048574
297255130 65535
297320665 32767
297353432 16383
297369815 8191
297378006 1023
297379029 511
297379540 63
297379603 7
148103278 148103278
296206556 1681868
297888424 262143
298150567 148110
298298677 1023
298299700 255
298299955 63
298300018 31
298300049 7
298300056 3
150200429 150200429
300400858 148110
300548968 65535
300614503 16383
300630886 255
300631141 31
300631172 15
300631187 2
150397708 150397708
300795416 524287
301319703 148110
301467813 8191
301476004 4095
301480099 2047
301482146 1023
301483169 511
301483680 127
301483807 63
301483870 31
301483901 7
301483908 3
152476350 152476350
304952700 3346545
308299245 262143
308561388 65535
308626923 32767
308659690 16383
308676073 8191
308684264 4095
308688359 2047
308690406 511
308690917 127
308691044 31
308691075 15
308691090 3
155097788 155097788
310195576 65535
310261111 4095
310265206 1023
310266229 255
310266484 31
310266515 15
310266530 1
155572442 155572442
311144884 1048574
312193458 262143
312455601 65535
312521136 32767
312553903 4095
312557998 2047
312560045 1023
312561068 255
312561323 127
312561450 15
312561465 7
312561472 6
155572442 155572442
311144884 2097151
313242035 1048574
314290609 8191
314298800 4095
314302895 127
314303022 31
314303053 15
314303068 3
314303071 1
158443848 158443848
316887696 3346545
320234241 524287
320758528 148110
320906638 65535
320972173 16383
320988556 1023
320989579 31
320989610 7
320989617 6
158443848 158443848
316887696 4194303
321081999 524287
321606286 16383
321622669 8191
321630860 2047
321632907 511
321633418 127
321633545 31
321633576 15
321633591 7
321633598 2
163389616 163389616
326779232 262143
327041375 148110
327189485 32767
327222252 16383
327238635 8191
327246826 2047
327248873 1023
327249896 255
327250151 62
163389616 163389616
326779232 524287
327303519 262143
327565662 148110
327713772 16383
327730155 4095
327734250 127
327734377 63
327734440 30
163389616 163389616
326779232 3346545
330125777 148110
330273887 65535
330339422 16383
330355805 8191
330363996 2047
330366043 127
330366170 63
330366233 31
330366264 7
330366271 3
167772120 167772120
335544240 2097151
337641391 131070
337772461 1023
337773484 511
337773995 127
337774122 63
337774185 15
337774200 2
167772120 167772120
335544240 3346545
338890785 65535
338956320 32767
338989087 16383
339005470 8191
339013661 4095
339017756 2047
339019803 1023
339020826 62
167772120 167772120
335544240 3346545
338890785 524287
339415072 65535
339480607 32767
339513374 16383
339529757 8191
339537948 2047
339539995 1023
339541018 511
339541529 127
339541656 62
171966423 171966423
343932846 2097151
346029997 524287
346554284 4095
346558379 2047
346560426 1023
346561449 511
346561960 255
346562215 127
346562342 63
346562405 31
346562436 7
346562443 6
176160726 176160726
352321452 1048574
353370026 262143
353632169 65535
353697704 32767
353730471 8191
353738662 2047
353740709 255
353740964 127
353741091 63
353741154 31
353741185 15
176160726 176160726
352321452 2097151
354418603 262143
354680746 32767
354713513 16383
354729896 4095
354733991 1023
354735014 63
354735077 15
354735092 3
354735095 2
176160726 176160726
352321452 2097151
354418603 1048574
355467177 65535
355532712 8191
355540903 127
355541030 126
176160726 176160726
352321452 3346545
355667997 524287
356192284 148110
356340394 65535
356405929 16383
356422312 255
356422567 127
356422694 63
176160726 176160726
352321452 4194303
356515755 1681868
358197623 148110
358345733 4095
358349828 2047
358351875 127
358352002 6
180355029 180355029
360710058 2097151
362807209 524287
363331496 148110
363479606 65535
363545141 16383
363561524 4095
363565619 2047
363567666 511
363568177 127
363568304 15
363568319 7
363568326 6
182209206 182209206
364418412 32767
364451179 16383
364467562 8191
364475753 1023
364476776 511
364477287 255
364477542 31
364477573 7
364477580 3
364477583 2
183248954 183248954
366497908 4194303
370692211 524287
371216498 148110
371364608 65535
371430143 32767
371462910 2047
371464957 511
371465468 62
183248954 183248954
366497908 4194303
370692211 2097151
372789362 65535
372854897 32767
372887664 16383
372904047 2047
372906094 1023
372907117 63
372907180 3
372907183 2
183248954 183248954
366497908 4194303
370692211 3346545
374038756 32767
374071523 16383
374087906 2047
374089953 511
374090464 31
374090495 15
374090510 7
374090517 1
183248954 183248954
366497908 8388606
374886514 2097151
376983665 148110
377131775 32767
377164542 4095
377168637 511
377169148 255
377169403 127
377169530 30
183248954 183248954
366497908 8388606
374886514 2097151
376983665 524287
377507952 262143
377770095 148110
377918205 65535
377983740 32767
378016507 8191
378024698 4095
378028793 2047
378030840 255
378031095 63
378031158 15
378031173 3
378031176 2
183248954 183248954
366497908 8388606
374886514 2097151
376983665 1048574
378032239 65535
378097774 32767
378130541 1023
378131564 511
378132075 63
378132138 62
183248954 183248954
366497908 8388606
374886514 3346545
378233059 8191
378241250 4095
378245345 1023
378246368 511
378246879 255
378247134 31
378247165 15
378247180 3
183248954 183248954
366497908 12582909
379080817 2097151
381177968 524287
381702255 262143
381964398 32767
381997165 8191
382005356 2047
382007403 255
382007658 31
382007689 6
191637560 191637560
383275120 262143
383537263 32767
383570030 16383
383586413 8191
383594604 2047
383596651 511
383597162 255
383597417 63
383597480 3
191637560 191637560
383275120 3346545
386621665 524287
387145952 148110
387294062 65535
387359597 1023
387360620 511
387361131 127
387361258 63
387361321 15
387361336 3
193734711 193734711
387469422 148110
387617532 8191
387625723 4095
387629818 63
387629881 31
387629912 3
194028960 194028960
388057920 4194303
392252223 262143
392514366 65535
392579901 8191
392588092 4095
392592187 2047
392594234 1023
392595257 511
392595768 127
392595895 7
392595902 3
392595905 1
194028960 194028960
388057920 4194303
392252223 1681868
393934091 262143
394196234 8191
394204425 4095
394208520 2047
394210567 1023
394211590 511
394212101 255
394212356 30
194028960 194028960
388057920 4194303
392252223 2097151
394349374 262143
394611517 148110
394759627 65535
394825162 32767
394857929 4095
394862024 2047
394864071 511
394864582 127
394864709 63
394864772 31
394864803 15
394864818 2
194028960 194028960
388057920 12582909
400640829 524287
401165116 65535
401230651 16383
401247034 8191
401255225 1023
401256248 255
401256503 63
401256566 3
401256569 2
194028960 194028960
388057920 12582909
400640829 1048574
401689403 262143
401951546 32767
401984313 16383
402000696 8191
402008887 2047
402010934 1023
402011957 511
402012468 63
402012531 7
402012538 1
194028960 194028960
388057920 16254484
404312404 65535
404377939 8191
404386130 2047
404388177 1023
404389200 511
404389711 255
404389966 127
404390093 63
404390156 15
194028960 194028960
388057920 16777212
404835132 2097151
406932283 65535
406997818 32767
407030585 8191
407038776 4095
407042871 2047
407044918 511
407045429 255
407045684 7
407045691 1
194028960 194028960
388057920 16777212
404835132 2097151
406932283 262143
407194426 148110
407342536 65535
407408071 32767
407440838 8191
407449029 2047
407451076 1023
407452099 255
407452354 127
407452481 63
407452544 15
407452559 7
407452566 6
194028960 194028960
388057920 16777212
404835132 2097151
406932283 524287
407456570 148110
407604680 2047
407606727 15
407606742 6
194028960 194028960
388057920 25165818
413223738 65535
413289273 32767
413322040 16383
413338423 2047
413340470 255
413340725 127
413340852 7
413340859 6
194028960 194028960
388057920 25165818
413223738 1681868
414905606 262143
415167749 131070
415298819 8191
415307010 511
415307521 255
415307776 31
415307807 3
194028960 194028960
388057920 25165818
413223738 2097151
415320889 524287
415845176 148110
415993286 32767
416026053 8191
416034244 4095
416038339 1023
416039362 255
416039617 63
416039680 15
416039695 7
416039702 2
194028960 194028960
388057920 25165818
413223738 3346545
416570283 148110
416718393 32767
416751160 16383
416767543 8191
416775734 127
416775861 63
416775924 31
416775955 15
416775970 3
194028960 194028960
388057920 29360121
417418041 262143
417680184 148110
417828294 32767
417861061 16383
417877444 8191
417885635 4095
417889730 127
417889857 63
417889920 31
417889951 15
417889966 14
194028960 194028960
388057920 30670838
418728758 65535
418794293 16383
418810676 8191
418818867 2047
418820914 1023
418821937 511
418822448 63
418822511 31
418822542 3
418822545 1
194028960 194028960
388057920 30911911
418969831 1681868
420651699 65535
420717234 32767
420750001 1023
420751024 511
420751535 255
420751790 63
420751853 31
420751884 15
420751899 3
420751902 1
194028960 194028960
388057920 33554424
421612344 1048574
422660918 32767
422693685 16383
422710068 1023
422711091 127
422711218 15
422711233 7
422711240 3
422711243 2
194028960 194028960
388057920 37748727
425806647 1048574
426855221 262143
427117364 148110
427265474 32767
427298241 16383
427314624 4095
427318719 255
427318974 63
427319037 31
427319068 7
194028960 194028960
388057920 39610962
427668882 262143
427931025 148110
428079135 65535
428144670 16383
428161053 8191
428169244 2047
428171291 511
428171802 127
428171929 31
428171960 30
194028960 194028960
388057920 39610962
427668882 1048574
428717456 262143
428979599 65535
429045134 32767
429077901 16383
429094284 4095
429098379 255
429098634 127
194028960 194028960
388057920 41943030
430000950 2097151
432098101 262143
432360244 8191
432368435 2047
432370482 127
432370609 63
432370672 15
432370687 7
432370694 6
194028960 194028960
388057920 41943030
430000950 2097151
432098101 524287
432622388 8191
432630579 2047
432632626 1023
432633649 31
432633680 15
432633695 7
432633702 1
194028960 194028960
388057920 41943030
430000950 3346545
433347495 524287
433871782 262143
434133925 4095
434138020 2047
434140067 1023
434141090 511
434141601 127
434141728 126
194028960 194028960
388057920 48507240
436565160 1572861
438138021 32767
438170788 8191
438178979 2047
438181026 31
438181057 15
438181072 14
194028960 194028960
388057920 48507240
436565160 4194303
440759463 2097151
442856614 524287
443380901 148110
443529011 16383
443545394 4095
443549489 1023
443550512 255
443550767 127
443550894 63
443550957 31
443550988 15
443551003 7
443551010 2
194028960 194028960
388057920 48507240
436565160 8388606
444953766 1681868
446635634 262143
446897777 148110
447045887 2047
447047934 1023
447048957 511
447049468 255
447049723 31
447049754 3
447049757 1
194028960 194028960
388057920 48507240
436565160 8388606
444953766 3346545
448300311 131070
448431381 2047
448433428 1023
448434451 255
448434706 127
448434833 7
194028960 194028960
388057920 48507240
436565160 8388606
444953766 3346545
448300311 262143
448562454 148110
448710564 65535
448776099 4095
448780194 2047
448782241 1023
448783264 127
448783391 126
194028960 194028960
388057920 48507240
436565160 12582909
449148069 524287
449672356 32767
449705123 8191
449713314 4095
449717409 511
449717920 255
449718175 63
449718238 7
449718245 3
449718248 2
194028960 194028960
388057920 63920973
451978893 148110
452127003 65535
452192538 8191
452200729 2047
452202776 63
452202839 31
452202870 7
452202877 3
452202880 2
194028960 194028960
388057920 64445260
452503180 148110
452651290 16383
452667673 1023
452668696 3
452668699 2
194028960 194028960
388057920 67108848
455166768 2097151
457263919 1048574
458312493 32767
458345260 16383
458361643 8191
458369834 1023
458370857 511
458371368 255
458371623 127
458371750 63
458371813 31
458371844 15
458371859 7
458371866 6
194028960 194028960
388057920 71303151
459361071 262143
459623214 65535
459688749 32767
459721516 1023
459722539 255
459722794 31
459722825 15
459722840 3
194028960 194028960
388057920 73400302
461458222 262143
461720365 148110
461868475 32767
461901242 1023
461902265 511
461902776 255
461903031 127
461903158 63
461903221 1
194028960 194028960
388057920 76238175
464296095 1048574
465344669 262143
465606812 148110
465754922 65535
465820457 8191
465828648 1023
465829671 511
465830182 63
465830245 31
465830276 1
194028960 194028960
388057920 76238175
464296095 2097151
466393246 148110
466541356 32767
466574123 8191
466582314 4095
466586409 2047
466588456 1023
466589479 511
466589990 63
466590053 31
466590084 15
194028960 194028960
388057920 76238175
464296095 2097151
466393246 524287
466917533 65535
466983068 4095
466987163 2047
466989210 15
466989225 14
194028960 194028960
388057920 81694808
469752728 524287
470277015 262143
470539158 32767
470571925 16383
470588308 1023
470589331 127
470589458 63
470589521 31
470589552 7
470589559 3
470589562 2
194028960 194028960
388057920 83886060
471943980 524287
472468267 262143
472730410 32767
472763177 16383
472779560 8191
472787751 4095
472791846 1023
472792869 511
472793380 127
472793507 63
472793570 15
472793585 1
194028960 194028960
388057920 83886060
471943980 2097151
474041131 524287
474565418 262143
474827561 148110
474975671 65535
475041206 16383
475057589 2047
475059636 1023
475060659 255
475060914 127
475061041 15
194028960 194028960
388057920 83886060
471943980 3346545
475290525 524287
475814812 148110
475962922 16383
475979305 1023
475980328 511
475980839 255
475981094 127
475981221 63
475981284 15
475981299 7
475981306 2
194028960 194028960
388057920 83886060
471943980 3346545
475290525 524287
475814812 148110
475962922 32767
475995689 1023
475996712 511
475997223 255
475997478 127
475997605 31
475997636 15
475997651 7
475997658 3
475997661 1
194028960 194028960
388057920 88080363
476138283 1681868
477820151 262143
478082294 148110
478230404 4095
478234499 511
478235010 127
478235137 31
478235168 2
194028960 194028960
388057920 88080363
476138283 2097151
478235434 16383
478251817 2047
478253864 255
478254119 127
478254246 63
478254309 7
478254316 3
478254319 2
240166293 240166293
480332586 524287
480856873 16383
480873256 4095
480877351 511
480877862 127
480877989 31
480878020 30
240690580 240690580
481381160 148110
481529270 65535
481594805 32767
481627572 4095
481631667 127
481631794 63
481631857 7
481631864 6
241046802 241046802
482093604 1048574
483142178 65535
483207713 16383
483224096 62
241046802 241046802
482093604 1681868
483775472 32767
483808239 255
483808494 127
483808621 15
483808636 14
241046802 241046802
482093604 2097151
484190755 1048574
485239329 148110
485387439 2047
485389486 1023
485390509 511
485391020 255
485391275 63
485391338 31
485391369 15
485391384 7
485391391 2
245261150 245261150
490522300 1048574
491570874 148110
491718984 32767
491751751 16383
491768134 4095
491772229 2047
491774276 255
491774531 127
491774658 63
491774721 31
491774752 7
491774759 6
245261150 245261150
490522300 2097151
492619451 262143
492881594 148110
493029704 16383
493046087 8191
493054278 2047
493056325 511
493056836 255
493057091 127
493057218 7
493057225 6
245261150 245261150
490522300 2097151
492619451 524287
493143738 262143
493405881 148110
493553991 32767
493586758 16383
493603141 8191
493611332 2047
493613379 511
493613890 255
493614145 63
493614208 31
493614239 15
493614254 14
246874238 246874238
493748476 2097151
495845627 524287
496369914 262143
496632057 8191
496640248 255
496640503 3
496640506 1
246874238 246874238
493748476 2097151
495845627 524287
496369914 262143
496632057 65535
496697592 16383
496713975 511
496714486 255
496714741 63
496714804 31
496714835 15
246874238 246874238
493748476 3346545
497095021 131070
497226091 8191
497234282 255
497234537 2
246874238 246874238
493748476 3346545
497095021 524287
497619308 8191
497627499 4095
497631594 255
497631849 63
497631912 7
497631919 2
246874238 246874238
493748476 4194303
497942779 2097151
500039930 32767
500072697 8191
500080888 1023
500081911 511
500082422 255
500082677 63
500082740 15
500082755 7
500082762 2
246874238 246874238
493748476 8388606
502137082 65535
502202617 32767
502235384 16383
502251767 8191
502259958 1023
502260981 511
502261492 255
502261747 127
502261874 7
502261881 1
246874238 246874238
493748476 8388606
502137082 524287
502661369 262143
502923512 8191
502931703 4095
502935798 2047
502937845 15
502937860 1
246874238 246874238
493748476 8388606
502137082 2097151
504234233 262143
504496376 65535
504561911 32767
504594678 4095
504598773 511
504599284 255
504599539 127
504599666 63
504599729 31
504599760 1
246874238 246874238
493748476 12582909
506331385 262143
506593528 148110
506741638 32767
506774405 63
506774468 31
506774499 15
506774514 6
246874238 246874238
493748476 12582909
506331385 1048574
507379959 65535
507445494 32767
507478261 8191
507486452 4095
507490547 2047
507492594 1023
507493617 127
507493744 31
507493775 1
255262844 255262844
510525688 1681868
512207556 262143
512469699 65535
512535234 32767
512568001 4095
512572096 511
512572607 255
512572862 127
512572989 63
512573052 31
512573083 15
512573098 7
256624969 256624969
513249938 148110
513398048 32767
513430815 16383
513447198 8191
513455389 2047
513457436 7
513457443 3
513457446 2
258815676 258815676
517631352 524287
518155639 262143
518417782 8191
518425973 4095
518430068 2047
518432115 1023
518433138 511
518433649 255
518433904 127
518434031 31
518434062 15
518434077 7
518434084 6
259393884 259393884
518787768 3346545
522134313 524287
522658600 65535
522724135 32767
522756902 63
522756965 15
522756980 7
522756987 3
522756990 2
259393884 259393884
518787768 4194303
522982071 1681868
524663939 148110
524812049 65535
524877584 32767
524910351 8191
524918542 4095
524922637 2047
524924684 255
524924939 63
524925002 31
524925033 15
524925048 7
524925055 1
263588187 263588187
527176374 524287
527700661 131070
527831731 2047
527833778 15
527833793 3
265868930 265868930
531737860 524287
532262147 148110
532410257 16383
532426640 8191
532434831 4095
532438926 1023
532439949 511
532440460 31
265868930 265868930
531737860 524287
532262147 262143
532524290 65535
532589825 511
532590336 31
532590367 15
532590382 7
532590389 3
532590392 2
265868930 265868930
531737860 2097151
533835011 524287
534359298 262143
534621441 32767
534654208 8191
534662399 4095
534666494 127
534666621 31
534666652 7
534666659 3
265868930 265868930
531737860 4194303
535932163 148110
536080273 65535
536145808 8191
536153999 2047
536156046 1023
536157069 511
536157580 255
536157835 126
268435392 268435392
536870784 148110
537018894 32767
537051661 8191
537059852 511
537060363 63
537060426 31
537060457 15
537060472 14
268435392 268435392
536870784 2097151
538967935 524287
539492222 262143
539754365 32767
539787132 2047
539789179 1023
539790202 511
539790713 255
539790968 7
539790975 2
268435392 268435392
536870784 3346545
540217329 148110
540365439 65535
540430974 4095
540435069 2047
540437116 1023
540438139 127
540438266 63
540438329 7
540438336 3
540438339 2
268435392 268435392
536870784 3346545
540217329 262143
540479472 148110
540627582 8191
540635773 4095
540639868 2047
540641915 1023
540642938 255
540643193 127
540643320 63
540643383 7
268435392 268435392
536870784 4194303
541065087 524287
541589374 262143
541851517 148110
541999627 65535
542065162 32767
542097929 8191
542106120 4095
542110215 255
542110470 127
542110597 31
542110628 15
542110643 7
542110650 3
542110653 1
268435392 268435392
536870784 4194303
541065087 1681868
542746955 131070
542878025 4095
542882120 255
542882375 127
542882502 63
268435392 268435392
536870784 4194303
541065087 2097151
543162238 1048574
544210812 148110
544358922 32767
544391689 1023
544392712 511
544393223 127
544393350 15
544393365 6
268435392 268435392
536870784 4194303
541065087 3346545
544411632 148110
544559742 32767
544592509 8191
544600700 4095
544604795 2047
544606842 1023
544607865 511
544608376 127
544608503 15
272678697 272678697
545357394 1681868
547039262 262143
547301405 32767
547334172 16383
547350555 4095
547354650 2047
547356697 31
547356728 15
547356743 3
547356746 2
272678697 272678697
545357394 2097151
547454545 524287
547978832 262143
548240975 65535
548306510 8191
548314701 4095
548318796 2047
548320843 255
548321098 31
548321129 15
548321144 7
548321151 2
272678697 272678697
545357394 4194303
549551697 148110
549699807 65535
549765342 8191
549773533 4095
549777628 511
549778139 63
549778202 7
549778209 6
272678697 272678697
545357394 4194303
549551697 3346545
552898242 65535
552963777 32767
552996544 16383
553012927 4095
553017022 2047
553019069 1023
553020092 511
553020603 255
553020858 127
553020985 31
553021016 15
553021031 7
553021038 1
276823998 276823998
553647996 1048574
554696570 8191
554704761 2047
554706808 511
554707319 31
554707350 15
554707365 7
554707372 2
276823998 276823998
553647996 1681868
555329864 148110
555477974 32767
555510741 16383
555527124 8191
555535315 2047
555537362 511
555537873 127
555538000 63
555538063 31
555538094 7
276823998 276823998
553647996 2097151
555745147 148110
555893257 65535
555958792 32767
555991559 8191
555999750 2047
556001797 1023
556002820 511
556003331 31
556003362 15
556003377 14
276823998 276823998
553647996 2097151
555745147 524287
556269434 148110
556417544 65535
556483079 8191
556491270 2047
556493317 127
556493444 63
556493507 31
556493538 15
556493553 14
276823998 276823998
553647996 4194303
557842299 1048574
558890873 148110
559038983 8191
559047174 2047
559049221 1023
559050244 127
559050371 7
559050378 2
281018301 281018301
562036602 2097151
564133753 524287
564658040 148110
564806150 65535
564871685 16383
564888068 8191
564896259 4095
564900354 2047
564902401 511
564902912 255
564903167 127
564903294 15
564903309 7
564903316 3
284132387 284132387
568264774 262143
568526917 148110
568675027 4095
568679122 2047
568681169 511
568681680 255
568681935 63
568681998 31
568682029 15
568682044 7
568682051 2
284132387 284132387
568264774 1048574
569313348 148110
569461458 65535
569526993 32767
569559760 8191
569567951 1023
569568974 511
569569485 255
569569740 127
569569867 63
569569930 62
288358329 288358329
576716658 32767
576749425 16383
576765808 4095
576769903 511
576770414 255
576770669 127
576770796 31
289827310 289827310
579654620 1681868
581336488 148110
581484598 32767
581517365 8191
581525556 1023
581526579 15
289827310 289827310
579654620 2097151
581751771 524287
582276058 262143
582538201 65535
582603736 16383
582620119 4095
582624214 511
582624725 127
582624852 31
582624883 15
582624898 7
582624905 3
289827310 289827310
579654620 3346545
583001165 524287
583525452 148110
583673562 32767
583706329 8191
583714520 2047
583716567 1023
583717590 255
583717845 127
583717972 30
292067364 292067364
584134728 65535
584200263 16383
584216646 8191
584224837 255
584225092 127
584225219 31
584225250 3
584225253 2
292067364 292067364
584134728 1048574
585183302 262143
585445445 148110
585593555 65535
585659090 16383
585675473 8191
585683664 2047
585685711 127
585685838 31
585685869 7
585685876 3
585685879 1
292067364 292067364
584134728 4194303
588329031 524287
588853318 148110
589001428 65535
589066963 16383
589083346 2047
589085393 1023
589086416 511
589086927 255
589087182 127
589087309 63
589087372 31
589087403 15
292067364 292067364
584134728 4194303
588329031 524287
588853318 262143
589115461 65535
589180996 4095
589185091 511
589185602 127
589185729 63
589185792 15
298300059 298300059
596600118 262143
596862261 131070
596993331 4095
596997426 2047
596999473 511
596999984 255
597000239 31
597000270 7
597000277 1
298300059 298300059
596600118 524287
597124405 262143
597386548 65535
597452083 16383
597468466 2047
597470513 1023
597471536 255
597471791 127
597471918 31
597471949 14
298300059 298300059
596600118 2097151
598697269 524287
599221556 65535
599287091 16383
599303474 8191
599311665 2047
599313712 1023
599314735 511
599315246 127
599315373 15
599315388 7
599315395 3
599315398 1
300400858 300400858
600801716 32767
600834483 2047
600836530 1023
600837553 255
600837808 127
600837935 63
600837998 7
600838005 2
300400858 300400858
600801716 32767
600834483 16383
600850866 4095
600854961 2047
600857008 1023
600858031 63
600858094 31
600858125 6
300631189 300631189
601262378 65535
601327913 4095
601332008 127
601332135 15
601332150 6
301483911 301483911
602967822 524287
603492109 262143
603754252 148110
603902362 65535
603967897 16383
603984280 2047
603986327 511
603986838 255
603987093 15
603987108 1
301483911 301483911
602967822 2097151
605064973 524287
605589260 65535
605654795 16383
605671178 4095
605675273 2047
605677320 511
605677831 255
605678086 63
605678149 7
605678156 3
605678159 1
301483911 301483911
602967822 4194303
607162125 148110
607310235 32767
607343002 16383
607359385 4095
607363480 2047
607365527 1023
607366550 127
607366677 63
607366740 31
607366771 30
304952700 304952700
609905400 1048574
610953974 262143
611216117 131070
611347187 511
611347698 255
611347953 63
611348016 15
611348031 7
611348038 3
304952700 304952700
609905400 4194303
614099703 1048574
615148277 262143
615410420 65535
615475955 32767
615508722 8191
615516913 2047
615518960 511
615519471 255
615519726 31
615519757 15
615519772 2
308691093 308691093
617382186 2097151
619479337 262143
619741480 148110
619889590 65535
619955125 32767
619987892 1023
619988915 255
619989170 127
619989297 31
619989328 15
619989343 2
310266531 310266531
620533062 262143
620795205 148110
620943315 8191
620951506 4095
620955601 1023
620956624 511
620957135 31
310266531 310266531
620533062 524287
621057349 262143
621319492 8191
621327683 4095
621331778 2047
621333825 31
621333856 7
621333863 3
621333866 1
310266531 310266531
620533062 1048574
621581636 262143
621843779 148110
621991889 32767
622024656 16383
622041039 8191
622049230 2047
622051277 511
622051788 255
622052043 127
622052170 31
622052201 7
622052208 3
311144884 311144884
622289768 1681868
623971636 65535
624037171 32767
624069938 2047
624071985 127
624072112 63
624072175 31
624072206 15
624072221 6
314303072 314303072
628606144 2097151
630703295 524287
631227582 262143
631489725 65535
631555260 16383
631571643 8191
631579834 1023
631580857 511
631581368 255
631581623 127
631581750 63
631581813 31
631581844 15
631581859 14
316887696 316887696
633775392 262143
634037535 65535
634103070 32767
634135837 16383
634152220 8191
634160411 2047
634162458 1023
634163481 511
634163992 255
634164247 127
634164374 3
634164377 1
316887696 316887696
633775392 524287
634299679 148110
634447789 32767
634480556 16383
634496939 1023
634497962 511
634498473 63
634498536 2
316887696 316887696
633775392 1048574
634823966 16383
634840349 4095
634844444 127
634844571 63
634844634 15
634844649 3
634844652 1
316887696 316887696
633775392 3346545
637121937 524287
637646224 65535
637711759 32767
637744526 16383
637760909 8191
637769100 2047
637771147 511
637771658 255
637771913 127
637772040 63
637772103 31
316887696 316887696
633775392 4194303
637969695 16383
637986078 4095
637990173 2047
637992220 255
637992475 63
637992538 31
637992569 15
637992584 3
637992587 1
316887696 316887696
633775392 4194303
637969695 524287
638493982 8191
638502173 4095
638506268 511
638506779 255
638507034 31
638507065 15
638507080 6
316887696 316887696
633775392 4194303
637969695 2097151
640066846 1048574
641115420 16383
641131803 8191
641139994 4095
641144089 255
641144344 127
641144471 63
641144534 31
641144565 7
641144572 6
316887696 316887696
633775392 4194303
637969695 3342326
641312021 2047
641314068 1023
641315091 511
641315602 127
641315729 63
641315792 31
641315823 15
641315838 14
316887696 316887696
633775392 4194303
637969695 3346545
641316240 262143
641578383 148110
641726493 32767
641759260 4095
641763355 2047
641765402 1023
641766425 511
641766936 255
641767191 63
641767254 31
641767285 15
641767300 7
641767307 1
316887696 316887696
633775392 4194303
637969695 3346545
641316240 524287
641840527 2047
641842574 1023
641843597 511
641844108 31
641844139 14
316887696 316887696
633775392 4194303
637969695 3346545
641316240 524287
641840527 262143
642102670 8191
642110861 4095
642114956 1023
642115979 511
642116490 127
642116617 31
642116648 6
321081999 321081999
642163998 148110
642312108 16383
642328491 4095
642332586 2047
642334633 511
642335144 255
642335399 127
642335526 63
642335589 31
642335620 7
321633600 321633600
643267200 524287
643791487 262143
644053630 148110
644201740 65535
644267275 16383
644283658 8191
644291849 4095
644295944 127
644296071 63
644296134 31
644296165 15
644296180 3
644296183 2
321633600 321633600
643267200 2097151
645364351 524287
645888638 262143
646150781 65535
646216316 32767
646249083 16383
646265466 8191
646273657 2047
646275704 63
646275767 15
646275782 7
646275789 2
321633600 321633600
643267200 3346545
646613745 262143
646875888 148110
647023998 32767
647056765 16383
647073148 8191
647081339 2047
647083386 1023
647084409 511
647084920 255
647085175 63
647085238 31
647085269 15
647085284 7
647085291 1
321633600 321633600
643267200 4194303
647461503 524287
647985790 148110
648133900 16383
648150283 8191
648158474 2047
648160521 1023
648161544 255
648161799 15
648161814 7
648161821 2
321633600 321633600
643267200 4194303
647461503 524287
647985790 148110
648133900 32767
648166667 16383
648183050 2047
648185097 1023
648186120 511
648186631 31
648186662 15
321633600 321633600
643267200 4194303
647461503 524287
647985790 148110
648133900 65535
648199435 32767
648232202 8191
648240393 4095
648244488 511
648244999 63
648245062 31
648245093 7
321633600 321633600
643267200 4194303
647461503 524287
647985790 262143
648247933 131070
648379003 2047
648381050 1023
648382073 255
648382328 127
648382455 63
648382518 31
648382549 7
648382556 1
321633600 321633600
643267200 4194303
647461503 3346545
650808048 131070
650939118 2047
650941165 1023
650942188 255
650942443 7
650942450 2
321633600 321633600
643267200 4194303
647461503 3346545
650808048 148110
650956158 65535
651021693 16383
651038076 8191
651046267 4095
651050362 511
651050873 255
651051128 127
651051255 126
326779232 326779232
653558464 262143
653820607 148110
653968717 32767
654001484 16383
654017867 8191
654026058 2047
654028105 15
654028120 7
654028127 2
326779232 326779232
653558464 2097151
655655615 524287
656179902 262143
656442045 65535
656507580 32767
656540347 16383
656556730 8191
656564921 2047
656566968 511
656567479 255
656567734 127
656567861 31
656567892 15
656567907 7
656567914 3
326779232 326779232
653558464 3346545
656905009 262143
657167152 148110
657315262 65535
657380797 16383
657397180 8191
657405371 4095
657409466 1023
657410489 511
657411000 15
657411015 7
657411022 6
326779232 326779232
653558464 3346545
656905009 524287
657429296 131070
657560366 8191
657568557 4095
657572652 2047
657574699 255
657574954 127
657575081 15
657575096 3
326779232 326779232
653558464 3346545
656905009 524287
657429296 148110
657577406 8191
657585597 2047
657587644 127
657587771 63
657587834 15
657587849 14
326779232 326779232
653558464 4194303
657752767 1048574
658801341 148110
658949451 65535
659014986 32767
659047753 8191
659055944 4095
659060039 2047
659062086 1023
659063109 127
659063236 63
659063299 31
659063330 15
659063345 7
659063352 1
330366274 330366274
660732548 2097151
662829699 16383
662846082 8191
662854273 2047
662856320 1023
662857343 511
662857854 127
662857981 63
662858044 3
330366274 330366274
660732548 2097151
662829699 524287
663353986 262143
663616129 148110
663764239 32767
663797006 2047
663799053 127
663799180 31
663799211 15
663799226 3
663799229 1
330366274 330366274
660732548 4194303
664926851 1048574
665975425 148110
666123535 65535
666189070 16383
666205453 8191
666213644 4095
666217739 2047
666219786 127
666219913 15
666219928 7
666219935 3
666219938 1
330366274 330366274
660732548 8388606
669121154 1681868
670803022 148110
670951132 32767
670983899 16383
671000282 2047
671002329 1023
671003352 511
671003863 127
671003990 31
671004021 15
671004036 3
335544240 335544240
671088480 4194303
675282783 2097151
677379934 148110
677528044 65535
677593579 32767
677626346 8191
677634537 255
677634792 127
677634919 63
677634982 31
677635013 7
677635020 2
338890785 338890785
677781570 148110
677929680 32767
677962447 8191
677970638 511
677971149 63
677971212 7
677971219 2
339541718 339541718
679083436 4194303
683277739 2097151
685374890 524287
685899177 65535
685964712 16383
685981095 255
685981350 127
685981477 15
685981492 6
339541718 339541718
679083436 4194303
683277739 3346545
686624284 131070
686755354 8191
686763545 4095
686767640 1023
686768663 511
686769174 127
686769301 63
686769364 31
686769395 15
686769410 7
686769417 3
339541718 339541718
679083436 4194303
683277739 3346545
686624284 148110
686772394 65535
686837929 32767
686870696 255
686870951 31
686870982 30
343932846 343932846
687865692 2097151
689962843 524287
690487130 262143
690749273 148110
690897383 32767
690930150 16383
690946533 8191
690954724 2047
690956771 511
690957282 255
690957537 127
690957664 63
690957727 15
690957742 14
346562449 346562449
693124898 16383
693141281 8191
693149472 4095
693153567 2047
693155614 127
693155741 63
693155804 15
693155819 7
693155826 3
346562449 346562449
693124898 524287
693649185 262143
693911328 2047
693913375 511
693913886 31
693913917 7
693913924 6
346562449 346562449
693124898 2097151
695222049 262143
695484192 148110
695632302 16383
695648685 8191
695656876 2047
695658923 15
695658938 1
346562449 346562449
693124898 4194303
697319201 1048574
698367775 262143
698629918 148110
698778028 32767
698810795 4095
698814890 127
698815017 31
698815048 7
698815055 1
346562449 346562449
693124898 8388606
701513504 148110
701661614 65535
701727149 4095
701731244 255
701731499 127
701731626 63
701731689 15
701731704 6
352321452 352321452
704642904 4194303
708837207 2097151
710934358 524287
711458645 16383
711475028 1023
711476051 511
711476562 63
711476625 7
711476632 3
711476635 2
356515755 356515755
713031510 148110
713179620 32767
713212387 4095
713216482 255
713216737 15
713216752 3
713216755 2
358352008 358352008
716704016 524287
717228303 262143
717490446 148110
717638556 65535
717704091 16383
717720474 511
717720985 127
717721112 7
358352008 358352008
716704016 2097151
718801167 1048574
719849741 16383
719866124 8191
719874315 2047
719876362 15
719876377 7
719876384 3
719876387 2
360710058 360710058
721420116 3346545
724766661 148110
724914771 65535
724980306 8191
724988497 4095
724992592 2047
724994639 1023
724995662 511
724996173 255
724996428 31
724996459 15
724996474 7
724996481 3
724996484 2
360710058 360710058
721420116 3346545
724766661 262143
725028804 148110
725176914 32767
725209681 8191
725217872 1023
725218895 511
725219406 127
725219533 63
725219596 7
725219603 6
360710058 360710058
721420116 3346545
724766661 524287
725290948 65535
725356483 8191
725364674 2047
725366721 1023
725367744 127
725367871 15
725367886 14
363568332 363568332
727136664 1048574
728185238 131070
728316308 4095
728320403 2047
728322450 63
728322513 1
364477585 364477585
728955170 2097151
731052321 65535
731117856 32767
731150623 4095
731154718 2047
731156765 1023
731157788 127
731157915 63
731157978 15
731157993 7
731158000 2
364477585 364477585
728955170 2097151
731052321 524287
731576608 32767
731609375 4095
731613470 511
731613981 127
731614108 3
731614111 2
364477585 364477585
728955170 3346545
732301715 262143
732563858 1023
732564881 255
732565136 127
732565263 62
366497908 366497908
732995816 262143
733257959 131070
733389029 8191
733397220 4095
733401315 1023
733402338 511
733402849 255
733403104 127
733403231 31
733403262 15
733403277 3
733403280 2
366497908 366497908
732995816 4194303
737190119 3346545
740536664 524287
741060951 148110
741209061 16383
741225444 127
741225571 15
741225586 3
366497908 366497908
732995816 4194303
737190119 3346545
740536664 524287
741060951 262143
741323094 16383
741339477 8191
741347668 4095
741351763 2047
741353810 1023
741354833 31
741354864 15
741354879 7
366497908 366497908
732995816 8388606
741384422 524287
741908709 148110
742056819 16383
742073202 8191
742081393 4095
742085488 1023
742086511 255
742086766 63
742086829 31
742086860 3
742086863 1
366497908 366497908
732995816 12582909
745578725 1048574
746627299 262143
746889442 65535
746954977 16383
746971360 4095
746975455 2047
746977502 1023
746978525 255
746978780 127
746978907 63
746978970 7
746978977 3
746978980 2
366497908 366497908
732995816 16777212
749773028 3346545
753119573 524287
753643860 148110
753791970 32767
753824737 1023
753825760 511
753826271 127
753826398 15
753826413 3
753826416 2
366497908 366497908
732995816 20971515
753967331 8191
753975522 2047
753977569 511
753978080 7
753978087 3
753978090 2
366497908 366497908
732995816 20971515
753967331 1681868
755649199 65535
755714734 16383
755731117 8191
755739308 4095
755743403 2047
755745450 1023
755746473 255
755746728 127
755746855 63
755746918 31
755746949 1
366497908 366497908
732995816 20971515
753967331 2097151
756064482 524287
756588769 262143
756850912 148110
756999022 65535
757064557 4095
757068652 127
757068779 31
757068810 15
757068825 7
757068832 3
366497908 366497908
732995816 20971515
753967331 2097151
756064482 524287
756588769 262143
756850912 148110
756999022 65535
757064557 16383
757080940 4095
757085035 1023
757086058 255
757086313 63
757086376 31
757086407 15
757086422 3
757086425 2
379080817 379080817
758161634 2097151
760258785 1048574
761307359 148110
761455469 32767
761488236 8191
761496427 2047
761498474 1023
761499497 511
761500008 63
761500071 15
761500086 1
381177968 381177968
762355936 524287
762880223 262143
763142366 65535
763207901 16383
763224284 8191
763232475 255
382007695 382007695
764015390 1048574
765063964 32767
765096731 4095
765100826 511
765101337 63
765101400 31
765101431 2
382007695 382007695
764015390 1681868
765697258 32767
765730025 16383
765746408 8191
765754599 2047
765756646 1023
765757669 127
765757796 63
765757859 3
383275120 383275120
766550240 2097151
768647391 16383
768663774 8191
768671965 4095
768676060 511
768676571 255
768676826 63
768676889 31
768676920 15
768676935 2
383275120 383275120
766550240 2097151
768647391 1048574
769695965 32767
769728732 2047
769730779 511
769731290 127
769731417 31
769731448 15
769731463 14
383275120 383275120
766550240 4194303
770744543 1681868
772426411 262143
772688554 16383
772704937 8191
772713128 4095
772717223 2047
772719270 127
772719397 15
387629915 387629915
775259830 524287
775784117 148110
775932227 32767
775964994 16383
775981377 4095
775985472 1023
775986495 127
775986622 31
775986653 15
775986668 1
388057920 388057920
776115840 148110
776263950 32767
776296717 16383
776313100 8191
776321291 2047
776323338 255
776323593 63
776323656 7
776323663 3
388057920 388057920
776115840 3346545
779462385 2047
779464432 1023
779465455 255
779465710 31
779465741 7
779465748 3
779465751 2
388057920 388057920
776115840 4194303
780310143 1048574
781358717 148110
781506827 65535
781572362 8191
781580553 4095
781584648 2047
781586695 1023
781587718 255
781587973 31
781588004 7
388057920 388057920
776115840 4194303
780310143 2097151
782407294 32767
782440061 4095
782444156 2047
782446203 511
782446714 255
782446969 127
782447096 3
388057920 388057920
776115840 4194303
780310143 2097151
782407294 65535
782472829 8191
782481020 511
782481531 255
782481786 127
782481913 31
782481944 7
388057920 388057920
776115840 8388606
784504446 524287
785028733 262143
785290876 16383
785307259 8191
785315450 4095
785319545 2047
785321592 1023
785322615 63
785322678 31
785322709 3
785322712 1
388057920 388057920
776115840 8388606
784504446 3346545
787850991 524287
788375278 65535
788440813 32767
788473580 16383
788489963 4095
788494058 2047
788496105 511
788496616 127
788496743 63
788496806 7
788496813 3
388057920 388057920
776115840 8388606
784504446 3346545
787850991 524287
788375278 131070
788506348 8191
788514539 1023
788515562 511
788516073 255
788516328 127
788516455 63
788516518 6
388057920 388057920
776115840 12582909
788698749 1048574
789747323 262143
790009466 65535
790075001 2047
790077048 1023
790078071 255
790078326 63
790078389 31
790078420 3
388057920 388057920
776115840 12582909
788698749 1681868
790380617 262143
790642760 65535
790708295 32767
790741062 16383
790757445 8191
790765636 4095
790769731 2047
790771778 511
790772289 127
790772416 63
790772479 1
388057920 388057920
776115840 16254484
792370324 148110
792518434 65535
792583969 16383
792600352 4095
792604447 2047
792606494 511
792607005 31
792607036 15
792607051 7
792607058 6
388057920 388057920
776115840 16777212
792893052 524287
793417339 148110
793565449 65535
793630984 16383
793647367 2047
793649414 255
793649669 63
793649732 15
793649747 7
388057920 388057920
776115840 20971515
797087355 2097151
799184506 262143
799446649 16383
799463032 8191
799471223 2047
799473270 127
799473397 63
799473460 30
388057920 388057920
776115840 25165818
801281658 148110
801429768 65535
801495303 2047
801497350 511
801497861 255
801498116 127
801498243 63
801498306 31
801498337 7
388057920 388057920
776115840 25165818
801281658 1048574
802330232 262143
802592375 148110
802740485 32767
802773252 16383
802789635 8191
802797826 4095
802801921 2047
802803968 511
802804479 255
802804734 127
802804861 63
802804924 31
802804955 15
802804970 2
388057920 388057920
776115840 25165818
801281658 2097151
803378809 32767
803411576 2047
803413623 511
803414134 31
803414165 3
388057920 388057920
776115840 29360121
805475961 262143
805738104 131070
805869174 8191
805877365 2047
805879412 63
805879475 15
805879490 7
805879497 1
388057920 388057920
776115840 30911911
807027751 1681868
808709619 262143
808971762 147453
809119215 127
809119342 63
809119405 15
809119420 7
809119427 3
809119430 2
388057920 388057920
776115840 33554424
809670264 524287
810194551 262143
810456694 148110
810604804 32767
810637571 16383
810653954 8191
810662145 4095
810666240 2047
810668287 511
810668798 63
810668861 7
810668868 1
388057920 388057920
776115840 37748727
813864567 65535
813930102 4095
813934197 2047
813936244 255
813936499 31
813936530 15
813936545 6
388057920 388057920
776115840 39610962
815726802 1048574
816775376 262143
817037519 148110
817185629 16383
817202012 4095
817206107 2047
817208154 511
817208665 255
817208920 31
817208951 7
817208958 3
388057920 388057920
776115840 39610962
815726802 1638396
817365198 16383
817381581 8191
817389772 4095
817393867 1023
817394890 511
817395401 15
817395416 3
388057920 388057920
776115840 41943030
818058870 3346545
821405415 262143
821667558 65535
821733093 32767
821765860 8191
821774051 4095
821778146 2047
821780193 1023
821781216 127
821781343 31
821781374 7
388057920 388057920
776115840 48507240
824623080 1681868
826304948 8191
826313139 4095
826317234 2047
826319281 1023
826320304 511
826320815 255
826321070 63
826321133 31
826321164 30
388057920 388057920
776115840 48507240
824623080 3346545
827969625 148110
828117735 4095
828121830 511
828122341 255
828122596 15
388057920 388057920
776115840 48507240
824623080 4194303
828817383 1048574
829865957 148110
830014067 65535
830079602 16383
830095985 8191
830104176 4094
388057920 388057920
776115840 48507240
824623080 4194303
828817383 1681868
830499251 65535
830564786 32767
830597553 8191
830605744 2047
830607791 511
830608302 255
830608557 63
830608620 15
830608635 7
830608642 3
830608645 1
388057920 388057920
776115840 48507240
824623080 4194303
828817383 3346545
832163928 148110
832312038 4095
832316133 2047
832318180 1023
832319203 63
832319266 31
832319297 15
832319312 2
388057920 388057920
776115840 48507240
824623080 4194303
828817383 3346545
832163928 262143
832426071 65535
832491606 32767
832524373 8191
832532564 2047
832534611 1023
832535634 511
832536145 255
832536400 127
832536527 63
832536590 31
832536621 15
832536636 7
388057920 388057920
776115840 48507240
824623080 8388606
833011686 2097151
835108837 262143
835370980 148110
835519090 32767
835551857 8191
835560048 4095
835564143 255
835564398 31
835564429 6
388057920 388057920
776115840 48507240
824623080 12582909
837205989 65535
837271524 32767
837304291 4095
837308386 1023
837309409 511
837309920 63
837309983 31
837310014 15
837310029 7
388057920 388057920
776115840 61823822
837939662 148110
838087772 65535
838153307 8191
838161498 511
838162009 510
388057920 388057920
776115840 61823822
837939662 524287
838463949 148110
838612059 16383
838628442 4095
838632537 2047
838634584 511
838635095 7
838635102 6
388057920 388057920
776115840 64848471
840964311 1048574
842012885 65535
842078420 32767
842111187 16383
842127570 127
842127697 31
842127728 15
388057920 388057920
776115840 64848471
840964311 1572861
842537172 16383
842553555 2047
842555602 511
842556113 255
842556368 63
842556431 31
842556462 7
842556469 6
388057920 388057920
776115840 67108848
843224688 3346545
846571233 524287
847095520 148110
847243630 511
847244141 127
847244268 63
847244331 7
847244338 3
847244341 1
388057920 388057920
776115840 71303151
847418991 262143
847681134 148110
847829244 32767
847862011 2047
847864058 127
847864185 63
847864248 6
388057920 388057920
776115840 74051639
850167479 524287
850691766 65535
850757301 16383
850773684 8191
850781875 2047
850783922 255
850784177 127
850784304 63
850784367 31
850784398 7
850784405 3
850784408 1
388057920 388057920
776115840 74051639
850167479 1048574
851216053 131070
851347123 4095
851351218 511
851351729 63
851351792 7
851351799 6
388057920 388057920
776115840 76238175
852354015 148110
852502125 65535
852567660 2047
852569707 7
852569714 3
388057920 388057920
776115840 79221924
855337764 524287
855862051 65535
855927586 511
855928097 30
388057920 388057920
776115840 79221924
855337764 524287
855862051 148110
856010161 32767
856042928 8191
856051119 4095
856055214 2047
856057261 1023
856058284 255
856058539 127
856058666 63
856058729 30
388057920 388057920
776115840 79221924
855337764 1681868
857019632 148110
857167742 32767
857200509 8191
857208700 4095
857212795 1023
857213818 511
857214329 31
857214360 3
857214363 2
388057920 388057920
776115840 81319075
857434915 65535
857500450 8191
857508641 4095
857512736 2047
857514783 1023
857515806 511
857516317 255
857516572 63
857516635 7
857516642 2
388057920 388057920
776115840 81319075
857434915 148110
857583025 65535
857648560 8191
857656751 511
857657262 127
857657389 7
857657396 1
388057920 388057920
776115840 83886060
860001900 3346545
863348445 524287
863872732 32767
863905499 16383
863921882 4095
863925977 1023
863927000 511
863927511 15
863927526 7
863927533 6
388057920 388057920
776115840 91624477
867740317 2097151
869837468 1048574
870886042 32767
870918809 16383
870935192 8191
870943383 2047
870945430 1023
870946453 255
870946708 127
870946835 63
870946898 15
870946913 1
388057920 388057920
776115840 97014480
873130320 1048574
874178894 262143
874441037 65535
874506572 63
874506635 15
874506650 2
388057920 388057920
776115840 97014480
873130320 1681868
874812188 148110
874960298 65535
875025833 32767
875058600 255
875058855 15
875058870 7
875058877 3
875058880 2
388057920 388057920
776115840 97014480
873130320 2097151
875227471 262143
875489614 65535
875555149 8191
875563340 1023
875564363 511
875564874 255
875565129 31
875565160 7
875565167 3
875565170 1
388057920 388057920
776115840 97014480
873130320 4194303
877324623 1048574
878373197 32767
878405964 16383
878422347 8191
878430538 4095
878434633 2047
878436680 1023
878437703 255
878437958 63
878438021 15
878438036 7
878438043 3
388057920 388057920
776115840 97014480
873130320 8388606
881518926 65535
881584461 32767
881617228 8191
881625419 4095
881629514 2047
881631561 511
881632072 255
881632327 63
881632390 31
388057920 388057920
776115840 97014480
873130320 12582909
885713229 1048574
886761803 32767
886794570 8191
886802761 4095
886806856 511
886807367 127
886807494 63
886807557 31
886807588 14
388057920 388057920
776115840 97014480
873130320 16777212
889907532 148110
890055642 65535
890121177 32767
890153944 8191
890162135 1023
890163158 255
890163413 7
890163420 3
388057920 388057920
776115840 97014480
873130320 20971515
894101835 262143
894363978 148110
894512088 65535
894577623 32767
894610390 1023
894611413 511
894611924 255
894612179 127
894612306 31
894612337 15
894612352 6
388057920 388057920
776115840 97014480
873130320 20971515
894101835 1048574
895150409 262143
895412552 148110
895560662 65535
895626197 16383
895642580 8191
895650771 4095
895654866 1023
895655889 511
895656400 31
895656431 15
895656446 7
895656453 3
895656456 1
388057920 388057920
776115840 122180298
898296138 262143
898558281 148110
898706391 16383
898722774 8191
898730965 2047
898733012 511
898733523 255
898733778 63
898733841 30
388057920 388057920
776115840 123409749
899525589 8191
899533780 4095
899537875 2047
899539922 1023
899540945 1
388057920 388057920
776115840 123437119
899552959 1671163
901224122 2047
901226169 255
901226424 3
388057920 388057920
776115840 123437119
899552959 1681868
901234827 32767
901267594 16383
901283977 2047
901286024 1023
901287047 1022
388057920 388057920
776115840 123437119
899552959 3346545
902899504 148110
903047614 32767
903080381 16383
903096764 8191
903104955 4095
903109050 2047
903111097 255
903111352 31
903111383 14
388057920 388057920
776115840 123437119
899552959 3346545
902899504 262143
903161647 148110
903309757 32767
903342524 2047
903344571 511
903345082 127
903345209 63
903345272 15
903345287 3
903345290 2
388057920 388057920
776115840 123437119
899552959 3346545
902899504 524287
903423791 148110
903571901 32767
903604668 16383
903621051 4095
903625146 1023
903626169 255
903626424 31
903626455 7
903626462 6
388057920 388057920
776115840 123437119
899552959 4194303
903747262 262143
904009405 148110
904157515 65535
904223050 16383
904239433 2047
904241480 511
904241991 15
904242006 14
388057920 388057920
776115840 123437119
899552959 4194303
903747262 524287
904271549 8191
904279740 4095
904283835 2047
904285882 1023
904286905 127
904287032 63
904287095 15
904287110 7
904287117 3
904287120 1
388057920 388057920
776115840 129696942
905812782 2097151
907909933 524287
908434220 262143
908696363 65535
908761898 32767
908794665 8191
908802856 1023
908803879 511
908804390 127
908804517 31
908804548 15
908804563 2
388057920 388057920
776115840 129696942
905812782 2097151
907909933 524287
908434220 262143
908696363 148110
908844473 32767
908877240 16383
908893623 2047
908895670 511
908896181 15
908896196 7
908896203 3
908896206 2
388057920 388057920
776115840 129696942
905812782 3346545
909159327 65535
909224862 32767
909257629 16383
909274012 4095
909278107 2047
909280154 255
909280409 15
909280424 3
909280427 1
388057920 388057920
776115840 134217696
910333536 2097151
912430687 148110
912578797 32767
912611564 2047
912613611 1023
912614634 255
912614889 7
912614896 3
912614899 2
388057920 388057920
776115840 134217696
910333536 2097151
912430687 262143
912692830 131070
912823900 2047
912825947 1023
912826970 255
912827225 7
912827232 6
388057920 388057920
776115840 138411999
914527839 1048574
915576413 262143
915838556 148110
915986666 65535
916052201 16383
916068584 4095
916072679 1023
916073702 511
916074213 255
916074468 127
916074595 3
916074598 2
388057920 388057920
776115840 138411999
914527839 1681868
916209707 148110
916357817 32767
916390584 8191
916398775 1023
916399798 511
916400309 255
916400564 63
388057920 388057920
776115840 138411999
914527839 2097151
916624990 262143
916887133 16383
916903516 4095
916907611 511
916908122 255
916908377 127
916908504 31
916908535 3
916908538 2
388057920 388057920
776115840 138411999
914527839 2097151
916624990 524287
917149277 65535
917214812 16383
917231195 8191
917239386 4095
917243481 511
917243992 255
917244247 127
917244374 31
917244405 7
917244412 1
388057920 388057920
776115840 138411999
914527839 2097151
916624990 524287
917149277 262143
917411420 65535
917476955 32767
917509722 4095
917513817 2047
917515864 1023
917516887 511
917517398 15
917517413 3
917517416 1
388057920 388057920
776115840 141758544
917874384 16383
917890767 2047
917892814 1023
917893837 511
917894348 255
917894603 15
917894618 2
388057920 388057920
776115840 142606302
918722142 1681868
920404010 148110
920552120 32767
920584887 16383
920601270 1023
920602293 511
920602804 255
920603059 127
920603186 31
920603217 7
920603224 3
920603227 1
388057920 388057920
776115840 144913655
921029495 65535
921095030 32767
921127797 16383
921144180 8191
921152371 4095
921156466 511
921156977 255
921157232 63
921157295 31
921157326 15
921157341 6
388057920 388057920
776115840 146871146
922986986 32767
923019753 16383
923036136 8191
923044327 255
923044582 63
923044645 7
923044652 3
923044655 1
388057920 388057920
776115840 150397708
926513548 1681868
928195416 262143
928457559 8191
928465750 4095
928469845 2047
928471892 1023
928472915 511
928473426 255
928473681 31
928473712 15
388057920 388057920
776115840 152476350
928592190 524287
929116477 262143
929378620 148110
929526730 65535
929592265 8191
929600456 2047
929602503 255
929602758 15
929602773 7
929602780 3
388057920 388057920
776115840 152476350
928592190 1681868
930274058 16383
930290441 4095
930294536 2047
930296583 255
930296838 63
930296901 31
930296932 15
930296947 7
930296954 2
388057920 388057920
776115840 155572442
931688282 262143
931950425 148110
932098535 65535
932164070 4095
932168165 2047
932170212 511
932170723 127
932170850 15
932170865 3
932170868 1
388057920 388057920
776115840 155572442
931688282 524287
932212569 262143
932474712 65535
932540247 16383
932556630 8191
932564821 511
932565332 255
932565587 127
932565714 63
932565777 31
932565808 15
932565823 7
932565830 2
388057920 388057920
776115840 155572442
931688282 2097151
933785433 65535
933850968 8191
933859159 511
933859670 15
933859685 7
933859692 3
933859695 1
388057920 388057920
776115840 161821579
937937419 32767
937970186 2047
937972233 1023
937973256 31
937973287 15
937973302 7
388057920 388057920
776115840 163389616
939505456 262143
939767599 32767
939800366 16383
939816749 4095
939820844 127
939820971 15
939820986 7
939820993 2
388057920 388057920
776115840 163389616
939505456 1572861
941078317 32767
941111084 16383
941127467 4095
941131562 2047
941133609 1023
941134632 255
941134887 127
941135014 31
941135045 15
941135060 7
388057920 388057920
776115840 165486767
941602607 148110
941750717 65535
941816252 8191
941824443 4095
941828538 2047
941830585 511
941831096 15
941831111 1
388057920 388057920
776115840 167772120
943887960 2097151
945985111 262143
946247254 65535
946312789 32767
946345556 16383
946361939 2047
946363986 511
946364497 255
946364752 127
946364879 31
946364910 15
946364925 3
946364928 1
388057920 388057920
776115840 175353028
951468868 148110
951616978 32767
951649745 16383
951666128 8191
951674319 4095
951678414 2047
951680461 1023
951681484 511
951681995 255
951682250 31
951682281 15
951682296 7
951682303 6
476138283 476138283
952276566 3346545
955623111 262143
955885254 148110
956033364 65535
956098899 32767
956131666 8191
956139857 63
956139920 31
956139951 7
480332586 480332586
960665172 524287
961189459 131070
961320529 1023
961321552 255
961321807 127
961321934 7
961321941 3
480878050 480878050
961756100 524287
962280387 65535
962345922 8191
962354113 511
480878050 480878050
961756100 524287
962280387 262143
962542530 148110
962690640 32767
962723407 8191
962731598 4095
962735693 1023
962736716 511
962737227 127
962737354 63
962737417 14
485391393 485391393
970782786 524287
971307073 262143
971569216 16383
971585599 8191
971593790 4095
971597885 2047
971599932 63
971599995 15
971600010 7
971600017 3
485391393 485391393
970782786 1681868
972464654 148110
972612764 65535
972678299 8191
972686490 4095
972690585 2047
972692632 1023
972693655 255
972693910 15
485391393 485391393
970782786 2097151
972879937 65535
972945472 4095
972949567 1023
972950590 127
972950717 63
972950780 31
972950811 15
972950826 7
972950833 3
485391393 485391393
970782786 2097151
972879937 524287
973404224 262143
973666367 16383
973682750 8191
973690941 2047
973692988 1023
973694011 511
973694522 255
973694777 31
485391393 485391393
970782786 4194303
974977089 148110
975125199 65535
975190734 8191
975198925 1023
975199948 255
975200203 3
485391393 485391393
970782786 4194303
974977089 1048574
976025663 262143
976287806 148110
976435916 65535
976501451 8191
976509642 255
976509897 31
976509928 15
976509943 3
976509946 1
485391393 485391393
970782786 4194303
974977089 2097151
977074240 524287
977598527 262143
977860670 65535
977926205 8191
977934396 4095
977938491 255
977938746 31
977938777 1
485391393 485391393
970782786 4194303
974977089 2097151
977074240 1048574
978122814 148110
978270924 32767
978303691 8191
978311882 4095
978315977 1023
978317000 63
978317063 7
978317070 6
490522300 490522300
981044600 2097151
983141751 262143
983403894 8191
983412085 4095
983416180 1023
983417203 511
983417714 255
983417969 127
983418096 63
983418159 62
492619451 492619451
985238902 131070
985369972 8191
985378163 4095
985382258 31
985382289 6
492619451 492619451
985238902 148110
985387012 65535
985452547 8191
985460738 4095
985464833 15
985464848 7
985464855 3
985464858 2
493405881 493405881
986811762 262143
987073905 2047
987075952 255
987076207 127
987076334 63
987076397 6
493748476 493748476
987496952 8388606
995885558 1638396
997523954 2047
997526001 1023
997527024 511
997527535 255
997527790 127
997527917 63
997527980 31
997528011 15
997528026 2
493748476 493748476
987496952 8388606
995885558 2097151
997982709 148110
998130819 65535
998196354 32767
998229121 8191
998237312 2047
998239359 511
998239870 127
998239997 31
998240028 15
998240043 7
