2061
1 1
2 1
1 2
3 1
3 2
3 4
4 5
5 4
9 1
5 4
9 2
5 7
12 1
9 7
16 1
10 9
12 13
13 12
25 3
13 16
13 16
29 2
17 16
17 16
33 2
17 19
36 5
17 19
36 7
29 29
58 1
33 31
64 1
33 33
66 1
36 36
72 1
43 36
79 3
43 36
79 4
36 43
79 5
84 1
36 43
79 9
88 1
36 43
79 12
36 43
79 17
96 1
58 43
101 12
64 65
66 65
66 67
133 4
72 73
79 73
152 3
101 97
198 11
129 113
242 2
129 113
242 3
113 129
242 5
113 129
242 9
113 129
242 13
255 2
113 129
242 17
131 133
264 1
137 133
270 5
137 145
282 1
152 155
152 155
307 29
336 1
198 155
353 17
370 1
242 257
242 259
501 12
242 259
501 13
514 1
242 259
501 19
520 1
270 265
535 4
307 283
590 3
353 370
723 7
353 370
723 7
730 1
353 370
723 9
732 1
353 370
723 13
736 1
371 370
741 4
371 370
741 13
754 1
371 370
741 19
760 1
371 370
741 43
784 9
371 370
741 113
854 3
371 499
870 113
983 2
520 501
1021 4
520 501
1021 5
1026 1
520 501
1021 12
520 521
1041 9
1050 1
535 539
1074 31
590 593
1183 58
590 593
1183 79
1262 5
857 870
1727 25
1752 1
1027 1021
2048 1
1027 1021
2048 3
1033 1021
2054 3
1033 1041
2074 1
1074 1051
2125 4
1074 1105
2179 9
1074 1105
2179 9
2188 1
1074 1105
2179 12
1074 1105
2179 16
1074 1105
2179 19
2198 5
1074 1105
2179 36
2215 4
1074 1105
2179 72
1183 1105
2288 3
1183 1105
2288 25
2313 2
1183 1241
2424 19
1267 1262
2529 155
2684 13
2697 2
1267 1262
2529 242
2771 5
2776 1
1267 1727
2994 209
3203 7
3210 1
2048 2049
2048 2051
2054 2051
2054 2057
4111 12
2074 2075
4149 28
2125 2075
4200 35
2179 2129
4308 31
2424 2315
4739 79
4818 7
3203 2994
6197 79
6276 7
3210 3211
6421 137
6558 4
3211 3210
6421 137
6558 5
3211 3210
6421 137
6558 7
3211 3210
6421 145
6566 3
3211 3210
6421 155
6576 1
3211 3210
6421 155
6576 17
3211 3210
6421 198
6619 5
6624 1
3211 3210
6421 265
6686 3
3211 3210
6421 371
6792 25
3211 3210
6421 593
7014 59
3211 4097
7308 275
7583 2
3211 4097
7308 870
8178 13
8191 2
3211 4097
7308 870
8178 17
4099 4097
8196 5
4111 4105
8216 3
4149 4123
8272 1
4200 4235
4308 4235
8543 66
4308 4339
8647 270
8917 4
4825 4818
9643 736
4825 4818
9643 985
10628 29
7308 7308
14616 137
8178 8195
16373 12
8178 8195
16373 13
16386 1
8196 8195
16391 2
8196 8201
16397 13
16410 1
8216 8219
16435 29
16464 1
8272 8273
16545 79
16624 3
8435 8543
16978 133
17111 2
9643 8921
18564 7
9643 9643
19286 371
19657 25
19682 2
9643 9643
19286 371
19657 28
9643 9643
19286 371
19657 29
19686 1
9643 9643
19286 371
19657 33
19690 1
9643 9643
19286 371
19657 36
19693 5
19698 1
9643 9643
19286 371
19657 58
9643 9643
19286 371
19657 79
19736 11
9643 9643
19286 521
19807 4
9643 9643
19286 593
19879 59
19938 1
10379 9643
20022 155
20177 17
20194 1
10628 9643
20271 371
20642 65
10628 10657
21285 371
21656 73
21729 2
10628 10657
21285 1267
22552 371
22923 19
22942 3
10628 10657
21285 2443
23728 43
23771 7
23778 1
14616 10657
25273 2529
27802 73
16386 16373
32759 9
32768 1
16386 16373
32759 12
16386 16387
32773 4
16397 16393
32790 5
16411 16435
32846 3
16545 16465
33010 1
16627 16624
33251 242
33493 4
17111 17113
34224 723
34947 7
34954 1
18564 17113
35677 371
36048 19
19879 19286
39165 155
39320 9
23779 25273
49052 3211
52263 155
52418 33
27802 27875
55677 3211
58888 155
59043 7
27802 27875
55677 3211
58888 155
59043 7
59050 1
27802 27875
55677 3211
58888 155
59043 9
59052 1
27802 27875
55677 3211
58888 155
59043 13
59056 1
27802 27875
55677 3211
58888 155
59043 19
59062 3
27802 27875
55677 3211
58888 155
59043 36
59079 2
27802 27875
55677 3211
58888 209
59097 16
27802 27875
55677 3211
58888 283
59171 5
59176 1
27802 27875
55677 3211
58888 371
59259 43
59302 3
27802 27875
55677 3211
58888 593
59481 79
59560 1
27802 27875
55677 4339
60016 43
60059 13
60072 1
32759 27875
60634 371
61005 79
61084 13
32759 27875
60634 2443
63077 67
63144 1
32771 32759
65530 7
32771 32759
65530 9
32771 32773
65544 1
32777 32773
65550 13
32795 32790
65585 31
65616 1
32849 32846
65695 79
65774 5
33011 33251
66262 3
33493 33497
66990 242
67232 9
34224 33497
67721 2
35677 36048
71725 371
72096 1
36067 39165
75232 198
75430 3
39320 39329
78649 6421
85070 145
85215 4
49052 39329
88381 3211
91592 209
91801 16
60634 63077
123711 870
124581 4
65539 65530
131069 4
65539 65530
131069 5
131074 1
65530 65539
131069 12
65550 65545
131095 4
65585 65563
131148 5
65617 65695
131312 3
65774 65779
131553 242
131795 5
131800 1
66990 66265
133255 4
67723 67721
135444 2179
137623 9
137632 1
75232 75430
150662 79
150741 13
150754 1
85219 88381
173600 3211
176811 337
85219 88381
173600 3211
176811 337
177148 1
85219 88381
173600 3211
176811 337
177148 3
85219 88381
173600 3211
176811 337
177148 7
85219 88381
173600 3211
176811 337
177148 13
177161 2
85219 88381
173600 3211
176811 353
177164 13
177177 2
85219 88381
173600 3211
176811 371
177182 29
85219 88381
173600 3211
176811 371
177182 79
177261 13
177274 1
85219 88381
173600 3211
176811 590
177401 2
85219 88381
173600 3211
176811 741
177552 101
177653 5
177658 1
85219 88381
173600 4339
177939 209
178148 19
178167 4
85219 88381
173600 4825
178425 741
179166 29
91592 88381
179973 1267
181240 3
91817 91801
183618 1267
184885 371
185256 79
185335 4
91817 91801
183618 6421
190039 79
190118 3
91817 91801
183618 9643
193261 270
91817 91801
183618 25273
208891 1021
209912 3
91817 123711
215528 25273
240801 1753
242554 129
131069 131075
262144 1
131069 131075
262144 3
131069 131081
262150 3
131069 131081
262150 19
262169 2
131095 131099
262194 31
131148 131153
262301 79
262380 7
131553 131315
262868 5
131800 131801
263601 723
264324 7
135444 133259
268703 2
137632 137633
275265 6421
281686 137
281823 4
150754 150755
301509 6421
307930 283
308213 5
308218 1
150754 150755
301509 19286
320795 371
321166 25
321191 2
215528 209915
425443 10657
436100 2994
439094 155
439249 36
439285 5
439290 1
262144 262145
262144 262147
262150 262147
262153 262150
524303 12
262194 262171
524365 4
262301 262225
524526 5
262387 262380
524767 242
525009 7
525016 1
262873 263601
526474 1
264324 264331
528655 2179
530834 13
530847 2
264324 264331
528655 2777
531432 9
531441 1
264324 264331
528655 2777
531432 11
264324 264331
528655 2777
531432 13
264324 264331
528655 2777
531432 17
264324 264331
528655 2777
531432 25
264324 264331
528655 2777
531432 36
531468 5
264324 264331
528655 2777
531432 73
264324 264331
528655 2777
531432 137
264324 264331
528655 2994
531649 43
531692 5
264324 264331
528655 3211
531866 79
531945 7
531952 1
264324 264331
528655 3211
531866 593
532459 5
532464 1
268703 264331
533034 371
533405 79
533484 5
268703 264331
533034 2443
535477 59
535536 1
268703 268705
537408 2179
539587 43
539630 3
275265 268705
543970 1
275265 268705
543970 3211
547181 593
547774 43
547817 7
547824 1
281823 281827
563650 539
564189 19
564208 1
301509 281827
583336 1
301509 281827
583336 10657
593993 2777
596770 198
596968 9
321191 321193
642384 20022
662406 101
662507 5
662512 1
321191 321193
642384 55677
698061 3211
701272 155
701427 7
701434 1
425443 321193
746636 39329
785965 7308
793273 307
793580 5
439291 524289
963580 78649
1042229 6283
1048512 65
439291 524289
963580 78649
1042229 6283
1048512 67
524291 524289
1048580 5
524303 524297
1048600 3
524303 524315
1048618 36
1048654 3
524365 524369
1048734 79
1048813 5
1048818 1
524767 524531
1049298 7
525016 525017
1050033 723
1050756 7
528655 526475
1055130 7
528655 526475
1055130 593
1055723 5
1055728 1
533034 533489
1066523 1727
1068250 9
547824 547825
1095649 10657
1106306 1267
1107573 43
1107616 9
596968 596977
1193945 27875
1221820 3211
1225031 593
1225624 97
1225721 2
785965 793273
1579238 741
1579979 36
1580015 2
793580 793585
1587165 7073
1594238 79
1594317 7
793580 793585
1587165 7073
1594238 79
1594317 7
1594324 1
793580 793585
1587165 7073
1594238 79
1594317 9
1594326 1
793580 793585
1587165 7073
1594238 79
1594317 13
1594330 1
793580 793585
1587165 7073
1594238 101
793580 793585
1587165 7073
1594238 113
1594351 4
793580 793585
1587165 7073
1594238 145
1594383 4
793580 793585
1587165 7073
1594238 209
1594447 4
793580 793585
1587165 7308
1594473 101
1594574 5
793580 793585
1587165 7308
1594473 353
1594826 9
793580 793585
1587165 8178
1595343 4
793580 793585
1587165 8921
1596086 283
1596369 2
793580 793585
1587165 10657
1597822 593
1598415 4
793580 793585
1587165 14753
1601918 593
1602511 4
793580 793585
1587165 21285
1608450 2251
1610701 5
1610706 1
793580 793585
1587165 39329
1626494 593
1627087 4
793580 793585
1587165 72097
1659262 593
1659855 4
793580 793585
1587165 137633
1724798 593
1725391 4
963580 793585
1757165 91817
1848982 7308
1856290 155
1856445 19
1856464 3
1048512 1048579
2097091 59
2097150 3
1048512 1048579
2097091 64
1048580 1048579
2097159 2
1048580 1048585
2097165 13
2097178 1
1048618 1048603
2097221 12
1048657 1048734
2097391 4
1048819 1048818
2097637 242
2097879 2
1049305 1050033
2099338 1
1050756 1050763
2101519 2179
2103698 13
2103711 2
1055728 1055729
2111457 4825
2116282 539
2116821 13
2116834 1
1055728 1055729
2111457 7073
2118530 79
2118609 2
1068259 1068250
2136509 19286
2155795 371
2156166 35
1107616 1107625
2215241 55677
2270918 3211
2274129 155
2274284 13
2274297 2
1225721 1225723
2451444 173600
2625044 3211
2628255 337
2628592 1
1225721 1225723
2451444 183618
2635062 7308
2642370 521
2642891 7
2642898 1
1757165 1848982
3606147 85219
3691366 101
3691467 7
3691474 1
2097091 2097155
4194246 59
2097091 2097155
4194246 59
4194305 2
2097091 2097155
4194246 67
2097165 2097161
4194326 5
2097179 2097178
4194357 28
2097233 2097221
4194454 79
4194533 13
4194546 1
2097395 2097637
4195032 1
2097879 2097881
4195760 723
4196483 7
4196490 1
2101519 2099339
4200858 7
2103711 2103713
4207424 6421
4213845 137
4213982 5
2118609 2118611
4237220 14753
4251973 1267
4253240 113
2215241 2156201
4371442 9
2451444 2274299
4725743 2
2451444 2274299
4725743 55677
4781420 1267
4782687 283
2451444 2274299
4725743 55677
4781420 1267
4782687 283
4782970 1
2451444 2274299
4725743 55677
4781420 1267
4782687 283
4782970 3
2451444 2274299
4725743 55677
4781420 1267
4782687 283
4782970 7
2451444 2274299
4725743 55677
4781420 1267
4782687 283
4782970 13
4782983 2
2451444 2274299
4725743 55677
4781420 1267
4782687 307
4782994 7
2451444 2274299
4725743 55677
4781420 1267
4782687 337
4783024 9
2451444 2274299
4725743 55677
4781420 1267
4782687 371
4783058 36
4783094 3
2451444 2274299
4725743 55677
4781420 1753
4783173 43
4783216 9
2451444 2274299
4725743 55677
4781420 2057
4783477 4
2451444 2274299
4725743 55677
4781420 2529
4783949 43
4783992 1
2451444 2274299
4725743 55677
4781420 3211
4784631 371
4785002 13
4785015 2
2451444 2274299
4725743 60634
4786377 593
4786970 79
4787049 16
2451444 2274299
4725743 63145
4788888 2251
4791139 19
4791158 3
2451444 2274299
4725743 72097
4797840 1267
4799107 242
4799349 4
2451444 2274299
4725743 88381
4814124 1267
4815391 337
4815728 9
2451444 2274299
4725743 91817
4817560 27875
4845435 2994
4848429 73
4848502 3
2451444 2451444
4902888 10657
4913545 371
4913916 113
4914029 12
2451444 2451444
4902888 137633
5040521 4339
5044860 242
5045102 11
2642899 2642898
5285797 21285
5307082 155
5307237 19
5307256 1
2642899 2642898
5285797 439291
5725088 63145
5788233 371
5788604 19
5788623 4
2642899 2642898
5285797 543970
5829767 1753
5831520 25
2642899 3606147
6249046 596977
6846023 33497
6879520 593
6880113 7
6880120 1
4194246 4194313
8388559 43
8388602 7
4194246 4194313
8388559 43
8388602 9
4194246 4194313
8388559 58
4194246 4194313
8388559 73
8388632 3
4194357 4194331
8388688 1
4194454 4194385
8388839 12
4194546 4194547
8389093 242
8389335 2
4195760 4195033
8390793 2
4196490 4196491
8392981 2179
8395160 9
4207424 4200865
8408289 2
4213982 4213987
8427969 19286
8447255 371
8447626 31
4253240 4253353
8506593 55677
8562270 3211
8565481 270
8565751 4
4371442 4371451
8742893 173600
8916493 3211
8919704 337
8920041 7
8920048 1
4371442 4371451
8742893 215528
8958421 18571
8976992 275
8977267 5
8977272 1
5040521 4902888
9943409 39329
9982738 155
9982893 36
9982929 2
6249046 6846023
13095069 75433
13170502 1074
13171576 1
6880120 6880121
13760241 583336
14343577 4825
14348402 501
14348903 5
6880120 6880121
13760241 583336
14343577 4825
14348402 501
14348903 5
14348908 1
6880120 6880121
13760241 583336
14343577 4825
14348402 501
14348903 7
14348910 1
6880120 6880121
13760241 583336
14343577 4825
14348402 501
14348903 12
6880120 6880121
13760241 583336
14343577 4825
14348402 521
6880120 6880121
13760241 583336
14343577 4825
14348402 535
14348937 2
6880120 6880121
13760241 583336
14343577 4825
14348402 539
14348941 29
14348970 1
6880120 6880121
13760241 583336
14343577 4825
14348402 593
14348995 36
14349031 4
6880120 6880121
13760241 583336
14343577 4825
14348402 741
14349143 19
14349162 1
6880120 6880121
13760241 583336
14343577 4825
14348402 985
14349387 31
14349418 1
6880120 6880121
13760241 583336
14343577 6283
14349860 67
14349927 4
6880120 6880121
13760241 583336
14343577 7308
14350885 67
14350952 3
6880120 6880121
13760241 583336
14343577 8921
14352498 501
14352999 4
6880120 6880121
13760241 596770
14357011 79
14357090 9
6880120 6880121
13760241 596977
14357218 7308
14364526 741
14365267 19
14365286 5
6880120 6880121
13760241 596977
14357218 23779
14380997 593
14381590 79
14381669 5
14381674 1
6880120 6880121
13760241 642384
14402625 10657
14413282 1105
14414387 43
14414430 13
6880120 6880121
13760241 701435
14461676 17113
14478789 1183
14479972 7
6880120 6880121
13760241 793585
14553826 55677
14609503 1267
14610770 275
14611045 5
14611050 1
6880120 6880121
13760241 1107625
14867866 4825
14872691 501
14873192 3
8388559 6880121
15268680 124585
15393265 4200
15397465 17
15397482 1
8388559 6880121
15268680 1107625
16376305 67723
16444028 1753
16445781 275
16446056 3
8388559 8388632
16777191 25
16777216 1
8388559 8388632
16777191 28
8388559 8388632
16777191 33
16777224 1
8388559 8388632
16777191 43
16777234 9
8388635 8388632
16777267 29
16777296 1
8388689 8388688
16777377 79
16777456 3
8388851 8389093
16777944 1
8389335 8389337
16778672 723
16779395 7
16779402 1
8392981 8390795
16783776 1
8395169 8395160
16790329 6421
16796750 145
16796895 4
8408291 8427969
16836260 5
8447657 8506593
16954250 113
8742893 8565755
17308648 9
8977273 8977272
17954545 321193
18275738 91817
18367555 3211
18370766 741
18371507 31
18371538 1
8977273 8977272
17954545 583336
18537881 4825
18542706 501
18543207 4
9982929 9982931
19965860 1587165
21553025 7073
21560098 79
21560177 7
21560184 1
9982929 9982931
19965860 2642899
22608759 124585
22733344 4149
22737493 19
22737512 3
15268680 15397483
30666163 439291
31105454 20642
31126096 25
31126121 2
16777234 16777191
33554425 7
33554432 1
16777234 16777191
33554425 9
33554434 1
16777234 16777191
33554425 16
16777234 16777191
33554425 33
33554458 1
16777267 16777243
33554510 3
16777297 16777377
33554674 1
16777456 16777459
33554915 242
33555157 4
16778672 16777945
33556617 2
16779402 16779403
33558805 2179
33560984 9
16790329 16783777
33574106 9
16796895 16796899
33593794 19286
33613080 371
33613451 29
33613480 1
16836260 16836265
33672525 55677
33728202 3211
33731413 155
33731568 11
16954250 16954363
33908613 173600
34082213 3211
34085424 371
34085795 73
34085868 5
17308648 17308657
34617305 528655
35145960 2777
35148737 17
35148754 1
18543207 18543211
37086418 1225723
38312141 23779
38335920 1267
38337187 209
38337396 5
22608759 19965860
42574619 439291
43013910 32795
43046705 17
22608759 19965860
42574619 439291
43013910 32795
43046705 17
43046722 1
22608759 19965860
42574619 439291
43013910 32795
43046705 19
43046724 1
22608759 19965860
42574619 439291
43013910 32795
43046705 19
43046724 5
22608759 19965860
42574619 439291
43013910 32795
43046705 31
43046736 1
22608759 19965860
42574619 439291
43013910 32795
43046705 43
43046748 5
22608759 19965860
42574619 439291
43013910 32849
43046759 25
43046784 1
22608759 19965860
42574619 439291
43013910 32849
43046759 79
43046838 11
22608759 19965860
42574619 439291
43013910 33011
43046921 43
43046964 13
22608759 19965860
42574619 439291
43013910 33251
43047161 72
22608759 19965860
42574619 439291
43013910 33497
43047407 337
43047744 1
22608759 19965860
42574619 439291
43013910 34224
43048134 593
43048727 36
43048763 5
43048768 1
22608759 19965860
42574619 439291
43013910 36067
43049977 741
43050718 97
43050815 2
22608759 19965860
42574619 439291
43013910 39329
43053239 1267
43054506 371
43054877 36
22608759 19965860
42574619 439291
43013910 49052
43062962 137
43063099 5
43063104 1
22608759 19965860
42574619 439291
43013910 65563
43079473 16
22608759 19965860
42574619 537408
43112027 209
43112236 19
43112255 2
22608759 19965860
42574619 596977
43171596 6197
22608759 19965860
42574619 701435
43276054 32795
43308849 16
22608759 19965860
42574619 963580
43538199 32795
43570994 13
43571007 2
22608759 19965860
42574619 1225723
43800342 281827
44082169 10657
44092826 2443
44095269 28
22608759 19965860
42574619 2451444
45026063 91817
45117880 25273
45143153 593
45143746 113
45143859 13
45143872 1
22737515 22737512
45475027 1757165
47232192 8647
47240839 155
47240994 31
22737515 22737512
45475027 2274299
47749326 150755
47900081 3211
47903292 43
47903335 4
22737515 22737512
45475027 5831545
51306572 124585
51431157 4149
51435306 19
51435325 4
22737515 30666163
53403678 6249046
59652724 150755
59803479 20271
59823750 155
59823905 31
59823936 1
33554425 33554425
67108850 13
67108863 2
33554425 33554441
67108866 1
33554425 33554441
67108866 7
33554425 33554458
67108883 7
67108890 1
33554459 33554458
67108917 28
33554513 33554510
67109023 79
67109102 5
33554675 33554915
67109590 3
33555157 33555161
67110318 723
67111041 9
67111050 1
33558805 33556619
67115424 1
33560993 33560984
67121977 6421
67128398 145
67128543 4
33574115 33593794
67167909 4
33672525 33613481
67286006 5
33731579 33908613
67640192 113
34085873 34617305
68703178 9
35148754 35148755
70297509 1587165
71884674 7073
71891747 79
71891826 7
37086418 38312141
75398559 1193945
76592504 8647
76601151 2
42574619 38337401
80912020 543970
81455990 1753
81457743 28
53403678 51435329
104839007 5285797
110124804 27875
110152679 2777
110155456 129
59823937 67108850
126932787 2156201
129088988 49052
129138040 2075
129140115 43
129140158 5
129140163 1
59823937 67108850
126932787 2156201
129088988 49052
129138040 2125
59823937 67108850
126932787 2156201
129088988 49052
129138040 2125
129140165 2
59823937 67108850
126932787 2156201
129088988 49052
129138040 2129
129140169 2
59823937 67108850
126932787 2156201
129088988 49052
129138040 2129
129140169 9
129140178 1
59823937 67108850
126932787 2156201
129088988 49052
129138040 2129
129140169 25
129140194 1
59823937 67108850
126932787 2156201
129088988 49052
129138040 2179
129140219 7
129140226 1
59823937 67108850
126932787 2156201
129088988 49052
129138040 2251
59823937 67108850
126932787 2156201
129088988 49052
129138040 2315
129140355 64
59823937 67108850
126932787 2156201
129088988 49052
129138040 2529
129140569 101
129140670 5
59823937 67108850
126932787 2156201
129088988 49052
129138040 2994
129141034 152
129141186 1
59823937 67108850
126932787 2156201
129088988 52451
129141439 741
129142180 31
59823937 67108850
126932787 2156201
129088988 52451
129141439 2777
129144216 43
59823937 67108850
126932787 2215241
129148028 307
129148335 19
129148354 1
59823937 67108850
126932787 2215241
129148028 8435
129156463 79
129156542 5
59823937 67108850
126932787 2215241
129148028 23779
129171807 1105
129172912 19
59823937 67108850
126932787 2270918
129203705 1753
129205458 209
129205667 31
129205698 1
59823937 67108850
126932787 2274299
129207086 63145
129270231 985
129271216 19
59823937 67108850
126932787 2451444
129384231 17113
129401344 870
129402214 79
129402293 13
129402306 1
59823937 67108850
126932787 2642899
129575686 88381
129664067 371
129664438 13
59823937 67108850
126932787 2642899
129575686 596977
130172663 14753
130187416 1267
130188683 43
130188726 13
59823937 67108850
126932787 4253353
131186140 49052
131235192 2075
131237267 43
131237310 5
59823937 67108850
126932787 6249046
133181833 150755
133332588 1753
133334341 113
133334454 13
67108863 67108865
134217728 1
67108866 67108865
67108866 67108867
134217733 4
67108866 67108873
134217739 16
67108891 67108917
134217808 1
67108945 67109023
134217968 3
67109102 67109107
134218209 242
134218451 5
134218456 1
67110318 67109593
134219911 4
67111050 67111051
134222101 2179
134224280 9
67121977 67115425
134237402 9
67128543 67128547
134257090 19286
134276376 371
134276747 29
134276776 1
67167909 67167913
134335822 55677
134391499 3211
134394710 155
134394865 9
134394874 1
67286006 67286011
134572017 173600
134745617 3211
134748828 337
134749165 4
67640192 67640305
135280497 528655
135809152 2777
135811929 113
135812042 9
68703178 68703187
137406365 91817
137498182 27875
137526057 2529
137528586 155
137528741 29
137528770 1
70297509 68703187
139000696 1
71891833 71891826
143783659 2118611
145902270 14753
145917023 353
145917376 3
71891833 75398559
147290392 1225723
148516115 49052
148565167 1267
148566434 198
148566632 3
81455990 80912020
162368010 321193
162689203 4825
162694028 539
162694567 28
81457771 81457743
162915514 13760241
176675755 583336
177259091 4825
177263916 521
177264437 12
81457771 104839007
186296778 9943409
196240187 8647
196248834 155
196248989 36
196249025 2
133181833 126932787
260114620 2642899
262757519 596977
263354496 3211
263357707 155
263357862 29
134217729 134217728
134217728 134217729
268435457 2
134217731 134217733
268435464 1
134217737 134217739
268435476 7
134217755 134217739
268435494 43
134217809 134217808
268435617 79
268435696 3
134217971 134218209
268436180 5
134218457 134218456
268436913 723
268437636 7
134219915 134222101
268442016 1
134224280 134224289
268448569 6421
268454990 145
268455135 4
134257090 134237411
268494501 4
134276777 134335822
268612599 4
134394875 134572017
268966892 5
135280497 134749169
270029666 113
135812051 137406365
273218416 9
143783659 139000697
282784356 7
148566635 162368010
310934645 547181
311481826 337
311482163 13
311482176 1
186296778 196240187
382536965 4848505
387385470 34955
387420425 65
186296778 196240187
382536965 4848505
387385470 34955
387420425 66
186296778 196240187
382536965 4848505
387385470 34955
387420425 67
387420492 1
186296778 196240187
382536965 4848505
387385470 34955
387420425 72
186296778 196240187
382536965 4848505
387385470 34955
387420425 79
387420504 1
186296778 196240187
382536965 4848505
387385470 34955
387420425 96
186296778 196240187
382536965 4848505
387385470 34955
387420425 113
387420538 13
387420551 2
186296778 196240187
382536965 4848505
387385470 34955
387420425 155
387420580 36
387420616 1
186296778 196240187
382536965 4848505
387385470 34955
387420425 307
387420732 13
186296778 196240187
382536965 4848505
387385470 34955
387420425 539
387420964 36
387421000 1
186296778 196240187
382536965 4848505
387385470 35677
387421147 353
387421500 13
186296778 196240187
382536965 4848505
387385470 36067
387421537 985
387422522 13
387422535 2
186296778 196240187
382536965 4848505
387385470 36067
387421537 2994
387424531 43
387424574 11
186296778 196240187
382536965 4848505
387385470 39329
387424799 3211
387428010 593
387428603 73
387428676 5
186296778 196240187
382536965 4848505
387385470 49052
387434522 2315
387436837 36
186296778 196240187
382536965 4902888
387439853 10657
387450510 2529
387453039 209
387453248 9
186296778 196240187
382536965 4902888
387439853 39329
387479182 6421
387485603 371
387485974 43
387486017 7
387486024 1
186296778 196240187
382536965 4902888
387439853 91817
387531670 19879
387551549 12
186296778 196240187
382536965 5045113
387582078 91817
387673895 8647
387682542 79
387682621 12
186296778 196240187
382536965 5285797
387822762 91817
387914579 27875
387942454 2315
387944769 7
387944776 1
186296778 196240187
382536965 5831545
388368510 91817
388460327 8647
388468974 79
388469053 12
186296778 196240187
382536965 6880121
389417086 91817
389508903 8647
389517550 79
389517629 12
186296778 196240187
382536965 8977273
391514238 91817
391606055 8647
391614702 79
391614781 12
196249025 196249027
392498052 2642899
395140951 642384
395783335 25273
395808608 371
395808979 113
395809092 5
196249025 196249027
392498052 5045113
397543165 27875
397571040 4339
397575379 209
397575588 31
196249025 196249027
392498052 9982931
402480983 1587165
404068148 124585
404192733 4825
404197558 145
404197703 2
196249025 196249027
392498052 22737515
415235567 5285797
420521364 439291
420960655 10657
420971312 3211
420974523 371
420974894 25
420974919 2
196249025 196249027
392498052 59823937
452321989 2156201
454478190 49052
454527242 2075
454529317 36
260114620 196249027
456363647 59823937
516187584 5285797
521473381 150755
521624136 10657
521634793 3211
521638004 209
521638213 4
268435457 263357891
531793348 5045113
536838461 27875
536866336 4339
536870675 209
536870884 29
268435457 268435457
536870914 1
268435459 268435457
536870916 5
268435465 268435464
536870929 9
536870938 1
268435483 268435494
536870977 16
268435537 268435617
536871154 1
268435696 268435699
536871395 242
536871637 4
268436913 268436185
536873098 1
268437643 268437636
536875279 2179
536877458 13
536877471 2
268442017 268448569
536890586 9
268455139 268455135
536910274 19286
536929560 371
536929931 29
536929960 1
268494505 268494501
536989006 55677
537044683 3211
537047894 155
537048049 9
537048058 1
268612603 268612599
537225202 173600
537398802 3211
537402013 337
537402350 3
268966897 268966892
537933789 528655
538462444 2777
538465221 13
538465234 1
270029779 270029666
540059445 1587165
541646610 7073
541653683 198
273218425 273218416
546436841 4725743
551162584 55677
551218261 1267
551219528 283
551219811 7
551219818 1
282784363 282784356
565568719 13760241
579328960 583336
579912296 4825
579917121 501
579917622 11
311482176 311482177
622964353 31126123
654090476 1757165
655847641 8273
655855914 31
311482176 311482177
622964353 42574619
665538972 439291
665978263 32795
666011058 17
456363647 454529353
910893000 13171577
924064577 215528
924280105 10657
924290762 593
924291355 43
924291398 3
