702
1 1
2 1
3 1
2 3
5 1
4 3
5 4
9 1
5 6
11 1
7 6
13 2
7 9
16 1
16 2
9 10
19 1
11 12
23 1
13 12
25 2
16 17
33 1
18 17
35 1
20 19
39 1
24 23
47 1
24 25
49 2
27 25
52 5
27 33
33 34
67 1
35 36
40 39
79 1
48 47
95 1
51 52
103 5
67 68
135 1
71 68
139 5
80 79
159 1
159 13
95 96
191 1
103 108
211 27
238 2
136 135
271 1
144 139
283 5
160 159
319 1
191 192
383 1
272 271
543 1
288 283
571 5
320 319
639 1
384 383
767 1
384 543
927 33
576 571
1147 5
640 639
1279 1
1279 96
1375 1
768 767
1535 1
1535 49
927 768
1695 33
1695 160
1855 1
927 960
1887 108
1995 13
960 1147
2107 68
2175 1
1147 1152
2299 5
1279 1280
2559 1
1535 1536
3071 1
2176 2175
4351 1
2304 2299
4603 5
2560 2559
5119 1
2560 3071
5631 240
5871 17
3071 3072
6143 1
6143 768
6911 1
4603 4608
9211 5
5119 5120
10239 1
6144 6143
12287 1
6912 9211
16123 640
16763 108
16871 17
16123 1280
17403 5
9216 9211
18427 5
10240 10239
20479 1
10240 12287
22527 960
23487 60
23547 5
12288 12287
24575 1
12288 16123
28411 768
29179 5
28411 4352
32763 6
17403 17408
34811 5
18427 18432
36859 5
20479 20480
40959 1
24575 24576
49151 1
28411 24576
52987 2304
55291 5
34811 34816
69627 5
36859 36864
73723 5
40959 40960
81919 1
49151 49152
98303 1
55296 55291
110587 12288
122875 5
69627 69632
139259 5
81919 81920
163839 1
98303 81920
180223 3072
183295 960
184255 60
184315 5
98304 98303
196607 1
122875 122880
245755 5
139259 139264
278523 16123
294646 240
294886 25
294911 1
278523 18432
296955 384
297339 108
297447 25
163840 163839
327679 1
196607 196608
393215 32769
245755 196608
442363 40960
483323 4608
487931 108
488039 24
488039 25
278523 245760
524283 29184
553467 108
553575 24
297472 297447
594919 23552
618471 640
619111 24
327680 393215
720895 29184
750079 108
750187 20
425984 442363
868347 12288
880635 640
881275 4
488064 488063
976127 1
553599 553575
1107174 24
619135 619111
1238246 24
619135 720895
1340030 122880
1462910 1279
1464189 1464189
2928378 881279
3809657 81920
3891577 9216
3900793 172
3900965 2
1464189 1462910
2927099 1107198
4034297 69632
4103929 3072
4107001 272
2927099 1238270
4165369 49152
4214521 384
4214905 96
4215001 2
4215001 3
2927099 1464189
4391288 881279
5272567 55296
5327863 3072
5330935 283
5331218 2
2927099 2928378
5855477 110587
5966064 3072
5969136 1152
5970288 16
5855477 619135
6474612 55296
6529908 4608
6534516 80
3900967 2927099
6828066 122880
6950946 1584
6952530 9
4391288 4215004
8606292 327680
8933972 544
8934516 5
8606292 619135
9225427 36864
9262291 3072
9265363 211
4391288 5272567
9663855 750207
10414062 110587
10524649 6912
10531561 576
10532137 40
10532177 4
5331220 5331218
10662438 184320
10846758 1584
10848342 9
5970288 5970304
11940592 327680
12268272 55296
12323568 2560
12326128 384
12326512 95
6474612 5970304
12444916 245760
12690676 18432
12709108 1695
12710803 5
6534596 6828066
13362662 196608
13559270 23552
13582822 108
13582930 25
6952530 6952539
13905069 1238270
15143339 49152
15192491 1728
15194219 52
15194271 2
8606292 6952539
15558831 1464189
17023020 81920
17104940 5120
17110060 384
17110444 103
17110547 2
9265574 9265363
18530937 327680
18858617 2176
18860793 79
9265574 9663855
18929429 750207
19679636 98304
19777940 6144
19784084 192
19784276 16
10414062 9663855
20077917 393215
20471132 1376
20472508 20
20472528 1
20077917 488064
20565981 23552
20589533 240
20589773 1
10532181 10662438
21194619 24576
21219195 1728
21220923 49
12268272 11940592
24208864 297472
24506336 103
24506439 4
12710803 12710808
25421611 184320
25605931 1728
25607659 48
13582955 13582930
27165885 40960
27206845 6912
27213757 80
27213837 7
13905069 13582955
27488024 1340030
28828054 34816
28862870 1536
28864406 12
15194273 15558831
30753104 976128
31729232 98304
31827536 4608
31832144 384
31832528 80
31832608 2
15558831 17023020
32581851 750207
33332058 73728
33405786 1152
33406938 68
32581851 1464189
34046040 52987
34099027 1695
34100722 9
17110547 17110549
34221096 327680
34548776 40960
34589736 1887
18530937 17110549
35641486 619135
36260621 49152
36309773 320
36310093 47
21194619 20589774
41784393 524283
42308676 24576
42333252 1376
42334628 144
42334772 13
42334785 1
21220972 21220923
42441895 1340030
43781925 110587
43892512 2107
43894619 40
43894659 2
42441895 1464189
43906084 6144
43912228 40
43912268 3
43906084 976128
44882212 122880
45005092 6912
45012004 320
45012324 27
45012351 1
43906084 1340030
45246114 98304
45344418 576
45344994 10
21220972 24208864
45429836 245760
45675596 16888
45692484 211
45692695 24
45429836 425984
45855820 4352
45860172 57
45429836 619135
46048971 640
46049611 108
46049719 17
24506336 24208864
48715200 55296
48770496 3072
48773568 320
48773888 1
24506439 24506443
49012882 245760
49258642 22527
49281169 320
49281489 10
25607707 25607659
51215366 40960
51256326 2560
51258886 135
51215366 184320
51399686 6144
51405830 640
51406470 49
51215366 196608
51411974 16123
51428097 144
51428241 12
51215366 720895
51936261 12288
51948549 2176
51950725 40
51950765 5
27165885 25607707
52773592 55296
52828888 2304
52831192 240
52831432 4
27488024 27213844
54701868 393215
55095083 927
55096010 6
27488024 28828054
56316078 1238270
57554348 29184
57583532 48
28864418 28864406
57728824 52987
57781811 1280
57783091 71
57783162 2
57728824 750207
58479031 81920
58560951 4608
58565559 320
58565879 51
28864418 30753104
59617522 327680
59945202 2008
59947210 27
59947237 1
59617522 1464189
61081711 1238270
62319981 98304
62418285 2176
62420461 15
32581851 31832610
64414461 393215
64807676 12288
64819964 2304
64822268 211
64822479 15
64414461 750207
65164668 55296
65219964 9216
65229180 320
65229500 27
65229527 3
64414461 1107198
65521659 73728
65595387 1536
65596923 39
32581851 33332058
65913909 73728
65987637 3072
65990709 576
65991285 13
65913909 327680
66241589 40960
66282549 211
66282760 20
34221096 34100731
68321827 393215
68715042 17408
68732450 139
68321827 425984
68747811 6912
68754723 384
68755107 96
68755203 4
34548776 34221096
68769872 297472
69067344 240
69067584 4
34591623 34589736
69181359 619135
69800494 10240
69810734 60
69810794 2
35641486 34591623
70233109 881279
71114388 10240
71124628 1536
71126164 39
70233109 1340030
71573139 98304
71671443 10240
71681683 172
71681855 3
36310140 36310093
72620233 1340030
73960263 69632
74029895 2304
74032199 36
74032235 2
72620233 1464189
74084422 393215
74477637 1376
74479013 51
74084422 488064
74572486 640
74573126 67
74084422 750207
74834629 1887
74836516 7
74084422 881279
74965701 32769
74998470 1584
75000054 103
75000157 1
72620233 2927099
75547332 442363
75989695 3072
75992767 640
75993407 80
75993487 13
75993500 1
75547332 594919
76142251 2304
76144555 160
76144715 7
76144722 1
75547332 976128
76523460 81920
76605380 768
76606148 79
41784393 36310140
78094533 619135
78713668 1376
78715044 68
78715112 2
78094533 1464189
79558722 245760
79804482 6912
79811394 144
79811538 7
79811545 1
79558722 297472
79856194 384
79856578 36
79856614 2
79558722 976128
80534850 69632
80604482 2008
80606490 9
79558722 1107198
80665920 16123
80682043 144
80682187 9
79558722 1238270
80796992 81920
80878912 6912
80885824 576
80886400 20
80886420 2
78094533 2927099
81021632 297472
81319104 12288
81331392 2008
81333400 80
81333480 10
78094533 4391288
82485821 327680
82813501 16888
82830389 272
82830661 4
78094533 5331220
83425753 34816
83460569 1856
83462425 20
83462445 2
83425753 73728
83499481 2560
83502041 68
42334786 42441895
84776681 750207
85526888 24576
85551464 576
85552040 15
42441895 43781925
86223820 184320
86408140 6144
86414284 384
86414668 144
86414812 9
86223820 1340030
87563850 3072
87566922 576
87567498 13
87567511 1
43912271 43912268
87824539 110587
87935126 10240
87945366 1584
87946950 60
87824539 619135
88443674 32769
88476443 1887
88478330 80
88478410 3
88443674 55296
88498970 10240
88509210 1728
88510938 80
88511018 13
88511031 1
88443674 98304
88541978 2008
88543986 25
88544011 1
43912271 44882212
88794483 619135
89413618 10240
89423858 2008
89425866 3
45344994 45345004
90689998 20480
90710478 960
90711438 139
90711577 3
45855820 45692719
91548539 122880
91671419 12288
91683707 384
91684091 108
91684199 25
45860229 45860172
91720401 98304
91818705 1152
91819857 33
46049736 46049719
92099455 196608
92296063 23552
92319615 768
92320383 27
92320410 4
92099455 245760
92345215 6912
92352127 1147
92353274 2
92099455 619135
92718590 40960
92759550 3072
92762622 1152
92763774 49
92763823 1
92099455 1464189
93563644 393215
93956859 20480
93977339 640
93977979 80
93978059 11
46049736 48715200
94764936 184320
94949256 288
94949544 5
94764936 393215
95158151 16123
95174274 60
95174334 2
49012882 48773889
97786771 327680
98114451 36864
98151315 2560
98153875 57
98153932 1
49281499 49281489
98562988 1107198
99670186 98304
99768490 9216
99777706 544
99778250 23
