164
1 1
2 2
4 4
8 8
16 16
32 32
64 64
128 128
256 256
512 512
1024 1024
2048 2048
4096 4096
8192 8192
16384 16384
32768 32768
65536 65536
131072 131072
262144 262144
524288 524288
1048576 1048576
2097152 2097152
4194304 4194304
8388608 2097152
10485760 1048576
11534336 524288
12058624 262144
12320768 131072
12451840 16384
12468224 1024
12469248 128
12469376 64
12469440 8
12469448 4
12469452 1
8388608 10485760
18874368 1048576
19922944 524288
20447232 262144
20709376 65536
20774912 32768
20807680 8192
20815872 1024
20816896 256
20817152 128
20817280 64
20817344 32
20817376 16
20817392 4
20817396 2
20817398 20817398
41634796 41634796
83269592 41634796
124904388 20817398
145721786 1048576
146770362 524288
147294650 262144
147556794 131072
147687866 65536
147753402 32768
147786170 16384
147802554 4096
147806650 512
147807162 256
147807418 128
147807546 16
147807562 8
147807570 2
83269592 41634796
124904388 41634796
166539184 8388608
174927792 524288
175452080 131072
175583152 65536
175648688 32768
175681456 1024
175682480 256
175682736 128
175682864 32
175682896 16
175682912 4
175682916 2
175682918 1
175682919 175682919
351365838 175682919
527048757 12469453
539518210 1048576
540566786 524288
541091074 262144
541353218 65536
541418754 16384
541435138 8192
541443330 4096
541447426 2048
541449474 1024
541450498 512
541451010 256
541451266 128
541451394 1
175682919 351365838
527048757 41634796
568683553 8388608
577072161 1048576
578120737 262144
578382881 131072
578513953 65536
578579489 4096
578583585 1024
578584609 128
578584737 32
578584769 16
578584785 8
175682919 351365838
527048757 83269592
610318349 4194304
614512653 1048576
615561229 524288
616085517 131072
616216589 32768
616249357 4096
616253453 2048
616255501 1024
616256525 512
616257037 128
616257165 4
616257169 1
175682919 351365838
527048757 83269592
610318349 20817398
631135747 12469453
643605200 2097152
645702352 65536
645767888 16384
645784272 2048
645786320 1024
645787344 512
645787856 32
645787888 16
645787904 4
645787908 2
175682919 351365838
527048757 175682919
702731676 8388608
711120284 8192
711128476 256
711128732 16
711128748 8
711128756 2
175682919 351365838
527048757 175682919
702731676 83269592
786001268 12320768
798322036 65536
798387572 8192
798395764 4096
798399860 2048
798401908 1024
798402932 512
798403444 256
798403700 64
798403764 16
798403780 8
798403788 2
798403790 1
