2940
1 1
2 1
3 1
2 3
5 1
4 3
7 1
4 5
9 1
6 5
11 1
6 7
13 1
8 7
15 1
8 9
17 1
10 9
19 1
10 11
21 1
12 11
23 1
12 13
25 1
14 13
27 1
14 15
29 1
16 15
17 16
33 1
17 18
35 1
19 18
37 1
19 20
39 1
21 20
41 1
21 22
43 1
23 22
45 1
23 24
47 1
25 24
49 1
25 26
51 1
27 26
53 1
27 28
55 1
29 28
57 1
29 30
59 1
31 30
61 1
61 2
33 31
64 1
64 2
34 33
67 1
34 35
69 1
36 35
71 1
36 37
73 1
38 37
39 38
77 1
39 40
79 1
41 40
81 1
41 42
83 1
43 42
85 1
43 44
87 1
45 44
89 1
45 46
91 1
47 46
93 1
47 48
95 1
49 48
97 1
49 50
50 51
101 1
52 53
105 1
54 53
107 1
56 55
57 56
113 1
57 58
115 1
59 58
117 1
59 60
60 61
121 1
62 61
63 64
64 65
129 1
66 65
131 1
68 67
135 1
68 69
137 1
70 69
71 70
72 71
143 1
72 73
73 74
74 75
149 1
149 2
75 77
152 1
78 77
155 1
80 79
159 1
80 81
161 1
82 81
83 82
165 1
83 84
167 1
85 86
171 1
89 88
177 1
89 90
179 1
91 92
183 1
93 92
94 95
95 96
191 1
97 96
193 1
97 98
98 99
197 1
101 99
200 1
101 102
203 1
105 102
207 2
105 106
211 1
107 108
215 1
111 108
219 2
114 113
227 1
116 115
231 1
116 117
233 1
121 119
122 121
123 122
245 1
123 127
250 1
129 127
256 1
256 2
130 129
259 1
130 131
131 132
263 1
263 2
136 135
271 1
136 137
273 1
138 137
275 1
141 139
280 1
141 143
143 144
287 1
145 147
292 2
151 150
301 1
156 155
311 1
160 159
319 1
160 161
321 1
162 161
166 165
331 1
172 171
177 178
355 1
179 180
359 1
183 184
367 1
191 192
383 1
193 192
385 1
193 194
387 1
195 197
211 209
212 211
423 1
216 215
431 1
431 2
231 228
459 2
233 234
467 2
467 6
234 240
474 4
246 245
491 4
251 250
501 2
257 256
513 1
257 258
515 1
259 260
519 1
264 263
527 1
271 272
543 1
273 272
276 275
288 287
575 1
575 2
575 4
288 292
580 4
580 5
301 302
603 4
311 302
613 3
311 312
623 1
623 4
320 319
639 1
320 321
323 322
645 8
332 343
675 13
359 360
719 1
719 2
368 367
735 1
735 2
383 368
751 2
383 384
767 1
385 384
386 385
387 386
388 392
780 12
780 17
780 28
420 392
812 4
812 28
431 432
863 1
433 459
892 20
461 467
478 474
952 8
503 513
1016 9
1016 10
513 514
1027 1
515 514
1029 1
515 516
1031 1
1031 2
520 519
1039 1
1039 2
527 528
1055 1
543 544
1087 1
575 576
1151 1
577 576
579 577
580 584
603 585
1188 12
613 607
1220 4
623 624
1247 1
640 639
1279 1
640 641
641 645
1286 4
1286 6
675 653
1328 7
719 720
1439 1
736 735
1471 1
767 768
1535 1
769 768
1537 1
1537 2
771 773
1544 4
780 792
1572 12
797 808
1605 3
1605 11
816 812
1628 4
1628 12
840 816
1656 40
864 863
1727 1
864 892
1756 38
912 892
1804 9
912 928
1840 33
952 928
1880 9
952 960
1912 41
1016 1025
2041 8
2041 9
1025 1026
2051 1
1027 1028
2055 1
1031 1032
2063 1
1040 1039
2079 1
1055 1056
2111 1
1087 1088
2175 1
2175 2
2175 49
1151 1088
2239 17
1151 1152
2303 1
1153 1152
2305 1
1153 1156
2309 1
1164 1156
2320 8
1200 1188
2388 12
1224 1220
2444 20
1248 1247
2495 1
1280 1279
2559 1
1280 1281
1281 1286
2567 1
1328 1335
2663 10
2663 57
2663 89
1439 1440
2879 1
1471 1472
2943 1
1535 1472
3007 2
1535 1536
3071 1
1537 1536
3073 1
1537 1538
1538 1539
3077 4
3077 5
1608 1616
3224 8
1628 1632
3260 4
1640 1632
3272 23
1696 1656
3352 40
1728 1727
3455 1
1728 1756
3484 37
1794 1756
3550 19
1813 1804
3617 31
1889 1912
3801 39
2049 2041
4090 7
4090 8
2050 2049
4099 1
2052 2051
4103 1
2056 2055
4111 1
2064 2063
4127 1
2080 2079
4159 1
4159 3
2111 2112
4223 1
2175 2112
4287 50
2175 2176
4351 1
2303 2304
4607 1
2305 2304
4609 1
2559 2496
5055 2
2559 2560
5119 1
2561 2560
5121 1
2752 2720
5472 31
5503 1
2879 2880
5759 1
2943 2944
5887 1
3071 3072
6143 1
3224 3082
6306 30
3260 3264
6524 4
3272 3295
6567 26
3352 3392
6744 40
3455 3456
6911 1
3550 3569
7119 51
3617 3648
7265 48
3801 3648
7449 40
3801 3840
7641 168
4090 3840
7930 13
4090 4097
8187 6
8187 7
4097 4098
8195 1
4099 4100
8199 1
4127 4128
8255 1
4159 4160
8319 1
4224 4223
8447 1
4352 4351
8703 1
4608 4607
9215 1
4608 4609
5055 4610
9665 319
5119 5120
10239 1
5121 5120
10241 1
5472 5122
10594 284
10878 2
5503 5504
11007 1
5887 5888
11775 1
6143 5888
12031 2
6143 6144
12287 1
12287 2
12287 3
6524 6528
13052 4
6744 6593
13337 102
13439 1
6912 6911
13823 1
7313 7265
14578 14
7313 7449
14762 86
7489 7641
15130 228
15358 2
8187 8193
16380 5
16380 6
8193 8194
16387 1
8195 8196
16391 1
8255 8256
16511 1
8319 8320
16639 1
8447 8448
16895 1
8703 8704
17407 1
17407 2
9216 9215
18431 1
9216 9217
10240 10239
20479 1
10240 10241
11008 11007
22015 641
11776 11775
23551 1
12033 12287
24320 192
12288 12287
24575 1
12288 12289
24577 1
13056 13052
26108 4
13439 13440
26879 1
26879 257
13824 13823
27647 1
27647 2
15360 16380
31740 516
32256 1
16380 16385
32765 4
32765 5
16385 16386
32771 1
16387 16388
32775 1
16391 16392
32783 113
16639 16640
33279 1
33279 2
17408 17407
34815 1
18431 18432
36863 1
18433 18432
20479 18433
38912 1016
39928 8
20480 20479
40959 1
20480 20481
40961 1279
24575 24576
49151 1
24577 24576
24578 24577
49155 6
26112 26108
52220 4
27647 27648
55295 1
27649 27648
55297 2559
27649 31740
59389 3
59389 2051
32769 32765
65534 3
65534 4
32770 32769
65539 1
32772 32771
65543 1
32776 32783
65559 9
33280 33281
66561 1016
67577 7
34816 34815
69631 1
36864 36863
73727 1
36864 36865
40959 39936
80895 2
40959 40960
81919 1
49151 49152
98303 1
49153 49152
55297 57856
113153 1537
61440 59392
120832 1026
65537 65534
131071 2
131071 3
65538 65537
131075 1
73727 73728
147455 1
81920 81919
163839 1
98304 98303
196607 1
113153 98305
211458 5504
216962 123
217085 3
131071 131073
262144 1
131076 131075
262151 7943
270094 240
270334 2
262151 15360
277511 1016
278527 1
147455 147456
294911 1
163839 163840
327679 1
196607 196608
393215 1
393215 3
217088 217085
434173 8195
262145 262144
294912 294911
589823 1
327680 327679
655359 1
655359 3
393218 393216
786434 2
589823 524289
1114112 61440
1175552 1164
1176716 15
1175552 1292
1176844 18
1176844 23
1175552 1335
1176887 4
1176887 11
1176887 21
1176887 36
1176887 42
1176887 56
1176887 69
1176887 97
1175552 1440
1176992 13
1175552 1472
1177024 14
1177024 26
1177024 31
1177055 1
1177024 38
1177024 59
1175552 1538
1175552 1544
1177096 1
1175552 1632
1177184 1
1175552 1656
1177208 1
1175552 1840
1177392 7
1177392 21
1177392 26
1177392 27
1175552 1912
1177464 17
1177464 37
1175552 2080
1177632 3
1175552 2112
1177664 12
1175552 2177
1177729 6
1177729 23
1175552 2310
1177862 4
1175552 2328
1177880 48
1175552 2496
1178048 56
1175552 2720
1178272 1
1175552 2752
1178304 26
1178304 41
1178304 78
1178304 119
1175552 2880
1178432 56
1175552 2944
1178496 2
1175552 3392
1178944 23
1175552 3456
1175552 3648
1179200 111
1179311 1
1175552 3801
1179353 37
1175552 3840
1179392 45
589823 589824
1179647 227
1179647 294
1179941 5
1179647 343
1179647 392
1180039 1
1179647 1088
1180735 10
1179647 1335
1180982 66
1179647 1640
1181287 9
1179647 2568
1182215 18
1179647 2943
1179647 3082
1182729 4
1179647 3392
1183039 31
1183070 1
1179647 3648
1183295 151
1179647 3840
1183487 10
1183487 94
1179647 5057
1184704 55
1179647 7313
1186960 7
1179647 7641
1187288 150
1179647 7943
1187590 37
1179647 9217
1188864 160
1179647 10594
1190241 171
1179647 11008
1190655 551
1191206 22
1179647 12033
1191680 22
1179647 12290
1191937 35
1191937 144
1191937 192
1179647 13440
1193087 55
1179647 14592
1194239 88
1179647 16392
1196039 99
1179647 22656
1202303 118
1179647 24512
1204159 19
1179647 24576
1179647 24578
1204225 108
1204333 2
1204225 1029
1179647 27649
1207296 1472
1208768 52
1207296 1889
1209185 5
1207296 3648
1210944 54
1179647 39936
1219583 960
1220543 12
1179647 40961
1220608 88
1179647 42240
1221887 2496
1221887 5122
1227009 203
1179647 49161
1228808 1030
1228808 1088
1229896 17
1228808 2239
1231047 4
1179647 52224
1231871 1953
1233824 65
1179647 59392
1239039 1889
589824 655359
1245183 5057
1250240 5
1245183 12290
1257473 151
1245183 22015
1267198 77
1245183 34816
1279999 1696
1281695 7
1245183 36865
1282048 1279
1245183 42240
1287423 272
1287423 3352
1290775 12
1287423 6306
1293729 6
1245183 55297
1300480 2256
1302736 1
1245183 57856
1303039 812
1303851 3
655360 655362
1310722 16640
1327362 66
1310722 27649
1338371 3617
1341988 21
1310722 34816
1345538 1335
1346873 17
1310722 73729
1384451 2041
1386492 7
1310722 81920
1392642 7170
1399812 87
1392642 7641
1400283 90
1310722 98305
1409027 7943
1416970 147
1409027 8448
1417475 219
1310722 121858
1432580 960
1433540 20
1432580 2304
1432580 6912
1439492 159
786434 655362
1441796 55297
1497093 771
1441796 81920
1523716 7809
1531525 102
1531627 2
1441796 114690
1556486 3569
786436 786434
1572870 9217
1582087 200
1572870 11776
1584646 167
1572870 24578
1597448 45
1572870 73729
1646599 1584
1648183 13
1572870 81920
1654790 6144
1660934 102
1661036 2
1572870 121858
1694728 2112
1696840 53
1572870 147456
1720326 8704
1729030 6
1572870 217088
1789958 203
1789958 20481
1810439 780
1811219 9
1572870 278528
1851398 11008
1862406 66
1572870 294912
1867782 1656
1869438 24
1867782 6567
1874349 18
1114112 786436
1900548 81920
1982468 15360
1997828 503
1998331 9
1900548 98305
1998853 13824
2012677 58
1900548 163840
2064388 11776
2076164 228
2064388 13824
2078212 520
2078732 6
1303854 1310722
2614576 18433
2633009 912
2633921 11
2633009 1056
2634065 9
2634065 19
2633009 1088
2634097 2
2634097 12
2634097 55
2633009 1164
2634173 2
2634173 7
2634173 8
2634173 14
2633009 1188
2634197 4
2633009 1248
2634257 6
2633009 1292
2634301 20
2634301 28
2633009 1328
2634337 6
2633009 1335
2634344 6
2634344 9
2634344 37
2634344 81
2634344 98
2634344 102
2634446 1
2633009 1440
2634449 4
2634449 12
2634449 23
2633009 1472
2634481 27
2633009 1548
2634557 1
2634557 2
2633009 1728
2634737 12
2633009 1840
2634849 26
2633009 1889
2634898 8
2633009 1912
2634921 40
2633009 1953
2634962 4
2634962 75
2614576 20481
2635057 121
2635057 156
2635213 2
2635057 433
2635490 6
2635057 469
2635526 1
2635057 491
2635548 3
2635057 627
2635684 2
2635057 653
2635710 21
2635057 1472
2636529 7
2614576 22015
2636591 132
2636591 211
2636591 302
2636591 420
2636591 520
2637111 3
2636591 576
2636591 580
2637171 3
2614576 22656
2637232 21
2637232 177
1327362 1310722
2638084 123
2638207 2
2638084 281
2638084 1953
2640037 9
2638084 2080
2640164 24
2638084 2239
2638084 2464
2640548 14
2638084 2752
2640836 7
2638084 3569
2641653 9
2638084 3648
2641732 28
2638084 3801
2641885 38
2638084 5122
2643206 51
2638084 5472
2643556 10
2638084 5759
2638084 6144
2644228 65
2638084 6784
2644868 23
2638084 6912
2644996 35
2638084 8448
2646532 156
2646688 1
2638084 9217
2647301 41
2638084 10594
2648678 22
2638084 11008
2649092 432
2638084 12290
2650374 320
2638084 14848
2652932 195
2638084 15360
2653444 240
2653684 2
1327362 1327428
2654790 204
2654994 2
2654790 1200
2654790 3082
2657872 46
2654790 4352
2659142 99
2654790 6567
2661357 16
2654790 7809
2662599 25
2654790 10242
2665032 343
2665375 5
1327428 1338371
2665799 2720
2668519 23
2665799 4162
2669961 14
2665799 5057
2670856 16
2665799 7170
2672969 88
2665799 8187
2673986 1
1338371 1341988
2680359 1153
2680359 2568
2682927 10
1342009 1341988
2683997 2112
2686109 61
1345538 1342009
2687547 2256
2689803 4
1346873 1346890
2693763 1889
2695652 4
2693763 7170
2700933 66
2693763 16512
2710275 101
2693763 18433
2712196 153
2693763 20481
2714244 1440
2715684 10
2693763 26112
2719875 92
1384451 1346890
2731341 3648
2734989 53
2731341 7943
2739284 232
2731341 8448
2739789 221
2740010 5
2731341 18433
2749774 2041
2751815 4
2731341 27136
2758477 461
2758938 4
1399812 1392642
2792454 2880
2795334 36
2792454 3456
2795910 26
1416970 1409027
2825997 4610
2830607 332
2830939 7
1432580 1417694
2850274 3840
2854114 194
2850274 6144
2856418 78
1434884 1433560
2868444 1472
2869916 11
2868444 3392
2871836 4
1441796 1439651
2881447 2944
2884391 27
2881447 6336
2887783 59
2881447 13824
2895271 228
2895499 2
2881447 18433
2899880 5
2881447 49161
2930608 2673
2933281 31
1497093 1441796
2938889 52224
2991113 516
2991629 2
1497093 1497864
2994957 797
2994957 9984
3004941 102
3005043 1
1497864 1523716
3021580 10880
3032460 16
3021580 27649
3049229 3484
3052713 10
1531629 1556486
3088115 18433
3106548 495
3107043 1
3088115 22656
3110771 232
1560055 1572870
3132925 18433
3151358 231
1597493 1646599
3244092 17409
3261501 892
3262393 4
3244092 32257
3276349 132
3276481 1
1696840 1696893
3393733 6336
3400069 95
3393733 12033
3405766 70
1696893 1720326
3417219 4352
3421571 251
3421822 1
3417219 24512
3441731 22
1729030 1720326
3449356 6912
3456268 172
3456440 4
1729030 1729036
3458066 57856
3515922 1200
3517122 12
1789958 1729036
3518994 52224
3571218 424
3571642 3
1789958 1790161
3580119 11008
3591127 102
3591229 2
1874367 1900548
3774915 73729
3848644 2880
3851524 41
1982468 1900548
3883016 81920
3964936 10880
3975816 31
2012735 2064388
4077123 42240
4119363 5504
4124867 86
2078738 2078732
4157470 36865
4194335 1584
4195919 15
4157470 147456
4304926 13056
4317982 201
4318183 1
4157470 217088
4374558 36865
4411423 840
4412263 18
4157470 278528
4435998 5122
4441120 251
4441371 3
4157470 393218
4550688 265
4550953 1
4157470 442368
4599838 67584
4667422 1088
4668510 47
4599838 69632
4669470 3801
4673271 21
2719967 2719875
5439842 1056
5440898 12
5439842 1200
5441042 2
5441042 11
5441042 14
5439842 1220
5441062 2
5439842 1224
5441066 6
5439842 1248
5441090 18
5441090 30
5439842 1292
5441134 3
5441134 22
5439842 1335
5441177 20
5441177 38
5441177 75
5441177 80
5441177 99
5439842 1440
5441282 18
5439842 1472
5441314 35
5441314 36
5439842 1548
5441390 3
5441390 6
5439842 1584
5441426 16
5439842 1656
5441498 29
5441498 37
5439842 1912
5439842 1953
5441795 35
5441795 49
5441795 54
5441795 66
5439842 2064
5441906 12
5439842 2080
5441922 9
5439842 2328
5442170 36
5439842 2400
5442242 15
5439842 2464
5442306 26
5439842 2496
5442338 46
5439842 2752
5442594 15
5442594 111
5442705 1
5439842 2880
5442722 19
5439842 2944
5442786 28
5439842 3009
5442851 16
5442851 52
5439842 3082
5442924 119
5439842 3224
5443066 3
5439842 3272
5443114 16
5439842 3295
5443137 24
5439842 3550
5439842 3648
5443490 118
5439842 3840
5443682 73
5443682 117
5439842 4352
5444194 77
5439842 4610
5444452 200
5439842 6528
5446370 26
5439842 6567
5446409 8
5439842 7170
5447012 21
5439842 7313
5447155 86
5439842 7489
5447331 38
5447331 40
5439842 7641
5447483 44
5439842 7943
5447785 219
5448004 1
5439842 8704
5448546 292
5448838 1
5448546 360
5448906 1
2719967 2731341
5451308 812
5452120 3
5451308 1056
5452364 3
5451308 1440
5452748 23
5451308 1608
5452916 5
5451308 2752
5454060 10
5451308 3392
5454700 46
5451308 4162
5455470 52
5451308 4610
5455918 288
5456206 1
5451308 5122
5456430 332
5451308 5472
5456780 5
5451308 8200
5459508 8
5451308 8704
5460012 27
5460012 276
5460288 1
5460012 469
5460481 1
5451308 13824
5465132 211
2734989 2731341
5466330 3456
5469786 5
2735042 2734989
5470031 1292
5471323 26
5470031 2256
5472287 6
5470031 3009
5473040 30
5470031 3295
5473326 31
5473357 1
5470031 4224
5474255 6
2735042 2739284
5474326 1804
5476130 4
5474326 4162
5478488 37
2740015 2740010
5480025 9217
5489242 7
2749774 2740015
5489789 1696
5491485 12
5489789 5504
5495293 240
5495533 2
5489789 7489
5497278 84
5489789 10594
5500383 198
5500581 1
2751815 2749774
5501589 737
5502326 1
5501589 1953
5503542 75
5503617 1
2751815 2751819
5503634 5760
5509394 123
5509517 2
2758477 2751819
5510296 323
5510619 7
5510296 1640
2758942 2758938
5517880 3840
5521720 15
5517880 12033
5529913 127
5517880 13824
5531704 688
5532392 6
5517880 18433
5536313 119
5536313 1656
5537969 1
5517880 26880
5544760 221
5544981 1
5517880 27649
5545529 1248
5546777 17
2758942 2792454
5551396 27649
5579045 102
5579147 2
2795910 2795370
5591280 503
2795910 2795936
5591846 11776
5603622 102
5603724 1
2825997 2795936
5621933 13056
5634989 99
5621933 24512
5646445 24
5621933 27649
5649582 816
5650398 9
2825997 2830607
5656604 584
2830939 2830946
5661885 6144
5668029 89
5661885 8704
5670589 265
5670854 2
2850274 2830946
5681220 1840
5683060 11
2868444 2856496
5724940 9217
5734157 17
2881447 2871840
5753287 3569
5756856 21
2895501 2895499
5791000 1440
5792440 26
2899880 2899885
5799765 20481
5820246 585
5820831 14
2930608 2899885
5830493 27649
5858142 1188
5859330 1
2933312 2933281
5866593 960
5867553 30
2938889 2933312
5872201 7641
5879842 130
5872201 13824
5886025 123
5886148 3
5872201 42240
5914441 1889
5916330 21
2991113 2938889
5930002 18433
5948435 1696
5950131 24
2995754 3004941
6000695 6912
6007607 141
6007748 1
3021580 3005044
6026624 11008
6037632 44
3052723 3088115
6140838 32896
6173734 281
6174015 1
3106548 3088115
6194663 17409
6212072 433
6212505 22
3107044 3110771
6217815 645
6218460 5
3151589 3151358
6302947 42240
6345187 840
6346027 9
6302947 49161
6352108 1248
6353356 14
6302947 52224
6355171 165
6302947 69632
6372579 645
6373224 3
3151589 3244092
6395681 66561
6462242 302
6462544 1
6395681 98305
6493986 4287
6498273 39
3276482 3276481
6552963 8448
6561411 95
6552963 49161
6602124 1873
6603997 2
6552963 73729
6626692 6144
6632836 78
6552963 81920
6634883 13824
6648707 2
3276482 3393733
6670215 73729
6743944 6336
6750280 123
6750403 3
6670215 80897
6751112 198
6751310 1
3580119 3591127
7171246 7489
7178735 73
3591231 3591229
7182460 13824
7196284 616
7196900 5
7182460 98305
7280765 9665
7290430 302
7290732 8
3964936 3883016
7847952 14848
7862800 58
4077123 3975847
8052970 16896
8069866 311
8052970 98305
8151275 13440
8164715 95
4157470 4124953
8282423 4352
8286775 46
8282423 38912
8321335 613
4318184 4318183
8636367 13440
8649807 54
4550688 4441374
8992062 4352
8996414 172
8992062 33281
9025343 1
4673292 4673271
9346563 1248
9347811 14
9346563 196608
9543171 6593
9549764 50
9549764 51
5466330 5465343
10931673 90
10931673 240
10931913 1
10931673 243
10931673 246
10931919 2
10931673 257
10931673 263
10931673 265
10931938 4
10931673 276
10931949 3
10931673 288
10931961 2
10931673 312
10931985 6
10931673 319
10931673 383
10931673 424
10932097 4
10931673 491
10932164 2
10931673 514
10931673 528
10932201 5
10931673 543
10931673 551
10932224 1
10932224 8
10931673 577
10932250 1
10931673 580
10932253 3
10931673 603
10932276 2
10931673 613
10931673 653
10932326 2
10931673 721
10932394 4
10931673 737
10932410 2
10932410 12
10931673 816
10932489 16
10931673 1041
10932714 9
10931673 1056
10931673 1088
10932761 11
10932761 44
10931673 1156
10932829 6
10931673 1164
10932837 12
10931673 1200
10932873 4
10931673 1224
10932897 11
10931673 1248
10932921 1
10931673 1335
10933008 65
10931673 1548
10933221 6
10931673 1632
10933305 1
10931673 1813
10933486 11
10931673 2177
10933850 7
10931673 2388
10934061 7
10931673 2568
10934241 38
10931673 2752
10934425 119
10931673 2944
10934617 47
10931673 3009
10934682 33
10931673 3392
10935065 26
10931673 3648
10935321 61
10931673 3840
10935513 195
10935708 1
10935513 245
10931673 4287
10935960 2
10931673 4352
10936025 17
5466330 5469786
10936116 246
10936362 1
10936116 287
10936116 368
10936484 5
10936116 675
10936791 8
10936116 2752
10938868 31
10938868 54
5469786 5469791
10939577 111
5470031 5469791
10939822 24
10939822 1290
10941112 1
10939822 1472
10941294 49
5470031 5471323
10941354 721
5471349 5472287
10943636 34
10943636 42
10943636 580
10944216 2
5472287 5472293
10944580 688
10945268 27
10944580 721
10945301 11
5473357 5473358
10946715 265
10946980 4
10946715 294
10947009 4
5473358 5474255
10947613 585
10948198 10
5474326 5476130
10950456 545
10951001 1
5478488 5476134
10954622 1290
10954622 2328
10956950 1
5478488 5478525
10957013 864
10957877 7
5478525 5480025
10958550 1440
10959990 8
10958550 2112
10960662 4
10958550 2239
10960789 4
10958550 2944
10961494 8
10958550 4610
10963160 189
10963349 1
10958550 6744
10965294 17
10958550 7641
10966191 102
5489242 5480025
10969267 1088
10970355 56
10969267 4610
10973877 114
5489249 5489789
10979038 1632
10980670 4
5489789 5491485
10981274 1033
10982307 3
5495293 5491497
10986790 1472
10988262 4
10986790 3082
10989872 77
10986790 3617
10990407 26
5497278 5497362
10994640 113
5502326 5502327
11004653 53
5503618 5503634
11007252 1472
11008724 50
11007252 1756
11009008 22
5510626 5511936
11022562 528
11023090 7
11022562 3232
11025794 2
5521720 5517880
11039600 1335
11040935 96
11039600 1840
11041440 31
11041471 1
5521720 5521735
11043455 1292
11044747 6
11043455 2239
11045694 1
11043455 3648
11047103 21
5532392 5532398
11064790 2464
11067254 25
11064790 3392
11068182 42
5537970 5537969
11075939 3840
11079779 35
11075939 4610
11080549 284
11080833 2
5537970 5544760
11082730 3840
11086570 221
5544982 5545529
11090511 1248
11091759 29
5546794 5551396
11098190 10594
11108784 53
5551396 5579045
11130441 23552
11153993 737
5579149 5591280
11170429 9217
11179646 302
5591846 5591783
11183629 9984
11193613 193
5603725 5603724
11207449 15360
11222809 478
11223287 1
5603725 5621933
11225658 23552
11249210 478
11249688 12
5634989 5621933
11256922 3840
11260762 111
5661885 5668029
11329914 4610
11334524 276
11334800 2
5681220 5670856
11352076 6593
11358669 51
5683060 5683071
11366131 7943
11374074 93
5683071 5724940
11408011 8704
11416715 302
11417017 1
11408011 27649
11435660 2328
11437988 54
11408011 33281
11441292 1335
11442627 79
11408011 42240
11450251 3009
11453260 47
5734174 5753287
11487461 17409
11504870 737
11505607 2
5756856 5756877
11513733 26112
11539845 44
5756877 5791000
11547877 27649
11575526 57
5820246 5799765
11620011 7489
11627500 7
11620011 13824
11633835 675
11634510 10
5820845 5820831
11641676 9217
11650893 130
5867583 5872201
11739784 4162
11743946 42
5948435 5930002
11878437 8448
11886885 143
6000695 5950155
11950850 4224
11955074 52
11950850 7943
11958793 35
6007749 6007748
12015497 7641
12023138 37
6026624 6007749
12034373 27136
12061509 162
6037632 6037676
12075308 42240
12117548 753
12118301 4
12075308 61440
12136748 1041
12137789 11
6037676 6140838
12178514 892
12179406 14
12178514 39936
12218450 45
6194663 6212072
12406735 12033
12418768 75
12418843 1
6373227 6395681
12768908 3617
12772525 7
12768908 42240
12811148 113
6395681 6462242
12857923 55297
12913220 431
6552963 6498312
13051275 55297
13106572 864
13107436 26
6561506 6602124
13163630 2880
13166510 18
6603999 6603997
13207996 13824
13221820 94
6670215 6743944
13414159 13056
13427215 263
6751311 6751310
13502621 22656
13525277 9
7171246 6751311
13922557 73729
13996286 1088
13997374 2
13996286 3569
13999855 36
13922557 278528
14201085 10594
14211679 61
13922557 327680
14250237 57856
14308093 37
7196905 7280765
14477670 52224
14529894 360
14530254 2
7290740 7847952
15138692 4090
15142782 2
15138692 393218
15531910 26112
15558022 719
8052970 7862858
15915828 36865
15952693 688
15953381 13
8321948 8636367
16958315 4610
16962925 108
16963033 2
16958315 294912
17253227 2568
17255795 19
8649861 8649807
17299668 294912
17594580 11008
17605588 70
9025343 9025344
18050687 81920
18132607 5122
18137729 132
9346563 9025344
18371907 163840
18535747 13440
18549187 276
18549463 2
9543171 9347825
18890996 121858
19012854 166
9549815 9549814
19099629 217088
19316717 2944
19319661 43
19099629 589824
19689453 15360
19704813 424
19705237 3
19704813 551
19705364 7
19704813 580
19705393 1
19704813 584
19704813 585
19705398 10
19705398 16
19704813 627
19705440 1
19705440 10
19704813 645
19705458 6
19704813 653
19705466 3
19704813 721
19705534 1
19704813 736
19704813 753
19705566 7
19704813 792
19704813 816
19705629 20
19705629 22
19704813 864
19705677 11
19705677 15
19705677 17
19705677 19
19704813 960
19705773 5
19689453 16385
19689453 16392
19705845 55
19705845 59
19705845 60
19689453 16512
19705965 6
19689453 16640
19706093 82
19706093 90
19706093 123
19706216 2
19706093 195
19689453 16896
19706349 132
19706349 144
19706349 284
19706349 288
19706637 2
19706349 424
19706773 5
19689453 17409
19706862 1
19706862 102
19706862 195
19707057 1
19706862 343
19707205 3
19706862 771
19706862 928
19707790 4
19689453 18433
19707886 144
19707886 145
19707886 251
19708137 3
19707886 551
19707886 892
19708778 3
19707886 1088
19708974 62
19707886 1292
19707886 1335
19709221 2
19707886 1953
19709839 39
19689453 20481
19709934 753
19710687 2
19709934 892
19710826 4
19709934 928
19710862 7
19689453 22015
19711468 211
19711468 243
19689453 22656
19712109 204
19712313 1
19712109 387
19712109 501
19689453 23552
19713005 102
19713005 528
19713533 11
19689453 24578
19714031 585
19714616 1
19689453 26112
19715565 118
19689453 27649
19717102 1840
19718942 28
19717102 2880
19719982 23
19717102 3082
19720184 22
19720184 116
19717102 3648
19720750 68
19717102 3840
19720942 130
19689453 31740
19721193 26
19689453 32257
19721710 433
19722143 15
19689453 32896
19722349 84
19689453 33281
19722734 250
19689453 36865
19726318 928
19727246 11
19689453 39936
19729389 147
19689453 42240
19731693 130
19731693 1088
19732781 45
19731693 1880
19733573 8
19731693 2444
19734137 5
19731693 2880
19734573 35
19731693 6784
19738477 106
19689453 49161
19738614 2444
19741058 10
19689453 59392
19748845 721
19749566 11
19748845 1656
19750501 9
19099629 655362
19754991 688
19755679 14
19754991 2112
19757103 45
19754991 6593
19761584 131
19754991 7641
19762632 139
19762771 1
19754991 8704
19754991 11008
19765999 433
19766432 25
19754991 16392
19771383 111
19754991 16896
19771887 461
19772348 5
19754991 20481
19775472 7
19754991 42240
19797231 302
19797231 2064
19797231 4162
19801393 15
19754991 55297
19810288 892
19754991 67584
19822575 1440
19824015 1
19754991 69632
19824623 383
19824623 960
19825583 31
19099629 786436
19886065 6784
19892849 61
19886065 14592
19900657 38
19886065 18433
19904498 607
19886065 26112
19912177 585
19886065 31740
19917805 240
19918045 1
19886065 36865
19922930 892
19923822 5
19886065 38912
19924977 816
19925793 15
19886065 40961
19927026 469
19927495 1
19886065 73729
19959794 1794
19961588 6
19959794 6144
19965938 141
19966079 1
19886065 98305
19984370 3009
19987379 24
19984370 12290
19996660 245
19886065 131076
20017141 13056
20030197 152
19886065 217088
20103153 4610
20107763 423
20103153 14848
20118001 168
20118169 1
20103153 32257
20135410 288
20135698 2
19886065 278528
20164593 4352
20168945 180
20169125 2
20164593 12290
20176883 320
19886065 294912
20180977 20481
20201458 613
20202071 2
19099629 1114112
20213741 5760
20219501 25
19099629 1210998
20310627 243
19099629 1231871
20331500 1033
20332533 3
19099629 1250245
20349874 1953
20351827 22
19099629 1346890
20446519 4287
20450806 19
20446519 20481
20467000 1335
20468335 101
10931673 9549815
20481488 13824
20495312 388
20495700 2
20481488 69632
20551120 960
20481488 147456
20628944 9217
20638161 35
20481488 163840
20645328 4352
20649680 22
20481488 270094
20751582 1
20481488 270336
20751824 6144
20757968 42
20481488 278528
20760016 13824
20773840 392
20774232 11
20481488 327680
20809168 1953
20811121 46
20481488 442368
20923856 8704
20932560 368
20932928 8
20481488 589824
21071312 39936
21111248 392
21111640 3
21071312 59392
21130704 645
21131349 5
20481488 655362
21136850 17409
21154259 281
21154540 1
20481488 786436
21267924 163840
21431764 20481
21452245 52
21267924 217088
21485012 27649
21512661 2663
21515324 9
20481488 1303854
21785342 928
21786270 3
20481488 1346890
21828378 32257
21860635 343
21860978 4
11047103 11047124
22094227 16896
22111123 102
11108837 11130441
22239278 8704
22247982 474
22248456 3
11170429 11154730
22325159 260
11207449 11193806
22401255 1728
22402983 25
11223288 11225658
22448946 6784
22455730 31
11260873 11329914
22590787 20481
22611268 960
22612228 44
22590787 27649
22618436 1584
22620020 4
11575583 11575526
23151109 27136
23178245 424
11878437 11743988
23622425 4128
23626553 13
12179420 12218450
24397870 27649
24425519 212
24425731 2
12418844 12418843
24837687 98305
24935992 8704
24944696 332
24837687 147456
24985143 1472
24986615 17
12913220 12913651
25826871 131076
25957947 6336
25964283 1
13051275 13106572
26157847 42240
26200087 45
13107462 13163630
26271092 55297
26326389 459
13414159 13221914
26636073 24578
26660651 281
13525286 13525277
27050563 147456
27198019 627
27198646 6
27050563 270336
27320899 4352
27325251 89
13922557 13525286
27447843 80897
27528740 311
13999891 14201085
28200976 59392
28260368 1335
28261703 75
14250237 14308093
28558330 3648
28561978 85
14530254 14530256
29060510 327680
29388190 40961
29429151 675
29429826 2
14530256 15138692
29668948 163840
29832788 15360
29848148 461
29848609 1
15915828 15558741
31474569 196608
31671177 13824
31685001 433
15953381 15953394
31906775 270336
32177111 5122
32182233 245
31906775 655362
32562137 120832
32682969 960
32683929 6
16958315 15953394
32911709 69632
32981341 2880
32984221 61
32911709 524289
33435998 55297
33491295 2496
33493791 49
17605658 18050687
35656345 80897
35737242 14
24986615 24986632
49973247 18433
49991680 577
49992257 1
49991680 721
49992401 3
49992401 12
49991680 737
49992417 3
49992417 11
49991680 771
49992451 1
49991680 773
49992453 1
49991680 797
49992477 2
49991680 816
49992496 2
49992496 11
49992496 13
49992496 20
49991680 840
49992520 12
49991680 864
49992544 17
49991680 960
49992640 22
49992640 26
49992640 35
49991680 1016
49991680 1032
49991680 1041
49991680 1056
49992736 19
49991680 1088
49992768 33
49991680 1164
49991680 1224
49992904 14
49991680 1292
49992972 14
49992972 31
49993003 1
49991680 1335
49993015 11
49993015 33
49991680 1472
49993152 16
49993152 43
49991680 1616
49993296 3
49991680 1813
49993493 3
49993493 24
49991680 1873
49993553 4
49991680 1912
49993592 31
49993623 1
49991680 1953
49993633 60
49973247 20481
49993728 59
49993728 60
49993728 322
49993728 323
49994051 3
49993728 1247
49993728 1472
49995200 8
49973247 22015
49995262 232
49995262 478
49995740 11
49995262 585
49995847 7
49973247 22656
49995903 11
49995903 38
49995903 234
49995903 245
49995903 265
49995903 645
49995903 816
49996719 3
49973247 23552
49996799 189
49996799 474
49997273 1
49996799 721
49973247 24578
49997825 127
49997825 195
49998020 1
49997825 392
49998217 7
49997825 624
49998449 2
49973247 26112
49999359 246
49999605 2
49973247 27136
50000383 167
49973247 27649
50000896 551
50001447 10
50000896 1756
50002652 31
50000896 2328
50003224 34
50000896 2388
50003284 5
50000896 3009
50003905 57
50000896 3648
50004544 8
49973247 31740
50004987 8
49973247 33281
50006528 302
50006830 3
50006528 368
50006896 11
49973247 36865
50010112 1873
50011985 4
49973247 38912
50012159 816
50012975 12
49973247 40961
50014208 1248
50015456 13
49973247 42240
50015487 1088
50016575 43
50015487 2568
50018055 26
50015487 3260
50015487 4287
50015487 6336
50021823 71
50015487 6784
50022271 75
50022346 1
49973247 49161
50022408 2320
50024728 2
49973247 55297
50028544 737
49973247 57856
50031103 312
50031415 1
50031103 1335
50032438 84
49973247 59392
50032639 343
50032982 5
49973247 65559
50038806 1
49973247 73729
50046976 1880
50048856 2
50046976 5760
50052736 84
49973247 80897
50054144 234
50054378 5
49973247 81920
50055167 288
50055167 1539
50055167 8704
50063871 478
50055167 9217
50064384 69
50055167 13824
50068991 197
49973247 98305
50071552 5057
50076609 44
50071552 8704
50080256 433
50080689 14
49973247 121858
50095105 2880
50097985 55
50095105 4352
50099457 15
50095105 5122
50100227 65
49973247 131076
50104323 2752
50107075 122
50104323 5888
50110211 234
49973247 147456
50120703 14592
50135295 150
49973247 163840
50137087 9984
50147071 72
50137087 14762
50151849 39
50137087 26880
50163967 85
50137087 27649
50164736 1472
50166208 62
50137087 32257
50169344 207
50169551 1
49973247 196608
50169855 3484
50173339 14
50169855 6336
50176191 35
49973247 211458
50184705 1248
50185953 30
50184705 2256
50186961 31
49973247 294912
50268159 23552
50291711 331
50268159 26880
50295039 198
49973247 327680
50300927 24578
50325505 1292
50326797 27
50300927 52224
50353151 2
49973247 393218
50366465 27649
50394114 2568
50396682 68
50394114 3550
50397664 12
49973247 442368
50415615 20481
50436096 1440
50437536 5
50415615 33281
50448896 1088
50449984 29
50415615 69632
50485247 251
50485498 1
49973247 524289
50497536 2568
50500104 70
49973247 589824
50563071 18433
50581504 172
50563071 55297
50618368 2239
50620607 15
50563071 57856
50620927 1088
50622015 33
49973247 655362
50628609 27649
50656258 1056
50657314 24
50628609 80897
50709506 544
49973247 786436
50759683 8704
50768387 5
25826871 24986632
50813503 36865
50850368 751
50813503 39936
50853439 5
50813503 147456
50960959 228
50961187 2
50813503 163840
50977343 17409
50994752 641
50995393 3
50813503 294912
51108415 5888
51114303 45
50813503 393218
51206721 4610
51211331 62
50813503 442368
51255871 8320
51264191 22
50813503 524289
51337792 36865
51374657 26
50813503 655362
51468865 61440
51530305 3521
51533826 6
51468865 81920
51550785 1041
51551826 4
50813503 786436
51599939 24578
51624517 368
51624885 7
25957947 25826871
51784818 27136
51811954 15
51784818 121858
51906676 1335
51908011 3
25964284 25964283
51928567 131076
52059643 478
52060121 11
25964284 26157847
52122131 131076
52253207 5888
52259095 221
52259316 3
52122131 147456
52269587 12290
52281877 641
52282518 3
26200132 26271092
52471224 42240
52513464 2880
52516344 60
26326389 26326848
52653237 57856
52711093 624
52711717 1
52653237 61440
52714677 3840
52718517 197
26326848 26636073
52962921 81920
53044841 11008
53055849 653
53056502 12
52962921 163840
53126761 22656
53149417 118
52962921 217088
53180009 17409
53197418 228
26660932 26660651
53321583 1728
53323311 21
53321583 327680
53649263 36865
53686128 433
53686561 16
27320899 27198652
54519551 24578
54544129 48
54519551 52224
54571775 1088
54572863 39
27325340 27447843
54773183 42240
54815423 4104
27529051 27528740
55057791 98305
55156096 3648
55159744 145
28261778 28261703
56523481 55297
56578778 1440
56580218 28
28261778 28558330
56820108 196608
57016716 9984
57026700 240
57026940 1
28562063 28561978
57124041 24578
57148619 864
57149483 13
57124041 270336
57394377 92
28562063 29060510
57622573 147456
57770029 5888
57775917 160
57622573 327680
57950253 61440
58011693 1200
29429828 29429826
58859654 34816
58894470 1335
58895805 98
29429828 29668948
59098776 294912
59393688 27649
59421337 2568
59423905 90
29848610 29848609
59697219 1441796
61139015 36863
31474569 29848610
61323179 655362
61978541 81920
62060461 9217
62069678 332
62070010 10
31685001 31685434
63370435 27649
63398084 288
63398372 2
31906775 31685434
63592209 442368
64034577 3232
64037809 16
32562137 32682969
65245106 66561
65311667 603
65312270 1
32683929 32683935
65367864 121858
65489722 433
65490155 17
32984221 32984282
65968503 66561
66035064 433
66035497 8
65968503 217088
66185591 3392
66188983 22
33493840 33493791
66987631 786436
67774067 294912
68068979 24578
68093557 141
66987631 2012735
69000366 10880
69011246 71
33493840 35656345
69150185 655362
69805547 42240
69847787 520
69848307 6
69150185 1267275
70417460 5760
70423220 50
69150185 1790161
70940346 16512
70956858 29
35737256 35737242
71474498 2078738
73553236 442368
73995604 27649
74023253 64
71474498 2758942
74233440 15360
74248800 960
74249760 43
71474498 6498312
77972810 6912
77979722 145
77979867 1
71474498 9025344
80499842 294912
80794754 2400
80797154 19
71474498 9549815
81024313 442368
81466681 9984
81476665 167
