4771
1 1
2 1
3 1
2 3
5 1
4 3
7 1
4 5
9 1
6 5
11 1
6 7
13 1
8 7
9 8
17 1
9 10
19 1
11 10
21 1
11 12
23 1
13 12
25 1
13 14
27 1
15 14
29 1
29 2
17 15
32 1
32 2
18 17
35 1
18 19
37 1
20 19
39 1
20 21
41 1
22 21
43 1
22 23
45 1
24 23
47 1
24 25
49 1
26 25
51 1
26 27
53 1
28 27
55 1
28 29
57 1
30 29
59 1
30 31
31 32
32 33
65 1
34 33
67 1
34 35
69 1
36 35
71 1
36 37
73 1
38 37
39 38
77 1
39 40
79 1
41 40
81 1
41 42
42 43
85 1
44 43
87 1
44 45
89 1
46 45
91 1
46 47
47 48
95 1
49 48
97 1
49 50
50 51
101 1
52 51
53 52
105 1
53 54
107 1
55 54
56 57
113 1
58 57
115 1
58 59
117 1
60 59
119 1
60 61
121 1
121 2
61 63
124 1
124 2
63 65
128 1
128 2
65 66
131 1
67 66
68 67
135 1
68 69
137 1
70 69
139 1
70 71
141 1
72 71
143 1
72 73
145 1
74 73
75 74
149 1
75 77
152 1
152 2
77 78
155 1
79 78
157 1
79 80
159 1
81 80
82 81
83 82
165 1
83 85
168 1
168 2
85 86
171 1
87 86
88 89
177 1
90 89
179 1
90 91
91 92
183 1
93 95
188 1
96 95
191 1
96 97
193 1
98 97
99 98
197 1
197 2
101 99
200 1
200 2
102 101
203 1
105 106
211 1
107 106
108 107
215 1
108 109
217 4
113 109
114 113
227 1
114 115
115 116
231 1
119 120
239 1
128 129
129 130
259 1
131 132
263 1
133 132
265 1
136 135
271 1
138 139
141 142
283 1
143 144
287 1
147 146
293 1
147 149
296 2
150 149
299 1
153 154
156 155
311 1
160 159
319 1
160 161
321 1
321 2
165 163
328 2
165 166
331 2
170 169
339 1
172 171
343 1
172 173
345 1
177 173
350 1
179 180
359 1
181 180
183 184
367 1
367 2
192 191
383 1
192 193
193 194
197 195
392 1
197 198
395 1
211 212
423 1
216 215
431 1
216 217
222 227
449 1
449 3
227 228
455 1
232 231
463 1
240 239
479 1
240 257
260 259
519 1
264 263
527 1
272 271
543 1
283 284
567 1
287 288
575 1
293 288
581 1
293 294
587 1
307 300
607 5
607 9
311 307
618 2
311 312
623 1
623 3
320 319
639 1
328 323
651 1
331 333
664 5
339 340
679 1
343 344
687 1
359 351
710 2
710 3
360 359
719 1
360 361
721 6
367 368
735 1
369 383
752 1
384 383
767 1
387 392
779 1
396 395
791 17
791 25
423 396
819 21
423 424
847 1
847 2
432 431
863 1
432 433
865 15
880 1
450 449
899 1
450 452
902 2
455 456
911 1
463 464
927 1
479 480
959 1
959 17
519 520
1039 1
527 528
1055 1
1055 2
1055 12
543 528
1071 5
543 544
1087 1
567 544
1111 17
567 568
1135 1
575 576
1151 1
1151 2
612 607
1219 5
612 616
1228 4
623 624
1247 1
640 639
1279 1
1279 2
664 652
1316 12
679 669
688 687
1375 1
688 710
1398 18
712 710
1422 2
719 720
1439 1
721 720
736 735
1471 1
1471 2
767 768
1535 1
791 780
1571 5
1571 13
808 816
1624 8
819 816
1635 14
819 840
1659 9
1659 13
1659 21
847 848
1695 1
864 863
1727 1
927 928
1855 24
959 928
1887 15
1902 1
960 976
1936 15
1936 31
976 1039
2015 18
2015 32
2015 49
1040 1039
2079 1
1056 1055
2111 1
1067 1057
1071 1076
2147 13
1087 1088
2175 1
1111 1088
2199 25
1151 1136
2287 2
1151 1152
2303 1
1153 1152
2305 39
1153 1219
2372 12
1248 1247
2495 1
1280 1279
2559 1
1316 1328
2644 12
1348 1328
2676 44
1376 1375
2751 1
1424 1422
2846 2
1440 1439
2879 1
1471 1472
2943 1
1536 1535
3071 1
3071 2
1584 1624
3208 24
1632 1624
3256 8
1668 1672
3340 4
1680 1672
3352 8
1696 1695
3391 1
1728 1727
3455 1
1728 1855
3583 33
3583 65
3583 129
1936 1903
3839 1
2064 2047
4111 17
2080 2079
4159 1
2112 2111
4223 1
4223 2
2176 2175
4351 1
2224 2287
4511 1
4511 33
2303 2304
4607 1
2305 2304
2560 2559
5119 1
5119 2
2644 2560
5204 75
5279 1
2656 2644
5300 12
2720 2676
5396 44
2752 2751
5503 1
5503 2
2846 2848
5694 2
2879 2880
5759 1
2943 2944
5887 1
5887 2
3072 3071
6143 1
3208 3073
6281 55
6281 109
6390 2
3208 3232
6440 24
3256 3264
6520 8
3391 3392
6783 1
3455 3456
6911 1
3583 3616
7199 33
3648 3616
7264 32
3648 3712
7360 63
7423 1
3840 3839
7679 1
3840 4111
7951 192
7951 272
8223 1
4128 4111
8239 17
4160 4159
8319 1
4224 4223
8447 1
4351 4225
8576 63
8639 1
4352 4351
8703 1
4512 4544
9056 32
4607 4608
9215 1
4609 4608
9217 159
9217 319
9217 383
4609 5119
9728 32
9728 128
9728 240
9968 15
9983 1
5120 5119
10239 1
5312 5300
10612 12
5312 5396
10708 108
5440 5396
10836 44
5504 5503
11007 1
5694 5505
11199 129
5694 5696
11390 2
5759 5760
11519 1
5887 5888
11775 1
5889 6143
12032 15
12032 204
12236 3
6144 6143
12287 1
6336 6281
12617 55
6392 6440
12832 32
6528 6520
13048 8
6528 6783
13311 65
13311 129
6783 6784
13567 1
6911 6912
13823 1
13823 272
7232 7199
14431 33
7296 7264
14560 32
7423 7424
14847 1
7679 7680
15359 1
7951 8143
16094 257
8239 8256
16495 17
8319 8320
16639 1
8447 8448
16895 1
8576 8448
17024 63
17087 1
8703 8704
17407 1
9056 8704
17760 32
9215 9216
18431 1
9217 9376
18593 169
9856 9760
19616 96
9983 9984
19967 1
10239 10240
20479 1
10612 10240
20852 312
21164 4
10624 10612
21236 12
11328 11199
22527 129
11520 11519
23039 1
11776 11775
23551 1
12288 12287
24575 1
12672 12617
25289 55
13376 13440
26816 63
26879 1
13568 13567
27135 1
13824 13823
27647 1
14431 14464
28895 65
14847 14592
29439 97
15359 15360
30719 607
31326 2
16351 16094
32445 323
32768 4
16895 16896
33791 1
17408 17407
34815 1
17792 18431
36223 129
18432 18431
36863 1
19712 19616
39328 96
19968 19967
39935 1
20480 20479
40959 1
40959 2
21248 22527
43775 257
23040 23039
46079 1
23552 23551
47103 1
24576 24575
49151 1
25344 25289
50633 1076
51709 3
26816 25344
52160 63
52223 1
27647 27648
55295 1
28895 27648
56543 1057
28895 28960
57855 1
57855 497
58352 15
58367 1
29536 29439
58975 396
59371 21
30719 29536
60255 1153
61408 32
32445 32768
65213 323
65536 1
65536 2
32772 32768
65540 240
65780 12
65540 497
66037 11
65540 976
66516 44
33791 33792
67583 1
34815 34816
69631 1
69631 1088
70719 1
36223 34816
71039 881
71920 15
71935 1
36223 36352
72575 129
36863 36864
73727 1
39328 36864
76192 96
76192 607
76799 1
76192 2124
78316 20
39328 39424
78752 96
39935 39936
79871 1
40959 40960
81919 1
40961 43775
84736 240
84976 15
84991 1
44032 43775
87807 257
46080 46079
92159 1
47104 47103
94207 1
49152 49151
98303 2
98303 3
98303 497
98800 15
98815 1
98303 976
99279 49
49152 50633
99785 567
99785 1728
101513 119
51709 50633
102342 58
52224 52223
104447 976
105423 49
104447 2047
106494 2
55295 55296
110591 497
111088 15
111103 1
110591 976
111567 49
56543 55296
111839 791
112630 10
57600 56543
114143 791
114934 10
114143 1057
57856 57855
115711 1
57856 58352
116208 144
58367 58368
116735 1
59392 59371
118763 21
61408 60255
121663 193
61408 61440
122848 33
122848 544
122848 1056
122848 2080
61440 65213
126653 652
127305 1
127305 2
127305 4
127305 5
127305 8
126653 680
127333 4
126653 1672
128325 4
126653 2676
129329 24
65540 65780
131320 81
67584 67583
135167 330
69632 70719
140351 266
70720 70719
141439 202
71920 71039
142959 727
143686 3
142959 736
143695 4
72575 72704
145279 713
145992 1
73728 73727
147455 2372
149827 6
76799 76800
153599 330
78752 78336
157088 95
79871 79872
159743 330
81919 79872
161791 1348
163139 6
81920 81919
163839 1348
165187 6
84991 84992
169983 330
169983 2372
172355 6
94207 92160
94208 98303
192511 330
192511 3392
195903 10
99328 99279
198607 369
198976 9
101513 100352
201865 192
201865 1153
203018 63
102342 102400
204742 387
104447 105423
209870 369
210239 10
106494 106496
212990 331
112640 112630
225270 339
112640 114143
226783 361
227144 1
118763 118784
237547 350
121663 118784
240447 1536
241983 10
123904 124928
248832 1348
250180 5
127305 127306
254611 1
127307 127306
254613 1
127307 127309
254616 2
127310 127313
254623 3
127333 127337
254670 960
255630 4
128329 128325
256654 4
129353 129329
258682 24
131401 131320
262721 81
262721 82
135167 135497
270664 330
140351 140617
280968 266
141439 141641
283080 202
143689 143686
287375 3
143689 143695
287384 4
149833 149827
299660 6
149833 153599
303432 840
304272 2
303432 2372
305804 6
153599 153929
307528 330
157088 153929
311017 928
311945 9
160073 159743
319816 330
163139 163145
326284 6
165193 169983
335176 3392
338568 10
172355 172361
344716 1696
346412 28
344716 5760
350476 60
344716 8143
352859 55
172361 186367
358728 330
358728 6464
365192 10
358728 10240
368968 330
358728 18762
186367 192511
378878 2944
381822 93
381915 1
381822 95
381822 99
381822 102
205129 209870
414999 1728
416727 4
414999 3712
418711 68
210249 210239
420488 2384
422872 3
212990 213321
426311 4609
430920 147
225609 225270
450879 664
451543 4
227145 227144
454289 1348
455637 6
454289 9536
463825 10
241993 241983
483976 339
483976 4352
488328 83
254611 250185
504796 4352
509148 73
509148 74
254611 254612
509223 1
254613 254614
509227 1
256658 256654
513312 4
258706 258682
517388 24
262802 262721
525523 81
262802 262803
262803 270664
533467 2372
535839 5
270664 270994
541658 330
541658 340
270994 280968
551962 8448
560410 10
280968 281234
562202 266
287375 283282
570657 99
287375 287378
574753 3
303432 299666
603098 4352
607450 74
311954 311945
623899 9
311954 319816
631770 4609
636379 146
636379 147
636526 1
326284 326290
652574 8448
661022 79
344716 338578
683294 2372
685666 11
352859 352914
705773 4352
710125 128
359058 358728
717786 652
718438 7
368968 369298
738266 4609
742875 146
381915 381822
763737 93
381915 381916
763831 1
381917 381916
381921 381917
381924 414999
796923 7680
804603 184
804787 3
796923 15360
812283 688
812971 11
422872 422875
845747 3
431067 450879
881946 17088
899034 293
451547 454289
905836 1680
907516 3
455643 463825
919468 9
919468 4352
923820 83
463835 483976
947811 8704
956515 156
488328 488411
976739 7951
984690 163
984853 1
504796 488411
993207 12288
1005495 328
509148 509221
1018369 72
1018369 73
509221 509222
1018443 1
509227 509228
1018455 1
1018455 2033
513316 513312
1026628 4
517412 517388
1034800 24
1034800 25
525523 517412
1042935 4160
1047095 17
525604 525523
1051127 81
541988 541658
1083646 330
551962 560410
1112372 4352
1116724 20
1116724 21
562468 570657
1133125 3
570756 574753
1145509 232
1145741 4
1145741 5
1145741 6
607524 607450
1214974 4352
1219326 147
1214974 12672
1227646 19
636525 636526
1273051 1
636527 636526
1273053 1
1273053 8143
1281196 46
636527 652574
1289101 333
1289101 16640
1305741 77
1305741 79
661101 661022
1322123 16351
1338474 109
1338583 3
1338474 113
1338474 114
661101 683294
1344395 6464
1350859 15
685677 705773
1391450 8704
1400154 204
1400358 1
717786 710253
1428039 2224
1430263 10
1430263 11
1430263 12
1430263 14
1430263 18
1430263 26
718445 718438
1436883 9760
1446643 14
738266 718445
1456711 6281
1462992 49
742875 743021
1485896 9856
1495752 57
1495752 58
763833 763838
1527671 904
1528575 2
1527671 29536
1557207 369
1557576 2
1557576 3
763838 796923
1560761 36864
1597625 912
1598537 1
804603 796923
1601526 5204
845747 812982
1658729 25344
1684073 808
1684881 2
1684881 7
1684073 816
881946 899034
1780980 1281
1782261 11
907519 919468
1826987 4352
1831339 83
1831422 1
923903 947811
1871714 20852
1892566 296
1892862 1
956515 956671
1913186 4544
1917730 38
956671 976739
1933410 5889
1939299 194
1939299 195
1939494 1
993207 984854
1978061 10240
1988301 344
1988301 345
1047112 1051127
2098239 1316
2099555 11
1051127 1051208
2102335 29536
2131871 463
1145746 1145747
2291493 58975
2350468 272
2350740 1
2350740 2
1145747 1214974
2360721 22656
2383377 132
1219473 1227646
2447119 4352
2451471 92
1227646 1227665
2455311 40961
2496272 849
2497121 8
2496272 1584
2497856 30
1273051 1227665
2500716 40961
2541677 721
2542398 5
2541677 727
2542404 3
1338474 1322123
2660597 9088
2669685 23
1350874 1391450
2742324 1111
2743435 1
1430273 1430263
2860536 9
1485896 1495752
2981648 6144
2987792 57
1780980 1684889
3465869 21248
3487117 89
1871714 1892566
3764280 11199
3775479 44
1892863 1892862
3785725 18593
3804318 123
1978061 1939495
3917556 8320
3925876 90
2132334 2291493
4423827 92160
4515987 1855
4517842 21
2455311 2496272
4951583 31328
4982911 928
4983839 8
2987849 3465869
6453718 381924
6835642 31328
6866970 928
6867898 15
6867913 1
3925966 4423827
8349793 431067
8780860 9856
8790716 47
4517863 4517842
9035705 213321
9249026 9376
9258402 11
9035705 283282
9318987 1328
9320315 2
4951583 4517863
9469446 311017
9780463 464
9780927 8
4983839 4983847
9967686 126653
10094339 195
10094534 1
6453718 4983847
11437565 718445
12156010 18762
12174772 680
12175452 3
11437565 812982
12250547 21168
12271715 13
6453718 6835642
13289360 58368
13347728 396
13348124 10
6867913 6867914
13735827 170313
13906140 1111
13907251 8
13735827 956671
14692498 13376
14705874 3
6867914 8349793
15217707 381924
15599631 29536
15629167 260
15629427 2
8349793 8780860
17130653 135497
17266150 4160
17270310 55
9320317 9469446
18789763 121856
18911619 22
9967686 9780935
19748621 4609
19753230 294
19748621 210249
19958870 480
19959350 3
10094534 10094535
20189069 607524
20796593 4352
20800945 4
20189069 923903
21112972 19968
21132940 130
20189069 1322123
21511192 13824
21525016 173
11437565 12156010
23593575 636527
24230102 11008
24241110 133
24241243 1
12271728 12271715
24543443 504796
25048239 3840
25052079 48
12271728 13289360
25561088 525605
26086693 1328
26088021 12
13348134 13348124
26696258 198985
26895243 2560
26897803 65
26696258 350536
27046794 393
13348134 13735827
27083961 326290
27410251 5204
27415455 67
13906140 13735827
27641967 50633
27692600 960
27693560 14
15217707 14705877
29923584 463835
30387419 14095
30401514 13
29923584 541998
30465582 2384
30467966 99
15599631 15217707
30817338 227145
31044483 3073
31047556 122
15629427 15629429
31258856 270994
31529850 8704
31538554 139
31258856 381924
31640780 3648
31644428 26
15629429 17130653
32760082 431067
33191149 14848
33205997 464
33206461 2
17270310 17270365
34540675 111839
34652514 480
34652994 3
34540675 172361
34713036 9728
34722764 10
34713036 9760
34722796 34
34540675 198607
34739282 284
34739566 1
34540675 270994
34811669 5696
34817365 61
34817426 1
18789763 17270365
36060128 804790
36864918 2676
36867594 23
36060128 1020488
37080616 3840
37084456 46
19753524 19958870
39712394 172361
39884755 10240
39894995 188
20189069 19959353
40148422 8704
40157126 31
40148422 172361
40320783 7951
40328734 77
20189069 20796593
40985662 551962
41537624 3712
41541336 119
21525016 21525189
43050205 535844
43586049 2015
43588064 12
43050205 1083976
44134181 11199
44145380 109
44145489 3
43050205 1227665
44277870 34816
44312686 497
44313183 2
23593575 21525189
45118764 287388
45406152 4609
45410761 264
45118764 369298
45488062 5121
45493183 10
45118764 845750
45964514 13056
45977570 2
45118764 1116745
46235509 11199
46246708 6
45118764 1227665
46346429 25344
46371773 587
45118764 1273054
46391818 544
46392362 22
45118764 2542407
47661171 19968
47681139 240
47681379 8
24241243 24241244
48482487 163839
48646326 122
48482487 262803
48745290 2848
48748138 15
48748153 1
48482487 283282
48765769 3840
48769609 137
24543443 24241244
48784687 165193
48949880 3840
48953720 107
26088021 26088033
52176054 172361
52348415 9984
52358399 222
52358621 4
52176054 455643
52631697 2305
26088033 26696258
52784291 710253
53494544 2944
53497488 47
26895243 26696258
53591501 27136
53618637 351
53618988 6
27047187 27083961
54131148 287388
54418536 2880
54421416 1
27693574 27693560
55387134 420488
55807622 1153
55808775 63
55808838 1
55387134 685677
56072811 18593
56091404 139
55387134 1047112
56434246 3840
56438086 126
56438212 1
55387134 1598538
56985672 960
56986632 15
55387134 1939495
57326629 9376
57336005 6
27693574 29923584
57617158 812982
58430140 4609
58434749 178
57617158 2102335
59719493 21248
59740741 620
57617158 2497886
60115044 128
57617158 2660597
60277755 912
60278667 8
30387419 29923584
60311003 72704
60383707 19
30468065 30817338
61285403 27136
61312539 396
61312935 5
61285403 157183
61442586 497
61443083 9
31047556 31047678
62095234 34816
62130050 912
62130962 14
31258856 31047678
62306534 92160
62398694 1967
62400661 13
62306534 172361
62478895 2880
62481775 24
31538693 31538554
63077247 39328
63116575 13
31644454 31644428
63288882 455643
63744525 456
63744981 4
63288882 661101
63949983 5204
63955187 7
32760082 31644454
64404536 311954
64716490 4225
64720715 34
64404536 1020488
65425024 5440
65430464 20
64404536 1083976
65488512 3264
65491776 73
32760082 33191149
65951231 105472
66056703 396
66057099 19
33206463 33206461
66412924 661101
67074025 15360
67089385 202
66412924 881946
67294870 14095
67308965 288
67309253 4
66412924 1322123
67735047 7680
67742727 155
34540675 33206463
67747138 381924
68129062 17088
68146150 312
68146462 2
67747138 422875
68170013 3392
68173405 36
34652994 34652997
69305991 58368
69364359 360
34739282 34722830
69462112 6528
69468640 240
69468880 10
34817427 34817426
69634853 365202
70000055 928
36060128 34817427
70877555 335176
71212731 2944
71215675 79
70877555 369298
71246853 3648
71250501 38
70877555 1495810
72373365 26880
72400245 89
36867594 36867617
73735211 2560
73737771 30
37084456 37084502
74168958 25344
74194302 1248
74195550 24
74168958 262803
74431761 2124
74433885 15
74168958 1684889
75853847 36352
75890199 312
74168958 2102335
76271293 544
76271837 22
37084502 39712394
76796896 1145747
77942643 20480
77963123 41
76796896 1831423
78628319 753
78629072 13
76796896 1913186
78710082 3360
78713442 14
76796896 2542407
79339303 33792
79373095 588
79373683 12
79339303 67584
79406887 1649
79408536 2
76796896 2669708
79466604 55296
79521900 1128
79523028 4
40148422 39895183
80043605 33792
80077397 753
80078150 5
40985662 40328811
81314473 455643
81770116 450
81770566 1
81314473 562468
81876941 3840
81880781 43
41537624 40985662
82523286 227145
82750431 8640
82759071 37
41541455 43050205
84591660 198985
84790645 497
84791142 21
84591660 513316
85104976 277
85105253 2
84591660 1988646
86580306 36864
86617170 2344
44312686 44277870
88590556 4609
88595165 433
88595598 5
44313185 44313183
88626368 378878
89005246 2384
89007630 11
88626368 685677
89312045 11776
89323821 240
89324061 9
44313185 45118764
89431949 344716
89776665 8
45493193 45964514
91457707 381924
91839631 16351
91855982 136
45977570 45977572
91955142 241993
92197135 1584
92198719 2
46246714 46346429
92593143 40961
92634104 2147
92636251 6
46392384 46392362
92784746 907519
93692265 1584
93693849 37
46392384 47661171
94053555 51712
94105267 396
94105663 25
94053555 414999
94468554 138
48953827 48953720
97907547 562468
98470015 2848
98472863 11
97907547 1051208
98958755 9856
98968611 18
97907547 1684889
99592436 44032
99636468 753
99637221 12
97907547 1988646
99896193 43775
99939968 143
99896193 51712
99947905 45
97907547 2455311
100362858 17792
100380650 195
97907547 2542407
100449954 24576
100474530 424
100474954 6
52176054 48953827
101129881 135497
101265378 2372
101267750 2
101129881 1281242
102411123 6144
102417267 73
101129881 1892863
103022744 1696
103024440 14
103022744 13824
103036568 60
101129881 1988646
103118527 14095
103132622 109
103132731 2
52634002 52784291
105418293 57856
105476149 456
105476605 3
53497535 53497488
106995023 46080
107041103 736
107041839 7
54421417 54421416
108842833 46080
108888913 387
108889300 2
108842833 161791
109004624 319
54421417 55387134
109808551 60255
109868806 204
109869010 1
109808551 623908
110432459 2752
110435211 3
109808551 636527
110445078 544
110445622 17
109808551 881946
110690497 4609
110695106 433
110695539 8
109808551 1273054
111081605 3073
111084678 123
55387134 55807622
111194756 57600
111252356 107
111194756 76800
111271556 1398
111272954 15
56438212 56438213
112876425 350536
113226961 928
113227889 30
112876425 488411
113364836 6784
113371620 99
113371719 1
112876425 525605
113402030 2305
113404335 33
56438213 56985672
113423885 455643
113879528 1728
113881256 4
56986632 56986647
113973279 94208
114067487 928
114068415 28
113973279 283282
114256561 433
114256994 4
56986647 57326629
114313276 346440
114659716 1728
114661444 103
57617158 57336011
114953169 455643
115408812 5889
115414701 80
58434749 58434927
116869676 1083976
117953652 10240
117963892 323
117964215 4
58434927 59719493
118154420 431067
118585487 15360
118600847 125
118154420 1145747
119300167 61440
119361607 2344
119363951 12
60278675 60311003
120589678 67584
120657262 351
120657613 5
61285403 60383726
121669129 365202
122034331 520
122034851 5
121669129 517412
122186541 780
122187321 6
62095234 61443092
123538326 192841
123731167 1632
123732799 1
123538326 326290
123864616 791
123865407 2
62481775 62481799
124963574 70720
125034294 40
124963574 570756
125534330 3456
125537786 93
63077247 62481799
125559046 157183
125716229 240
125716469 3
125559046 344716
125903762 433
125904195 14
63288882 63116588
126405470 192841
126598311 1376
126599687 6
63744981 63744985
127489966 163839
127653805 240
127654045 15
63955194 64404536
128359730 488411
128848141 312
128848453 5
128359730 535844
128895574 5696
128901270 1
64404536 64716490
129121026 115712
129236738 93
129236831 1
64720715 64720749
129441464 326290
129767754 48
64720749 65425024
130145773 213321
130359094 10240
130369334 227
130145773 685677
130831450 7424
130838874 81
65491776 65491849
130983625 124928
131108553 1
65491849 65951231
131443080 147455
131590535 128
66412924 66057118
132470042 718445
133188487 14464
67074025 67089385
134163410 5760
134169170 91
67089385 67089587
134178972 31328
134210300 10
67309257 67309253
134618510 145993
134764503 128
68173441 68173405
136346846 346440
136693286 277
69305991 68173441
137479432 1034825
138514257 2384
138516641 105
69305991 69364359
138670350 23040
138693390 145
69634853 69468890
139103743 283282
139387025 1416
139388441 5
69634853 70000055
139634908 153929
139788837 2199
139791036 9
139634908 359058
139993966 4352
139998318 28
70000055 70000983
140001038 143699
140144737 456
140145193 5
70877555 70000983
140878538 283282
141161820 1111
141162931 2
140878538 350536
141229074 1398
141230472 6
140878538 710253
141588791 3840
141592631 122
140878538 763838
141642376 32772
141675148 39
140878538 845750
141724288 34816
141759104 640
141759744 5
140878538 1047112
141925650 240
141925890 14
70877555 71212731
142090286 172361
142262647 11520
142274167 37
71250539 72373365
143623904 143699
143767603 170
143623904 305810
143929714 361
143930075 5
73735211 72400334
146135545 311954
146447499 976
146448475 50
74433885 74433900
148867785 1051208
149918993 29536
149948529 582
148867785 1322123
150189908 7680
150197588 11
76271859 76271837
152543696 143699
152687395 328
152687723 1
76271859 76796896
153068755 320146
153388901 1728
153390629 122
153068755 381924
153450679 15360
153466039 396
153466435 18
153068755 1051208
154119963 25344
154145307 51
153068755 1456711
154525466 4607
76796896 77942643
154739539 172361
154911900 1936
154913836 11
77963123 77963164
155926287 172361
156098648 5440
156104088 21
155926287 256658
156182945 612
156183557 2
155926287 287388
156213675 5204
77963164 78628319
156591483 256658
156848141 1076
156849217 9
78713456 78713442
157426898 451547
157878445 2496
157880941 36
78713456 79339303
158052759 326290
158379049 3712
158382761 115
80043605 80077397
160121002 10624
160131626 27
80078155 80078150
160156305 205129
160361434 3840
160365274 93
160156305 1026632
161182937 7951
161190888 149
81314473 80078155
161392628 1528577
162921205 2560
162923765 18
82750431 82523286
165273717 118784
165392501 2676
165395177 20
82759108 84591660
167350768 517388
167868156 4
167350768 1939495
169290263 30719
169320982 396
169321378 11
86617170 86619514
173236684 195913
173432597 346
173236684 1026632
174263316 3840
174267156 240
174267396 4
86619514 88590556
175210070 381924
175591994 7680
175599674 47
175210070 1606730
176816800 32772
176849572 351
176849923 1
175210070 1871714
177081784 13568
177095352 113
88626368 88595603
177221971 123392
177345363 240
177345603 6
89312045 89007641
178319686 73728
178393414 2224
178395638 20
89776673 89776665
179553338 369298
179922636 618
91457707 91839631
183297338 352914
183650252 4609
183654861 387
183655248 2
92197135 91955142
184152277 149833
184302110 4
92784746 92636257
185421003 956671
186377674 7951
186385625 71
185421003 976739
186397742 5760
186403502 57
93692265 92784746
186477011 463835
186940846 433
186941279 2
94105688 94105663
188211351 213321
188424672 2752
188427424 71
94468692 94468554
188937246 1446657
190383903 4609
190388512 99
188937246 2860545
191797791 19968
191817759 54
97907547 94468692
192376239 3804441
196180680 27648
196208328 727
97907547 98470015
196377562 299666
196677228 865
196678093 7
98472863 98472874
196945737 378878
197324615 2496
197327111 14
98958755 98472874
197431629 205129
197636758 2384
197639142 18
197431629 359058
197790687 3264
197793951 8
98968611 98968629
197937240 58368
197995608 189
99637233 99637221
199274454 61440
199335894 2944
199338838 7
100362858 99947950
200310808 369298
200680106 6784
200686890 83
100474960 101129881
201604841 170313
201775154 464
201775618 10
201604841 718445
202323286 7951
202331237 48
102411123 101267752
203678875 488411
204167286 2124
204169410 6
203678875 1116745
204795620 2944
204798564 109
204798673 1
103132731 103132733
206265464 1005823
207271287 3840
207275127 229
207275356 1
103132733 105418293
208551026 299666
208850692 2176
208852868 11
105476608 105476605
210953213 574756
211527969 5440
211533409 23
210953213 661101
211614314 20480
211634794 109
106995023 105476608
212471631 541998
213013629 2384
213016013 60
107041839 107041846
214083685 195913
214279598 626
214280224 7
108842833 107041846
215884679 484315
216368994 1571
216370565 3
215884679 562468
216447147 7951
216455098 87
109004943 109004624
218009567 763838
218773405 32772
218806177 216
110445639 110445622
220891261 192841
221084102 1728
221085830 119
110695547 110695539
221391086 213321
221604407 9600
221614007 34
111194756 111084801
222279557 72704
222352261 721
111272969 111272954
222545923 163839
222709762 456
112876425 113226961
226103386 4544
226107930 58
113227919 113364836
226592755 84992
226677747 2112
226679859 8
113423885 113879528
227303413 326290
227629703 6912
227636615 156
114661547 114953169
229614716 61440
229676156 2176
229678332 7
229614716 381924
229996640 22656
230019296 159
115414701 115414781
230829482 562468
231391950 3456
231395406 74
230829482 1005823
231835305 4160
231839465 9
230829482 1338588
232168070 652
232168722 9
116869676 115414781
232284457 163145
232447602 59
232284457 1305820
233590277 15360
233605637 624
233606261 1
232284457 1892863
234177320 3232
234180552 3
118600972 118600847
237201819 262803
237464622 6281
237470903 40
119363963 119363951
238727914 21248
238749162 1228
238727914 1051208
239779122 3840
239782962 149
119363963 120589678
239953641 1083976
241037617 21168
241058785 10
120657618 121669129
242326747 237897
242564644 232
242564876 6
122034331 121669129
243703460 270994
243974454 6912
243981366 140
122187321 122187327
244374648 1083976
245458624 25344
245483968 361
245484329 2
122187327 123538326
245725653 743021
246468674 2080
246470754 20
245725653 976739
246702392 3840
246706232 149
123538326 123731167
247269493 18762
247288255 53
123732800 123864616
247597416 123904
247721320 88
123865409 124963574
248828983 3456
248832439 35
248828983 46080
248875063 396
248875459 18
248828983 227145
249056128 6912
249063040 204
125904209 126405470
252309679 304274
252613953 976
252614929 8
127654060 128359730
256013790 40961
256054751 819
256055570 12
128848141 128359730
257207871 25344
257233215 976
257234191 28
257207871 135497
257343368 1398
257344766 3
257207871 250185
257458056 3456
257461512 105
129236831 129236832
258473663 61440
258535103 3392
258538495 51
129441464 129236832
258678296 141641
258819937 960
258820897 2
129767802 129767754
259535556 122881
259658437 10
259535556 186367
259721923 3456
259725379 116
130369561 130831450
261201011 98816
261299827 7
131108553 131108554
262217107 165193
262382300 808
262383108 7
131590663 131590535
263181198 763838
263945036 25344
263970380 239
131590663 132470042
264060705 1083976
265144681 8320
265153001 117
133188487 132470042
265658529 213321
265871850 5312
265877162 15
265658529 335176
265993705 1279
133188487 133202951
266391438 365202
266756640 3456
266760096 77
266391438 570756
266962194 3840
266966034 51
133202951 134163410
267366361 562202
267928563 75
267366361 881946
268248307 3616
268251923 21
134210310 134618510
268828820 305810
269134630 1328
269135958 8
136346846 134764631
271111477 1034825
272146302 1728
272148030 33
136693563 137479432
274172995 796923
274969918 4609
274974527 464
274974991 6
274172995 1026632
275199627 7680
275207307 69
141230472 141230478
282460950 270994
282731944 2880
282734824 55
141724288 141759104
283483392 16094
283499486 48
142090286 142262647
284352933 59392
284412325 396
284412721 22
284352933 106496
284459429 588
284460017 8
142274204 142274167
284548371 956671
285505042 17792
285522834 125
284548371 1227665
285776036 5505
285781541 17
143623904 142274204
285898108 1083976
286982084 9536
286991620 46
285898108 1116745
287014853 1248
287016101 27
285898108 1485896
287384004 4609
287388613 1
143623904 143767603
287391507 99785
287491292 85
143930080 146135545
290065625 1305820
291371445 11776
291383221 61
291383282 1
290065625 1606730
291672355 33792
291706147 753
291706900 5
146135545 146447499
292583044 4111
292587155 8
146448525 146448475
292897000 636527
293533527 2384
293535911 36
292897000 718445
293615445 266
293615711 2
148867785 146448525
295316310 535844
295852154 1584
295853738 4
295316310 923903
296240213 16896
296257109 38
295316310 1601526
296917836 3840
296921676 221
295316310 2132334
297448644 70720
297519364 271
295316310 2542407
297858717 39936
297898653 240
148867785 149918993
298786778 352914
299139692 5505
299145197 45
150197599 150197588
300395187 763838
301159025 9376
301168401 89
300395187 2102335
302497522 26816
302524338 1
152543696 150197599
302741295 346440
303087735 2944
303090679 101
302741295 535844
303277139 1153
303278292 22
302741295 1606730
304348025 23040
304371065 480
304371545 5
152687724 153068755
305756479 414999
306171478 881
306172359 14
305756479 607524
306364003 10836
306374839 42
153450679 153390751
306841430 19712
306861142 124
153466453 153466435
306932888 283282
307216170 2033
307218203 5
306932888 607524
307540412 4111
307544523 1
154530073 154739539
309269612 346440
309616052 1348
309617400 7
154913847 155926287
310840134 369298
311209432 1440
156218879 156213675
312432554 352914
312785468 1584
312787052 26
156848141 156591483
313439624 145279
313584903 89
156849217 156849226
313698443 73728
313772171 1903
313774074 29
158052759 157880977
315933736 102400
316036136 727
316036863 4
160121002 158382876
318503878 129353
318633231 976
318634207 38
318503878 227145
318731023 105
160131653 160156305
320287958 20852
320308810 232
320309042 1
160365367 160365274
320730641 685677
321416318 13824
321430142 260
321430402 1
161182937 160365367
321548304 743021
322291325 1728
322293053 38
161191037 161392628
322583665 116736
322700401 1536
322701937 34
322583665 1684889
324268554 2384
324270938 51
162923765 162923783
325847548 1227665
327075213 19712
327094925 173
327095098 3
325847548 1281242
327128790 1903
327130693 5
165273717 162923783
328197500 1042935
329240435 284
328197500 1112372
329309872 339
328197500 1871714
330069214 20480
330089694 277
330089971 5
328197500 2132334
330329834 4609
330334443 114
167350768 165395197
332745965 14431
332760396 30
332745965 710253
333456218 2752
333458970 52
332745965 812982
333558947 8
332745965 976739
333722704 712
332745965 1456711
334202676 976
334203652 46
332745965 1560761
334306726 976
334307702 39
167868160 169290263
337158423 416731
337575154 1281
337576435 15
337576450 1
337158423 845750
338004173 27136
338031309 424
338031733 3
337158423 1219473
338377896 4609
338382505 81
169321389 169321378
338642767 1463041
340105808 2848
340108656 29
338642767 3804441
342447208 106496
342553704 1473
342555177 6
169321389 173236684
342558073 52224
342610297 2560
342612857 18
342558073 1780980
344339053 1153
344340206 29
342558073 2987849
345545922 431067
345976989 2384
345979373 20
173432943 173432597
346865540 763838
347629378 9856
347639234 20
174267400 174267396
348534796 258706
348793502 2289
348795791 7
174267400 175210070
349477470 535844
350013314 1672
350014986 4
349477470 899327
350376797 4160
350380957 53
175599674 175599721
351199395 213321
351412716 1680
351414396 13
351199395 270994
351470389 1473
351471862 35
351199395 881946
352081341 12047
352093388 109
352093497 3
176849924 176849923
353699847 61440
353761287 1649
353762936 9
176849924 177081784
353931708 94208
354025916 881
354026797 3
179553338 178395658
357948996 1436883
359385879 4160
359390039 36
179923254 179922636
359845890 1495810
361341700 9984
361351684 184
361351868 3
359845890 2132334
361978224 105472
362083696 960
362084656 3
359845890 2669708
362515598 23552
362539150 976
362540126 7
183297338 179923254
363220592 2669708
365890300 52224
365942524 396
365942920 12
184302114 184302110
368604224 44032
368648256 607
368648863 2
368604224 186367
368790591 2656
368793247 1
185421003 184302114
369723117 381924
370105041 18762
370123803 720
369723117 812982
370536099 13056
370549155 173
370549328 3
185421003 186377674
371798677 525605
372324282 2496
372326778 7
186941281 186941279
373882560 919477
374802037 3208
374805245 20
186941281 188211351
375152632 1026632
376179264 780
376180044 6
375152632 1227665
376380297 928
376381225 23
188211351 188424672
376636023 172361
376808384 3073
376811457 108
188937246 188427495
377364741 65540
377430281 19
377364741 101632
377466373 367
377364741 1684889
379049630 73728
379123358 840
379124198 4
190383903 188937246
379321149 574756
379895905 25
379321149 763838
380084987 11328
380096315 18
379321149 956671
380277820 1680
380279500 4
379321149 1034825
380355974 3648
380359622 37
190388611 190388512
380777123 258706
381035829 1535
380777123 359058
381136181 183
380777123 1051208
381828331 25344
381853675 616
381854291 1
191797791 190388611
382186402 34816
382221218 497
382221715 11
382186402 652574
382838976 2752
382841728 58
191817759 191817813
383635572 488411
384123983 14592
384138575 98
192376239 191817813
384194052 2860545
387054597 34816
387089413 1398
387090811 1
384194052 3925966
388120018 116352
388236370 172
192376239 196180680
388556919 381924
388938843 5440
388944283 51
388556919 812982
389369901 8704
389378605 153
388556919 1782272
390339191 24576
390363767 346
388556919 2291493
390848412 12047
390860459 38
196678100 196945737
393623837 346440
393970277 3456
393973733 44
197995797 199274454
397270251 1026632
398296883 5440
398302323 13
199338845 199338838
398677683 426311
399103994 2080
399106074 29
199338845 200310808
399649653 1020488
400670141 1153
400671294 27
200686973 200686890
401373863 812982
402186845 1728
402188573 116
200686973 201604841
402291814 607524
402899338 5760
402905098 83
402905181 1
201775618 201775628
403551246 165193
403716439 780
403717219 6
202331285 202331237
404662522 652574
405315096 1441
405316537 22
202331285 203678875
406010160 420488
406430648 2033
406432681 9
406010160 661101
406671261 4609
406675870 351
406676221 2
406010160 1684889
407695049 5505
407700554 184
407700738 3
204167286 203678875
407846161 47104
407893265 640
407893905 6
204169416 204169410
408338826 186367
408525193 1696
408526889 14
204798674 204798673
409597347 1005823
410603170 10836
410614006 14
204798674 206265464
411064138 1560761
412624899 32772
412657671 976
412658647 17
206265464 207271287
413536751 40961
413577712 1422
413579134 1
207275357 207275356
414550713 431067
414981780 14560
414996340 17
414550713 541998
415092711 4160
415096871 59
208551026 207275357
415826383 1305820
417132203 5889
417138092 160
415826383 1350874
417177257 626
417177883 4
208852879 208852868
417705747 1495810
419201557 30719
419232276 121
417705747 1831423
419537170 3840
419541010 6
417705747 1988646
419694393 8704
419703097 114
208852879 210953213
419806092 203081
420009173 640
420009813 6
211527969 210953213
422481182 541998
423023180 5889
423029069 83
423029152 1
211634903 211634794
423269697 213321
423483018 7424
423490442 240
423490682 10
212471631 211634903
424106534 763838
424870372 31328
424901700 300
424902000 3
424106534 1338588
425445122 1696
425446818 13
212471631 213013629
425485260 88064
425573324 1153
425574477 1
214083685 213016073
427099758 431067
427530825 3392
427534217 17
427099758 1020488
428120246 626
428120872 2
214280231 214280224
428560455 69632
428630087 277
428630364 4
428560455 763838
429324293 12288
429336581 129
428560455 1145747
429706202 4160
429710362 39
429706202 66516
429772718 39
428560455 1350874
429911329 17792
429929121 616
215884679 216368994
432253673 157183
432410856 1328
432412184 2
216455185 216455098
432910283 281234
433191517 928
433192445 20
432910283 431067
433341350 6520
433347870 5
432910283 984854
433895137 3073
433898210 58
432910283 1495810
434406093 2944
434409037 97
218009567 216455185
434464752 79872
434544624 1967
434546591 41
434464752 463835
434928587 14848
434943435 369
434943804 8
218009567 218773405
436782972 661101
437444073 3456
437447529 45
218806177 218806393
437612570 311954
437924524 5440
437929964 44
437612570 1831423
439443993 93
220891261 218806393
439697654 845750
440543404 5312
440548716 50
439697654 1350874
441048528 18762
441067290 819
441068109 6
439697654 1684889
441382543 20480
441403023 222
441403245 1
221614007 221614041
443228048 213321
443441369 6912
443448281 97
222279557 221614041
443893598 11008
443904606 54
443893598 488411
444382009 10240
444392249 146
222709762 222545923
445255685 49152
445304837 204
445305041 3
222709762 222710218
445419980 160073
445580053 1696
445581749 14
445419980 2542407
447962387 61440
448023827 369
448024196 1
445419980 2987849
448407829 52224
448460053 640
448460693 1
226103386 222710218
448813604 652574
449466178 7296
449473474 51
448813604 1034825
449848429 3840
449852269 102
448813604 2132334
450945938 104447
451050385 928
451051313 1
448813604 2860545
451674149 40961
451715110 1680
451716790 5
226107930 226107988
452215918 378878
452594796 780
226107988 226592755
452700743 5889
452706632 157
452700743 338578
453039321 928
453040249 25
226679867 227303413
453983280 326290
454309570 5889
454315459 155
227636771 229614716
457251487 135497
457386984 4225
457251487 1528577
458780064 464
458780528 9
457251487 1606730
458858217 1903
458860120 18
457251487 1684889
458936376 23552
458959928 819
458960747 13
230019455 230019296
460038751 1136
460039887 11
460038751 227145
460265896 6281
460272177 5
230019455 230829482
460848937 431067
461280004 396
461280400 2
460848937 956671
461805608 1728
461807336 77
230829482 231391950
462221432 111104
462332536 181
462221432 350536
462571968 688
462572656 5
231395406 231395480
462790886 40961
462831847 544
462832391 7
231839474 232168070
464007544 76800
464084344 257
464084601 1
232284457 232168731
464453188 40961
464494149 351
233606261 233606262
467212523 338578
467551101 5505
467556606 115
234177320 233606262
467783582 100352
467883934 202
234180552 234180555
468361107 463835
468824942 8704
468833646 232
468833878 4
468361107 1145747
469506854 32445
469539299 296
469539595 1
468361107 1305820
469666927 3360
469670287 15
237201819 234180555
471382374 570756
471953130 2384
471955514 47
471382374 812982
472195356 3456
472198812 57
237464622 237201819
474666441 92160
474758601 1473
474760074 43
474666441 227145
474893586 5889
474899475 42
237470903 237470943
474941846 1227665
476169511 6912
476176423 27
238750390 238749162
477499552 44032
477543584 1328
477544912 4
238750390 239779122
478529512 365202
478894714 3360
478898074 21
239953641 239783111
479736752 455643
480192395 7424
480199819 109
241058785 241058795
482117580 1145747
483263327 221
242564644 242326747
484891391 106496
484997887 1584
484999471 32
242564882 243703460
486268342 213321
486481663 9760
486491423 11
243974454 243703460
487677914 57856
487735770 139
243981366 243981506
487962872 72575
488035447 53
243981506 244374648
488356154 956671
489312825 19712
489332537 203
245458624 244374648
489833272 956671
490789943 10624
490800567 39
245725653 246468674
492194327 504796
492699123 3456
492702579 17
247597416 247288308
494885724 305810
495191534 1040
495192574 11
247721408 247721320
495442728 149833
495592561 1903
495594464 24
495442728 574756
496017484 21168
496038652 4
248875459 248875477
497750936 11776
497762712 19
249063040 249063244
498126284 2132334
500258618 135497
500394115 2944
500397059 50
249063244 252309679
501372923 102400
501475323 1153
501476476 58
501372923 1782272
503155195 20480
503175675 361
503176036 2
501372923 2743436
504116359 5760
504122119 44
252309679 252613953
504923632 227145
505150777 3232
505154009 13
252614929 252614937
505229866 541998
505771864 8448
505780312 47
256013790 252614937
508628727 311954
508940681 4352
508945033 158
259725379 259725495
519450874 1227665
520678539 43775
520722314 108
261201011 259725495
520926506 283282
521209788 1473
521211261 44
520926506 812982
521739488 11776
521751264 198
520926506 907519
521834025 2560
521836585 29
261299834 261299827
522599661 172361
522772022 13440
522785462 105
522599661 213321
522812982 2344
522815326 4
262217107 261299834
523516941 804790
524321731 3840
524325571 232
524325803 3
262383115 263181198
525564313 1020488
526584801 2224
526587025 55
525564313 1350874
526915187 11328
526926515 45
263181198 263945036
527126234 381924
527508158 16094
527524252 123
264060705 263970619
528031324 50633
528081957 912
528082869 4
264060705 265144681
529205386 55296
529260682 1135
265877177 265993705
531870882 111567
531982449 17
266391438 265994984
532386422 81920
532468342 1088
532469430 11
532386422 92160
532478582 497
532479079 18
266756640 266391438
533148078 172361
533320439 5696
533326135 49
266760173 266760096
533520269 81920
533602189 1219
533603408 2
266966034 266966085
533932119 163839
534095958 480
534096438 7
267366361 266966085
534332446 381924
534714370 5121
534719491 57
267928638 267928563
535857201 14592
535871793 143
268251944 268251923
536503867 431067
536934934 9984
536944918 177
268251944 268828820
537080764 381924
537462688 26880
537489568 142
269135966 269135958
538271924 147455
538419379 396
538419775 21
538271924 1145747
539417671 12288
539429959 307
538271924 1227665
539499589 16512
539516101 17
269135966 271111477
540247443 163839
540411282 333
540411615 2
540247443 1214974
541462417 3840
541466257 177
540247443 1289434
541536877 7199
541544076 20
540247443 1684889
541932332 12864
541945196 6
540247443 1782272
542029715 17408
542047123 56
540247443 1892863
542140306 15360
542155666 568
542156234 3
540247443 2743436
542990879 27648
543018527 727
543019254 5
272146302 271111477
543257779 450879
543708658 652
543709310 4
543257779 488411
543746190 3648
543749838 41
272148030 272148063
544296093 270994
544567087 6528
544573615 99
544573714 1
544296093 845750
545141843 28960
545170803 432
544296093 1047112
545343205 2944
545346149 58
544296093 1227665
545523758 23552
545547310 385
545547695 1
544296093 1831423
546127516 21248
546148764 284
546149048 2
544296093 1892863
546188956 19712
546208668 65
274172995 272148063
546321058 623908
546944966 3840
546948806 197
546321058 636527
546957585 4544
546962129 6
546321058 1495810
547816868 2384
547819252 53
546321058 1892863
548213921 12864
548226785 3
546321058 2542407
548863465 72704
548936169 640
548936809 2
274974991 274974997
549949988 88064
550038052 3616
550041668 9
275207376 275207307
550414683 6867914
557282597 213321
557495918 8143
557504061 30
282460950 275207376
557668326 1005823
558674149 4609
558678758 300
558679058 3
557668326 3487206
561155532 237897
561393429 1680
561395109 10
557668326 3925966
561594292 426311
562020603 1473
562022076 59
557668326 6867914
564536240 135497
564671737 2124
564673861 8
282734879 282734824
565469703 16640
565486343 125
565469703 488411
565958114 2372
565960486 4
282734879 283483392
566218271 72704
566290975 652
566291627 1
566218271 346440
566564711 3840
566568551 108
283499534 284352933
567852467 574756
568427223 840
568428063 3
284548371 285505042
570053413 513316
570566729 456
570567185 1
285781558 285781541
571563099 47104
571610203 2033
571612236 7
287491292 287391507
574882799 19616
574902415 1
287491377 287491292
574982669 270994
575253663 4160
575257823 38
574982669 812982
575795651 30719
575826370 232
575826602 1
287491377 290065625
577557002 1606730
579163732 14848
579178580 330
577557002 2860545
580417547 6528
580424075 19
577557002 2987849
580544851 165193
580710044 4609
580714653 140
291383283 291383282
582766565 56543
582823108 880
291706900 291706905
583413805 418779
583832584 1376
583833960 6
583413805 743021
584156826 3840
584160666 161
584160827 1
292583044 291706905
584289949 463835
584753784 19968
584773752 160
584289949 763838
585053787 8704
585062491 19
292587155 292587163
585174318 135497
585309815 2944
585312759 8
292897000 293533527
586430527 47104
586477631 228
586430527 570756
587001283 1728
587003011 11
293615713 293615711
587231424 743021
587974445 16094
587990539 15
293615713 295316310
588932023 198985
589131008 387
589131395 4
588932023 533467
589465490 2199
589467689 9
588932023 1350874
590282897 32772
590315669 664
590316333 1
296257147 296257109
592514256 463835
592978091 13824
592991915 7
298786778 297898893
596685671 131401
596817072 1696
596818768 2
596685671 350536
597036207 497
597036704 18
596685671 463835
597149506 18762
597168268 37
596685671 1051208
597736879 23552
597760431 849
597761280 12
299145197 299145242
598290439 431067
598721506 9088
598730594 109
598730703 2
299145242 300395187
599540429 227145
599767574 2080
599769654 12
599540429 1350874
600891303 10240
600901543 105
599540429 1871714
601412143 2752
601414895 51
301168490 302497522
603666012 202057
603868069 899
603666012 881946
604547958 6784
604554742 105
302524338 302524339
605048677 163839
605212516 912
605213428 5
302741295 302524339
605265634 55296
605320930 433
605321363 5
302741295 303087735
605829030 198985
606028015 840
303278292 303278314
606556606 636527
607193133 10708
607203841 55
304348025 303278314
607626339 763838
608390177 8448
608398625 89
304371545 304371550
608743095 209870
608952965 240
608953205 1
608743095 1116745
609859840 8704
609868544 11
304371550 305756479
610128029 551962
610679991 8320
610688311 41
610128029 1145747
611273776 23040
611296816 497
611297313 1
610128029 1463041
611591070 9217
611600287 119
305756479 306171478
611927957 369298
612297255 166
306172373 306172359
612344732 128329
612473061 904
612473965 5
306172373 306364003
612536376 106496
612642872 433
612643305 6
306374839 306374881
612749720 431067
613180787 16512
613197299 123
306861266 306932888
613794154 165193
613959347 640
613959987 5
307218208 307218203
614436411 40961
614477372 1424
614478796 12
309269612 307544524
616814136 1145747
617959883 56543
618016426 124
311210872 312432554
623643426 241993
623885419 3840
623889259 146
623643426 416731
624060157 424
624060581 2
623643426 607524
624250950 5889
624256839 66
312785468 312432554
625218022 106496
625324518 3648
625328166 29
313774074 313774103
627548177 287388
627835565 8143
627843708 7
627548177 541998
628090175 2176
628092351 13
313774103 315933736
629707839 270994
629978833 6912
629985745 283
629707839 1005823
630713662 4609
630718271 351
630718622 5
630713662 5505
630719167 86
629707839 1344395
631052234 2560
631054794 25
316036863 316036867
632073730 1350874
633424604 727
633425331 5
632073730 1684889
633758619 31328
633789947 520
318731128 318731023
637462151 743021
638205172 13824
638218996 53
318731128 320287958
639019086 812982
639832068 3073
639835141 113
639832068 27136
639859204 433
639859637 13
639019086 923903
639942989 14095
639957084 177
639019086 1289434
640308520 9760
640318280 63
640318343 1
639019086 1400359
640419445 15360
640434805 240
640435045 15
640435060 1
320309042 320309043
640618085 44032
640662117 266
640662383 3
320730641 320309043
641039684 484315
641523999 1967
641525966 27
320730641 321416318
642146959 661101
642808060 3344
642811404 7
321430403 321548304
642978707 18762
642997469 626
642998095 8
642978707 213321
643192028 8448
643200476 5
642978707 287388
643266095 7951
643274046 180
322291325 321548304
643839629 352914
644192543 3840
644196383 173
644196556 1
643839629 381924
644221553 7296
644228849 17
322701971 322701937
645403908 541998
645945906 6464
645952370 8
645403908 956671
646360579 16094
646376673 34
324268554 322701971
646970525 652574
647623099 8239
647631338 15
647631353 1
324270938 324270989
648541927 993207
649535134 11776
649546910 143
325847548 324270989
650118537 2102335
652220872 849
652221721 12
650118537 2542407
652660944 81920
652742864 312
652743176 2
325847548 327075213
652922761 812982
653735743 14431
653750174 29
652922761 1219473
654142234 6784
654149018 13
329240435 328197500
657437935 420488
657858423 7
329310211 329309872
658620083 463835
659083918 6464
659090382 54
330334443 330334557
660669000 57856
660726856 369
660727225 8
660669000 1782272
662451272 23552
662474824 864
662451272 36864
662488136 2147
662490283 12
660669000 1988646
662657646 10708
662668354 103
662668457 1
332745965 330334557
663080522 1988646
665069168 106496
665175664 1153
665176817 48
332760396 332760426
665520822 88064
665608886 1153
665610039 4
333456218 332760426
666216644 6281
666222925 12
333722704 333723416
667446120 88064
667534184 2848
667537032 14
334307702 334307741
668615443 2743436
671358879 55296
671414175 333
671414508 2
334307741 337158423
671466164 2987849
674454013 94208
674548221 2880
674551101 50
337576451 337576450
675152901 102400
675255301 339
338377896 338031736
676409632 262803
676672435 5889
676678324 36
340105808 338642767
678748575 106496
678855071 1967
678857038 23
678748575 560420
679308995 1728
679310723 2
678748575 923903
679672478 588
679673066 13
678748575 1020488
679769063 5505
679774568 139
340108656 340108685
680217341 1083976
681301317 8320
681309637 14
680217341 1133128
681350469 12047
681362516 153
340108685 342447208
682555893 205129
682761022 1247
682555893 422875
682978768 433
682979201 10
682555893 1560761
684116654 25344
684141998 99
682555893 2360721
684916614 18762
684935376 139
342612875 342612857
685225732 359058
685584790 4225
685589015 93
685589108 1
685225732 956671
686182403 14848
686197251 107
345545922 344340235
689886157 574756
690460913 10880
690471793 50
689886157 812982
690699139 1281
690700420 24
345979393 345979373
691958766 111839
692070605 688
691958766 685677
692644443 3840
692648283 83
692648366 1
346865540 345979393
692844933 153929
692998862 1076
692999938 4
692844933 1350874
694195807 4609
694200416 351
694200767 3
692844933 1456711
694301644 3648
694305292 60
347629378 346865540
694494918 463835
694958753 37
347639234 347639254
695278488 262803
695541291 1248
695542539 13
348534796 347639254
696174050 335176
696509226 312
696509538 4
696174050 804790
696978840 1136
696979976 13
696174050 993207
697167257 9984
697177241 240
697177481 3
350013314 349477470
699490784 270994
699761778 2124
350381010 351199395
701580405 205129
701785534 4512
701790046 14
351414409 351470389
702884798 25344
702910142 880
352093500 353699847
705793347 845750
706639097 11520
706650617 8
705793347 1350874
707144221 17408
707161629 25
354026797 354026800
708053597 956671
709010268 73
708053597 1116745
709170342 4225
709174567 4
708053597 2132334
710185931 66560
710252491 456
710252947 5
708053597 3487206
711540803 172361
711713164 3648
711716812 34
357948996 354026800
711975796 603098
712578894 4160
712583054 30
711975796 1917768
713893564 1728
713895292 116
711975796 2132334
714108130 13311
714121441 39
711975796 2383509
714359305 61440
714420745 1584
714422329 20
711975796 2743436
714719232 1696
714720928 12
711975796 3465869
715441665 11008
715452673 21
711975796 3487206
715463002 106496
715569498 576
715570074 4
711975796 3785725
715761521 13376
715774897 39
711975796 3804441
715780237 106496
715886733 3360
715890093 19
711975796 3925966
715901762 463835
716365597 11008
716376605 75
716376680 1
357948996 359385879
717334875 763838
718098713 28960
718127673 433
718128106 10
717334875 1227665
718562540 22656
718585196 10
359845890 361341700
721187590 338578
721526168 4609
721530777 109
721530886 1
721187590 352914
721540504 5696
721546200 18
721187590 845750
722033340 20480
722053820 260
721187590 1034825
722222415 3073
722225488 22
361351871 361351868
722703739 381924
723085663 8448
361978224 361351871
723330095 420488
723750583 588
723751171 14
723330095 431067
723761162 12864
723774026 131
362084659 362084656
724169315 205129
724374444 3456
724377900 120
724169315 369298
724538613 20
362540133 362540126
725080259 541998
725622257 3264
725625521 60
362540133 363220592
725760725 2500716
728261441 21248
728282689 768
728283457 3
363220592 365890300
729110892 1528577
730639469 2124
730641593 6
729110892 2383509
731494401 27648
731522049 976
731523025 1
729110892 2455311
731566203 34816
731601019 912
731601931 14
365942932 365942920
731885852 812982
732698834 17088
732715922 180
731885852 1112372
732998224 3648
733001872 45
731885852 2360721
734246573 19616
734266189 70
365942932 368604224
734547156 47104
734594260 1398
734547156 607524
735154680 8448
735163128 34
369723117 368793248
738516365 381924
738898289 15360
738913649 240
738913889 3
370549331 371798677
742348008 812982
743160990 7680
743168670 109
743168779 2
371798677 372324282
744122959 51712
744174671 433
744175104 14
372326778 372326785
744653563 92160
744745723 1247
744653563 513316
745166879 1057
745167936 7
744653563 661101
745314664 4544
745319208 32
744653563 1289434
745942997 4225
745947222 7
373882560 372326785
746209345 66560
746275905 588
746276493 3
746209345 562468
746771813 6392
746778205 1
374802037 373882560
748684597 743021
749427618 5889
749433507 97
376179264 375152632
751331896 49152
751381048 528
751381576 7
376811457 376811565
753623022 307858
753930880 92
376811565 377364741
754176306 172361
754348667 10624
754359291 15
754359306 1
377466740 377466373
754933113 705773
755638886 3073
755641959 109
379124202 379124198
758248400 172361
758420761 5396
758426157 3
380359659 380777123
761136782 67584
761204366 1153
761205519 19
761136782 574756
761711538 976
761712514 40
380777123 381035829
761812952 131401
761944353 2344
761946697 14
761944353 3712
761948065 33
381037364 381035829
762073193 52224
762125417 1328
762126745 12
381136364 381136181
762272545 381924
762654469 2384
762656853 92
381136364 381828331
762964695 84992
763049687 1473
763051160 19
382221726 382221715
764443441 517412
764960853 976
764961829 3
764443441 607524
765050965 3840
765054805 124
382841786 383635572
766477358 525605
767002963 3840
767006803 222
766477358 956671
767434029 3360
767437389 13
384194052 384138673
768332725 420488
768753213 1076
768754289 7
768332725 1601526
769934251 3073
769937324 46
768332725 1684889
770017614 46080
770063694 107
768332725 1978061
770310786 3073
770313859 103
768332725 2132334
770465059 102400
770567459 1111
770568570 14
768332725 2743436
771076161 39936
771116097 736
771116833 13
387054597 384194052
771248649 1436883
772685532 2064
772687596 12
771248649 2743436
773992085 71936
774064021 396
774064417 6
388120018 387090812
775210830 326290
775537120 101
389378758 390339191
779717949 127337
779845286 156
390364113 390363767
780727880 431067
781158947 17792
781176739 229
390860459 390860497
781720956 743021
782463977 4544
782468521 20
781720956 812982
782533938 6784
782540722 101
781720956 845750
782566706 31328
782598034 960
782598994 4
390860497 393623837
784484334 129353
784613687 101
784484334 1020488
785504822 544
785505366 15
784484334 1145747
785630081 2176
785632257 8
784484334 1606730
786091064 15360
786106424 323
786106747 4
393973733 393973777
787947510 79872
788027382 626
788028008 2
787947510 304274
788251784 240
788252024 4
787947510 2743436
790690946 3256
790694202 4
787947510 2860545
790808055 52224
790860279 2676
790862955 28
790808055 81920
790889975 1153
790891128 35
393973777 397270251
791244028 1083976
792328004 17792
792345796 240
792346036 12
791244028 1281242
792525270 1951
792527221 7
791244028 2987849
794231877 157183
794389060 652
794389712 10
398296883 397270251
795567134 153929
795721063 1967
795723030 14
398302336 398302323
796604659 304274
796908933 74
399649653 399106103
798755756 636527
799392283 13440
799405723 48
399649653 400670141
800319794 203081
800522875 480
800523355 6
800319794 541998
800861792 3456
800865248 109
400671321 400671294
801342615 426311
801768926 2720
801771646 21
801342615 463835
801806450 8239
801814689 13
401373863 400671321
802045184 67584
802112768 1728
802114496 77
402291814 402899338
805191152 287388
805478540 8704
805487244 300
805487544 3
402905181 402905182
805810363 203081
806013444 928
806014372 15
403551246 402905182
806456428 463835
806920263 13056
806933319 43
404662522 403717225
808379747 94208
808473955 3840
808477795 166
808379747 463835
808843582 3648
808847230 56
405315096 404662522
809977618 420488
810398106 1696
810399802 25
809977618 513316
810490934 1728
810492662 18
405316537 405316559
810633096 213321
810846417 960
810847377 4
407695049 406676223
814371272 636527
815007799 588
815008387 15
408338826 407893911
816232737 205129
816437866 791
816438657 15
816438672 1
408525193 408338826
816864019 46080
816910099 588
816910687 5
408526903 408526889
817053792 205129
817258921 4160
817263081 51
408526903 409597347
818124250 1018456
819142706 1728
819144434 116
818124250 1227665
819351915 13056
819364971 150
819365121 1
410614020 411064138
821678158 956671
822634829 9984
822644813 46
821678158 1145747
822823905 39424
822863329 396
822863725 20
821678158 1227665
822905823 32445
822938268 184
822938452 2
412658647 412658664
825317311 335176
825652487 1473
825653960 24
413536751 412658664
826195415 381924
826577339 10836
826588175 13
413579134 413579135
827158269 570756
827729025 3840
827732865 52
414550713 413579135
828129848 381924
828511772 23552
828535324 433
828535757 3
415096871 415096930
830193801 359058
830552859 497
830553356 2
830193801 603098
830796899 197
415826383 415096930
830923313 718445
831641758 6784
831648542 31
830923313 1528577
832451890 5312
832457202 36
417132203 415826383
832958586 574756
833533342 2224
833535566 26
832958586 845750
833804336 8704
833813040 128
417177887 417177883
834355770 100352
834456122 1136
834457258 1
834355770 422875
834778645 450
834779095 1
417705747 417177887
834883634 118784
835002418 59
834883634 365202
835248836 2384
835251220 6
417705747 419201557
836907304 1145747
838053051 19712
838072763 77
836907304 1322123
838229427 753
836907304 1430289
838337593 5396
838342989 20
419703211 419806092
839509303 106496
839615799 2124
839617923 5
420009819 420009813
840019632 326290
840345922 2644
840348566 7
840019632 1273054
841292686 5760
841298446 30
840019632 1322123
841341755 14848
841356603 222
841356825 3
422481182 423023180
845504362 535844
846040206 2199
846042405 12
424106534 423490692
847597226 17792
847615018 544
847615562 1
847597226 145993
847743219 1111
847744330 6
847597226 661101
848258327 3648
848261975 39
847597226 923903
848521129 3392
848524521 49
847597226 1219473
848816699 1728
848818427 122
424902003 425445122
850347125 283282
850630407 20
425446831 425485260
850932091 7424
850939515 171
425574477 425574478
851148955 899327
852048282 4160
852052442 4
427099758 425574478
852674236 1658729
854332965 7424
854340389 88
852674236 1917768
854592004 9056
854601060 26
428560455 428120874
856681329 40961
856722290 1376
856723666 7
856681329 359058
857040387 1680
857042067 14
428630368 428630364
857260732 381924
857642656 9600
857652256 8
429929121 429929737
859858858 1227665
861086523 34816
861121339 1136
861122475 2
859858858 1831423
861690281 19712
861709993 165
859858858 1871714
861730572 17792
861748364 612
861748976 2
859858858 1988646
861847504 66048
861913552 232
861913784 3
432253673 429929737
862183410 743021
862926431 14095
862940526 149
433347875 433347870
866695745 270994
866966739 6784
866973523 59
866695745 513316
867209061 2944
867212005 30
433898268 434406093
868304361 2944
868307305 95
434943812 434943804
869887616 451547
870339163 2384
870341547 23
869887616 947811
870835427 3840
870839267 217
870839484 2
870835427 5440
870840867 3
869887616 1495810
871383426 3392
871386818 23
869887616 1560761
871448377 36352
871484729 59
434943812 436782972
871726784 899327
872626111 976
872627087 34
871726784 1917768
873644552 3392
873647944 49
436782972 437444073
874227045 303432
874530477 229
874227045 636527
874863572 1248
874864820 30
437612570 437447574
875060144 99328
875159472 160
875060144 141641
875201785 587
437924524 437612570
875537094 116736
875653830 396
875654226 2
437930008 439443993
877374001 270994
877644995 5889
877650884 30
877374001 381924
877755925 9088
877765013 82
877374001 426311
877800312 3456
877803768 3
439444086 439697654
879141740 172361
879314101 1281
879315382 5
440548766 441048528
881597294 71039
881668333 232
881668565 5
441403246 441403245
882806491 51712
882858203 231
882806491 142959
882949450 588
882950038 10
882806491 504796
883311287 2676
883313963 14
882806491 923903
883730394 10836
883741230 5
882806491 1601526
884408017 3456
884411473 87
882806491 1684889
884491380 79872
884571252 1328
884572580 15
443904660 443904606
887809266 227145
888036411 8448
888044859 78
887809266 262803
888072069 4160
888076229 23
444392395 444392249
888784644 603098
889387742 1328
889389070 14
445305044 445419980
890725024 227145
890952169 568
445581749 445581763
891163512 1289434
892452946 14848
892467794 213
892468007 1
891163512 1606730
892770242 6392
892776634 17
447962387 445581763
893544150 131401
893675551 2199
893677750 24
893544150 1400359
894944509 6336
894950845 46
893544150 1831423
895375573 4609
895380182 93
893544150 2132334
895676484 61440
895737924 2199
895740123 24
893544150 2383509
895927659 1040
895928699 5
448024197 448024196
896048393 250185
896298578 1348
896299926 7
448024197 448407829
896432026 6912
896438938 28
448813604 449466178
898279782 326290
898606072 4352
898610424 41
449473474 449473525
898946999 250185
899197184 2384
899199568 4
449852371 449852269
899704640 326290
900030930 544
900031474 11
899704640 718445
900423085 17088
900440173 125
451051313 451051314
902102627 145993
902248620 47
452594796 452215918
904810714 8448
904819162 115
453039321 452706789
905746110 143699
905889809 323
905890132 1
453040274 453983280
907023554 1051208
908074762 12239
908087001 15
454309570 453983280
908292850 240447
908533297 361
454315459 454315614
908631073 1051208
909682281 10708
909692989 1
908631073 2669708
911300781 57856
911358637 396
457386984 457391209
914778193 574756
915352949 11392
915364341 90
458780064 457391209
916171273 2880
916174153 40
916171273 743021
916914294 4609
916918903 137
458936376 458860138
917796514 23552
917820066 452
917820518 2
460038751 458960760
918999511 121856
919121367 277
460272182 460272177
920544359 94208
920638567 848
461280400 461280402
922560802 78848
922639650 912
922640562 10
461807413 462221432
924028845 287388
924316233 928
462832391 462832398
925664789 47104
925711893 1879
925713772 2
464007544 462832398
926839942 33792
926873734 152
464494149 464494500
928988649 688
928989337 9
928988649 1391450
930380099 6528
930386627 88
928988649 1560761
930549410 11392
930560802 10
928988649 2132334
931120983 1040
931122023 4
931120983 115200
931236183 20
467212523 464494500
931707023 1400359
933107382 22656
933130038 48
467783582 467556721
935340303 57856
935398159 396
935398555 17
935340303 255634
935595937 528
935596465 2
935340303 283282
935623585 1039
467883934 467884136
935768070 338578
936106648 4609
936111257 130
468833882 468833878
937667760 484315
938152075 173
938152248 3
469539596 469539595
939079191 52224
939131415 2880
939134295 25
471382374 469670302
941052676 1145747
942198423 19968
942218391 63
942198423 50633
942249056 544
942249600 10
941052676 1658729
942711405 16640
942728045 227
472198869 472198812
944397681 135497
944533178 2160
944535338 9
944397681 153929
944551610 791
944552401 5
944397681 1988646
946386327 104447
946490774 626
946491400 4
944397681 2132334
946530015 145993
946676008 323
946676331 1
474666441 472198869
946865310 205129
947070439 2305
947072744 19
946865310 1305820
948171130 6528
948177658 240
948177898 3
474666441 474758601
949425042 52224
949477266 928
949478194 14
474899517 474941846
949841363 984854
950826217 2944
950829161 98
476169511 474941846
951111357 359058
951470415 5889
951476304 143
476176450 477499552
953676002 149833
953825835 1398
953827233 6
477544916 478529512
956074428 574756
956649184 5121
956654305 63
478894714 478529512
957424226 81920
957506146 2047
957508193 15
480192395 479736752
959929147 455643
960384790 6528
960391318 93
960391411 1
480199819 480199928
960399747 560420
960960167 768
960960935 7
960399747 1430289
961830036 4609
961834645 79
480199928 482117580
962317508 195913
962513421 865
962514286 14
962317508 2743436
965060944 13824
965074768 95
483263548 483263327
966526875 227145
966754020 3340
966757360 2
966526875 1219473
967746348 5760
967752108 41
484999471 484999503
969998974 1051208
971050182 5760
971055942 106
486268342 484999503
971267845 36864
971304709 1584
971306293 23
486491423 486491434
972982857 36223
973019080 61
972982857 574756
973557613 2560
973560173 22
487677914 486491434
974169348 1116745
975286093 16094
975302187 211
488356154 488035500
976391654 1116745
977508399 9376
977517775 15
976391654 1227665
977619319 40961
977660280 433
977660713 9
488356154 489312825
977668979 607524
978276503 11008
978287511 140
489833272 489332740
979166012 919477
980085489 2015
980087504 6
979166012 1145747
980311759 31328
980343087 626
980343713 1
490800567 490800606
981601173 12864
981614037 69
981601173 172361
981773534 11199
981784733 90
981601173 431067
982032240 17088
982049328 85
981601173 738266
982339439 17
981601173 743021
982344194 15360
982359554 106
492194327 490800606
982994933 812982
983807915 24576
983832491 277
492194327 492699123
984893450 186367
985079817 5121
985084938 55
492702579 492702596
985405175 881946
986287121 10880
986298001 78
985405175 1917768
987322943 1040
987323983 5
985405175 1988646
987393821 24576
987418397 169
494885724 492702596
987588320 283282
987871602 840
987872442 3
987588320 368968
987957288 307
987957595 2
987588320 923903
988512223 1248
988513471 7
987588320 1684889
989273209 27648
989300857 849
989301706 7
987588320 1782272
989370592 34816
989405408 328
989405736 1
495442728 495192585
990635313 287388
990922701 5889
990928590 157
495594464 495594488
991188952 71039
991259991 396
991260387 3
991188952 157183
991346135 2305
991348440 26
991188952 311954
991500906 1728
991502634 122
496017484 495594488
991611972 237897
991849869 976
991850845 15
991611972 299666
991911638 1153
991912791 31
496038652 496038656
992077308 488411
992565719 4544
992570263 38
992077308 1606730
993684038 32772
993716810 736
993717546 2
497750936 496038656
993789592 213321
994002913 9984
994012897 240
993789592 1456711
995246303 4352
995250655 65
498126284 497762731
995889015 743021
996632036 17024
996649060 36
995889015 763838
996652853 2880
996655733 51
995889015 2132334
998021349 143699
998165048 928
998165976 22
500258618 498126284
998384902 603098
998988000 2305
998990305 23
