4719
1 1
2 1
3 1
2 3
5 1
4 3
7 1
4 5
9 1
6 5
11 1
6 7
13 1
8 7
9 8
17 1
9 10
19 1
11 10
21 1
11 12
23 1
13 12
25 1
13 14
27 1
15 14
29 1
29 2
17 15
32 1
32 2
18 17
35 1
18 19
37 1
20 19
39 1
20 21
41 1
22 21
43 1
22 23
45 1
24 23
47 1
24 25
49 1
26 25
51 1
26 27
53 1
28 27
55 1
28 29
57 1
30 29
59 1
30 31
61 1
32 31
33 32
65 1
33 34
67 1
35 34
69 1
35 36
71 1
37 36
73 1
37 38
75 1
39 38
77 1
39 40
79 1
41 40
81 1
41 42
83 1
43 42
85 1
43 44
44 45
89 1
46 45
91 1
46 47
93 1
48 47
95 1
48 49
97 1
50 49
99 1
50 51
101 1
52 51
53 52
105 1
53 54
107 1
55 54
109 1
55 56
56 57
113 1
58 57
115 1
58 59
117 1
60 59
119 1
60 61
121 1
62 61
123 1
62 63
125 1
125 2
63 65
128 1
128 2
65 66
131 1
67 66
68 67
135 1
68 69
137 1
70 71
141 1
72 71
143 1
72 73
77 78
80 79
159 1
80 81
161 1
82 81
85 84
169 1
85 86
171 1
87 86
89 87
176 1
176 2
90 89
179 1
92 91
183 1
92 93
95 94
96 95
191 1
98 99
197 1
100 101
201 1
102 101
203 1
102 103
103 105
208 1
208 2
105 106
211 1
111 110
113 111
224 2
115 116
231 1
119 120
239 1
121 120
122 123
245 1
124 123
129 128
257 1
129 130
259 1
131 130
132 131
263 1
135 136
271 1
137 136
142 141
283 1
144 143
287 1
144 145
289 1
289 4
289 8
155 145
300 8
300 12
159 160
319 1
163 162
325 2
163 169
169 170
339 1
171 172
343 1
177 178
355 1
179 180
359 1
183 184
367 1
185 184
369 4
191 189
192 191
383 1
192 197
389 1
198 197
395 1
204 203
407 1
208 205
413 2
210 209
419 1
210 211
211 212
423 1
423 9
212 221
433 1
224 226
450 5
450 6
232 231
463 1
240 239
479 1
245 241
486 4
247 246
493 4
493 6
257 247
504 5
504 8
504 9
257 258
515 1
259 258
517 1
259 260
519 1
264 263
527 1
264 271
271 272
543 1
273 272
545 4
273 283
283 284
567 1
567 2
288 287
575 1
288 289
293 290
583 5
293 297
590 6
300 297
597 8
300 308
608 1
608 8
308 312
620 4
319 320
639 1
332 327
659 5
344 343
687 1
360 359
719 1
368 367
735 1
368 369
380 373
383 384
767 1
767 2
390 389
779 1
396 395
791 1
396 407
803 1
803 5
407 408
815 1
419 420
839 1
424 423
847 1
424 432
856 8
433 434
867 14
450 434
884 15
899 1
884 18
456 455
463 464
927 12
479 464
943 4
486 480
966 5
486 490
976 3
493 497
990 5
499 504
1003 9
513 512
1025 1
516 515
1031 1
520 519
1039 1
528 527
1055 1
543 544
1087 1
556 567
1123 5
568 567
1135 1
575 576
1151 1
577 576
597 596
1193 7
608 609
1217 7
616 609
1225 7
624 620
1244 4
640 639
1279 1
688 687
1375 1
1375 18
719 720
1439 1
735 736
1471 1
767 768
1535 1
769 779
1548 8
839 816
1655 17
847 848
1695 1
856 864
1720 8
900 902
1802 6
911 927
1838 18
947 966
1913 7
1026 1025
2051 5
1032 1031
2063 1
1040 1039
2079 1
1056 1055
2111 1
1056 1087
2143 9
1088 1087
2175 1
2175 2
1123 1088
2211 13
2211 37
1136 1151
2287 2
1152 1151
2303 1
1193 1153
2346 6
2346 10
2346 11
1193 1200
2393 7
1225 1232
2457 7
1244 1248
2492 4
1279 1280
2559 1
2559 2
2559 81
1375 1280
2655 65
1375 1376
2751 1
1393 1439
2832 15
2847 1
1439 1440
2879 1
1471 1472
2943 1
1535 1536
3071 1
3071 4
1556 1548
3104 81
1556 1655
3211 21
3211 53
1655 1672
3327 17
3327 33
1696 1695
3391 1
1696 1720
3416 27
1728 1720
3448 8
1808 1802
3610 6
1808 1838
3646 2
1856 1838
3694 18
1920 1913
3833 7
3833 93
2051 1920
3971 60
3971 124
2080 2079
4159 1
2112 2111
4223 1
2176 2175
4351 1
2248 2287
4535 9
2304 2303
4607 1
4607 37
2457 2464
4921 7
2492 2496
4988 4
4988 5
2560 2559
5119 1
2640 2655
5295 17
2752 2751
5503 1
2847 2848
5695 1
2879 2880
5759 1
2943 2944
5887 1
3071 2944
6015 4
3071 3072
6143 1
6143 2
3104 3185
6289 47
3211 3185
6396 36
3211 3232
6443 21
3264 3232
6496 32
3344 3327
6671 17
3344 3360
6704 15
6719 1
3392 3391
6783 1
3456 3448
6904 8
6904 138
7042 1
3648 3694
7342 49
3712 3694
7406 17
7406 113
3833 3712
7545 6
7545 70
3840 3833
7673 86
3840 3926
7766 41
7766 105
3926 3971
7897 102
4031 4095
8126 67
4159 4160
8319 1
4223 4224
8447 1
4351 4224
8575 65
4351 4352
8703 1
4535 4352
8887 9
8887 137
4544 4535
9079 9
4608 4607
9215 1
9215 2
4644 4921
9565 35
4992 4988
9980 4
5119 4993
10112 3
5119 5120
10239 1
5295 5120
10415 113
10415 145
5312 5295
10607 17
5312 5503
10815 65
5504 5503
11007 1
11007 132
5695 5696
11391 1
5759 5760
11519 1
5887 5888
11775 1
6143 6144
12287 1
6145 6289
12434 14
6336 6289
12625 47
6464 6443
12907 21
6528 6496
13024 32
13024 163
6720 6719
13439 1
6784 6783
13567 1
6912 6904
13816 8
7043 7342
14385 15
14385 79
14385 205
14590 2
7406 7423
14829 19
7673 7615
15288 72
8193 8126
16319 53
16319 65
16319 66
16319 67
8319 8193
8320 8319
16639 1
8448 8447
16895 1
16895 2
8575 8640
17215 65
8703 8704
17407 1
9024 8896
17920 128
9088 9215
18303 4
9216 9215
18431 1
9216 9217
18433 287
9565 9600
19165 163
19328 3
9600 9980
19580 132
9984 9980
19964 4
10240 10239
20479 1
10607 10624
21231 17
11007 11008
22015 1
11139 11391
22530 126
11520 11519
23039 1
11776 11775
23551 1
12288 12287
24575 1
12672 12625
25297 178
12928 12907
25835 21
13056 13024
26080 32
13439 13440
26879 1
13567 13568
27135 1
13816 13824
27640 8
14464 14400
28864 63
28927 1
14829 14848
29677 19
15288 15360
30648 72
16319 15360
31679 128
16384 16385
32769 1
16386 16512
32898 126
16639 16640
33279 1
16895 16896
33791 1
17408 17407
34815 1
18048 18303
36351 1
18432 18431
36863 1
18720 18433
37153 95
19580 19331
38911 257
19580 19712
39292 132
19964 19968
39932 4
20479 20480
40959 1
21231 21248
42479 17
42479 640
43119 17
22015 22016
44031 1
23039 23040
46079 1
23551 23552
47103 1
24575 23552
48127 63
48190 1
24576 24575
49151 1
24576 25297
49873 815
25475 25835
51310 145
51455 1
26080 26112
52192 32
27135 27136
54271 1
27640 27648
55288 8
55288 1088
56376 7
28928 28927
57855 1
57855 513
29677 29696
59373 19
30648 30720
61368 72
32769 31807
64576 947
65523 14
65523 15
32769 32770
65539 1
32898 33024
65922 126
33279 33280
66559 1
33791 33792
67583 1
34815 34816
69631 1
36863 36864
73727 1
38911 37248
76159 640
76799 1
39424 39292
78716 132
39936 39932
79868 4
40960 40959
81919 1
40960 42479
83439 17
44032 46079
90111 513
90111 1025
46079 46080
92159 1
47103 47104
94207 1
49152 49151
98303 1
98303 2
51456 51455
102911 513
52224 52192
104416 32
104416 33
104416 1088
105504 31
54271 54272
108543 1
55288 55296
110584 8
58368 59373
117741 20
59392 61368
120760 73
61440 61368
122808 2112
124920 9
64576 61440
126016 947
126963 14
65523 65537
131060 13
131060 14
65537 65538
131075 1
65539 65538
65540 65539
131079 121
65540 65922
131462 122
66560 66559
133119 1
67584 67583
135167 1
69632 69631
139263 1
139263 2
73727 73728
147455 1
147455 2
73728 76159
149887 640
150527 1
76800 78716
155516 1153
156669 3
79868 79872
159740 4
159740 5
81920 81919
163839 1
163839 2
83439 83456
166895 3075
169970 14
166895 6145
173040 15
173055 1
90111 83456
173567 513
173567 2561
90624 91136
181760 512
92159 92160
184319 1
94207 94208
188415 1
98303 98304
196607 1
98305 98304
196609 2
196609 3071
102911 98305
201216 2561
203777 62
201216 3840
201216 4608
104448 104416
208864 32
105504 105535
211039 2464
213503 1
105535 108543
214078 947
215025 15
108543 108544
217087 1
110584 110592
221176 8
117741 110592
228333 2064
230397 3
228333 5120
233453 19
120833 122808
243641 2112
245753 7
131060 126977
258037 3075
261112 8
131073 131060
262133 12
262133 13
131074 131073
262147 1
131076 131075
262151 1
131079 131077
262156 20
131079 131200
262279 373
262652 4
131584 131462
263046 1136
264182 10
133119 133120
266239 1
135167 133120
268287 1025
135167 135168
270335 1
139263 139264
278527 1
139265 139264
147455 139265
286720 4095
290815 1
147456 147455
294911 1
147456 147457
150527 150528
301055 1
301055 1088
150528 155516
306044 1153
307197 3
159744 159740
319484 4
163839 163840
327679 1
163841 163840
176128 174080
350208 1920
352128 128
352128 129
184320 184319
368639 1
188416 188415
376831 1
196608 196607
393215 1
196608 196609
393217 1
201216 203777
404993 509
405502 2
205056 205824
410880 2752
413632 63
413695 1
208864 208896
417760 32
211039 208896
419935 1280
421215 33
217088 217087
434175 1
221184 221176
442360 8
230397 228333
458730 24
458730 25
233472 233453
466925 2064
468989 4
466925 4095
471020 21
243641 233472
477113 72
477113 2112
479225 8
477113 6145
483258 71
245760 245753
491513 4095
495608 9
258037 261112
519149 1040
520189 4
262133 262145
524278 11
524278 12
262145 262146
524291 1
262147 262148
524295 1
262656 263046
525702 624
526326 10
264192 264182
528374 10
266240 266239
532479 1
270336 270335
540671 1
270336 278527
548863 4095
552958 2
278527 278528
557055 1
278529 286720
565249 10239
290815 290816
581631 1
294911 294912
589823 1
294913 294912
589825 18
294913 301055
595968 4095
600063 1
301055 301056
602111 1
302143 306044
608187 69
608187 2112
610299 5
319484 307200
626684 4095
630779 5
319488 319484
638972 4
327680 327679
655359 1
327680 327681
655361 1
655361 5
655361 6
350208 327681
677889 1920
679809 127
677889 18431
352256 352128
704384 128
368639 352257
720896 4095
724991 1
720896 8126
729022 66
368640 368639
737279 1
376832 376831
753663 1
376832 393215
770047 2
393216 393215
786431 1
393216 393217
786433 1
393218 393217
405504 405502
811006 2
417792 417760
835552 32
434175 421248
855423 4644
860067 93
434176 434175
868351 1
442368 442360
884728 8
442368 458730
901098 23
901098 24
458755 466925
925680 15
925695 1
471041 477113
948154 2112
950266 6
491513 483329
974842 8193
983035 5
528384 528374
1056758 10
532480 532479
1064959 1920
1066879 129
1064959 4095
1069054 2
548863 540672
1089535 1
1089535 10528
1100063 20
1100063 21
1100063 22
1100063 24
1100063 28
552960 552958
1105918 2357
557056 557055
1114111 2356
557056 565249
1122305 10528
1132833 18
581631 581632
1163263 2356
600064 600063
610299 610304
1220603 4
1220603 10528
1231131 24
1231131 25
1231131 27
626684 610304
1236988 18720
1255708 23
638972 630784
1269756 2357
1272113 2
638976 638972
1277948 2357
1280305 2
1280305 3
655360 655359
1310719 1
655367 655366
1310733 11776
1322509 497
1323006 1
1322509 499
677889 655367
1333256 1920
1335176 119
679809 679936
1359745 2464
1362209 18
1362209 19
1362209 21
1362209 23
1362209 27
1359745 14592
1374337 178
1374337 180
704512 720896
1425408 10528
1435936 19
729088 729022
1458110 2400
1460510 21
737279 737280
1474559 2357
770047 753664
1523711 2356
786431 770049
1556480 2352
1558832 3
786434 786435
1572869 19968
1592837 504
1593341 2
811006 811008
1622014 2357
1624371 1
1624371 2
1624371 12
1624371 23
835552 811008
1646560 2357
1648917 30
1646560 18720
1665280 51
868351 868352
1736703 2357
884728 884736
1769464 2357
1771821 6
884736 901098
1785834 2357
1788191 20
1785834 13824
1799658 327
1799985 2
901121 901122
1802243 18720
1820963 15
1820978 1
974842 950272
1925114 26880
1951994 57
983035 983040
1966075 51456
2017531 56
983040 1056758
2039798 43136
2082934 189
2083123 1
1100063 1100083
2200146 20
1100084 1100083
1116467 1114111
2230578 2352
2232930 3
1132851 1132833
2265684 17
1165619 1163263
2328882 2352
2331234 3
1200127 1165619
2365746 22016
2387762 178
1231131 1231155
2462286 24
1255731 1269756
2525487 2357
2527844 1
1269756 1272113
2541869 6
1280308 1310719
2591027 10528
2601555 18
1323008 1323007
2646015 1838
2647853 5
2647853 6
2647853 7
2647853 9
2647853 13
2647853 14
1374515 1374517
2749032 29696
2778728 202
2778728 204
1435955 1458110
2894065 15360
2909425 577
1476916 1474559
2951475 31807
2983282 947
2984229 13
1572869 1592837
3165706 6432
3172138 8
1624371 1622014
3246385 2357
1820979 1925114
3746093 1838
3747931 10
2200167 2230578
4430745 11776
4442521 264
4442785 6
2646015 2601573
5247588 21248
5268836 355
2778932 2894065
5672997 59392
5732389 210
3746093 3248742
6994835 215040
7209875 155
7210030 2
3747941 3747931
7495872 94208
7590080 3456
7593536 15
7593551 1
5269191 5268836
10538027 352257
10890284 10240
10900524 19
5269191 5672997
10942188 156672
11098860 2400
11101260 3
5732389 5732599
11464988 290816
11755804 2496
11758300 21
11464988 525702
11990690 84
6994835 5732599
12727434 557056
13284490 4644
13289134 57
6994835 7209875
14204710 24576
14229286 332
14229618 3
7593552 7593551
15187103 61440
15248543 36
15187103 770049
15957152 15360
15972512 332
15187103 983040
16170143 23552
16193695 293
16193988 3
15187103 1280308
16467411 2720
16470131 9
16467411 26112
16493523 360
16493883 6
15187103 1799987
16987090 434
16987524 15
10538027 7593552
18131579 270336
18401915 493
18402408 2
18131579 520193
18651772 1393
18653165 35
11101263 11101260
22202523 301056
22503579 640
22504219 14
11101263 11464988
22566251 638976
23205227 13187
23218414 21
11990774 11990690
23981464 552960
24534424 3616
24538040 2
11990774 12727434
24718208 855423
25573631 1696
25575327 9
13284490 12727434
26011924 261120
26273044 620
26273664 2
13289191 13289134
26578325 608256
27186581 1472
27188053 46
26578325 868352
27446677 528
27447205 1
14204710 13289191
27493901 233472
27727373 7043
27734416 27
27493901 610304
28104205 5504
28109709 118
14229621 15187103
29416724 258037
29674761 1920
29676681 110
29416724 520193
29936917 1472
29938389 11
29416724 630784
30047508 5888
30053396 29
16987524 16987539
33975063 405504
34380567 966
16987539 18131579
35119118 679936
35799054 9600
35808654 77
18653165 18653200
37306365 860160
38166525 3456
38169981 59
37306365 1277948
38584313 2177
38586490 32
37306365 2039798
39346163 25475
39371638 177
22202523 18653200
40855723 104449
40960172 569
40960741 3
40855723 884736
41740459 2496
41742955 1
40855723 2083124
42938847 73728
43012575 624
43013199 7
40855723 2984242
43839965 131200
43971165 179
22566251 23205227
45771478 110592
45882070 4224
45886294 87
23218414 23218435
46436849 753664
47190513 7766
47198279 23
23981464 23218435
47199899 442368
47642267 6019
47648286 87
24718208 24538042
49256250 495617
49751867 6019
49757886 117
49256250 720896
49977146 3712
49980858 80
25573631 24718208
50291839 47104
50338943 369
50339312 3
25575336 26011924
51587260 44032
51631292 943
51632235 2
26273666 26273664
52547330 176128
52723458 85
26578325 26273666
52851991 602112
53454103 3712
53457815 79
52851991 884736
53736727 11776
53748503 373
53748876 1
27446677 27188099
54634776 131200
54765976 203
27734416 27734443
55468859 327681
55796540 11776
55808316 369
55808685 1
28109709 28109827
56219536 786435
57005971 15360
57021331 325
57021656 1
28109827 29416724
57526551 47104
57573655 212
57573867 7
57573655 293
57573948 3
57526551 983040
58509591 8448
58518039 90
57526551 1064959
58591510 616
58592126 2
30047508 29938400
59985908 34816
60020724 46
30053396 30053425
60106821 215040
60321861 597
60322458 2
60106821 2083124
62189945 76159
62266104 327
62266431 4
33975063 30053425
64028488 58368
64086856 247
64087103 7
64028488 270336
64298824 6784
64305608 83
64028488 1280308
65308796 14848
65323644 93
64028488 2541875
66570363 6145
66576508 79
64028488 2984242
67012730 10624
67023354 5
67012730 30648
67043378 63
67043441 1
34380567 33975063
68355630 176128
68531758 3456
68535214 138
34380567 34381533
68762100 211039
68973139 1217
34381533 35119118
69500651 638976
70139627 15360
70154987 737
70155724 5
35119118 35799054
70918172 208896
71127068 1128
71128196 5
70918172 442368
71360540 9565
71370105 21
35808731 35808654
71617385 1089536
72706921 6019
72712940 1
71617385 1435955
73053340 17408
73070748 28
37306365 35808731
73115096 1799987
74915083 90
38166525 37306365
75472890 59392
75532282 450
75532732 3
75472890 655367
76128257 5888
76134145 86
75472890 786435
76259325 15288
76274613 6
38170040 38169981
76340021 228333
76568354 884
76569238 1
39346163 38586522
77932685 376832
78309517 5696
78315213 56
77932685 532480
78465165 3971
78469136 14
77932685 565249
78497934 24
39371638 39371815
78743453 103424
78846877 209
78743453 704512
79447965 6019
79453984 121
78743453 868352
79611805 1280
79613085 6
78743453 925696
79669149 15360
79684509 597
79685106 6
40960744 40960741
81921485 278529
82200014 1200
82201214 5
41742955 41742956
83485911 393218
83879129 9024
83888153 50
83485911 417792
83903703 1720
83905423 4
41742956 42938847
84681803 376832
85058635 1720
85060355 6
84681803 925696
85607499 8126
85615625 59
43013199 43013206
86026405 610304
86636709 2720
86639429 21
43971344 43971165
87942509 421248
88363757 97
45771478 43971344
89742822 565249
90308071 6019
90314090 120
89742822 704512
90447334 13824
90461158 116
45886381 46436849
92323230 442368
92765598 14464
92780062 62
47190513 46436849
93627362 495617
94122979 12928
94135907 95
47648373 49256250
96904623 679936
97584559 203
96904623 1056768
97961391 4160
97965551 12
96904623 1665331
98569954 37248
98607202 640
98607842 2
96904623 1739060
98643683 911
98644594 12
50339315 50339312
100678627 1220607
101899234 4928
101904162 2
50339315 51587260
101926575 1200127
103126702 16897
103143599 15
103143614 1
53457894 53736727
107194621 13568
107208189 15
53748876 53748877
107497753 868352
108366105 11520
108377625 66
54634776 53748877
108383653 983040
109366693 9565
109376258 32
54766179 55468859
110235038 655367
110890405 4224
110894629 55
56219536 55808686
112028222 44032
112072254 1920
112074174 73
57573655 57526551
115100206 16640
115116846 245
57573948 57573951
115147899 696320
115844219 3926
115848145 32
58509591 57573951
116083542 131060
116214602 11
116083542 184320
116267862 2152
116270014 21
116083542 552960
116636502 373
58592126 58592128
117184254 405504
117589758 4993
117594751 77
117184254 442368
117626622 11776
117638398 135
117184254 720896
117905150 2496
117907646 19
59985908 58592128
118578036 135168
118713204 396
118713600 1
60321861 60106821
120428682 55296
120483978 769
120484747 3
60322460 62189945
122512405 540672
123053077 5120
123058197 23
122512405 1165619
123678024 9217
123687241 40
64028488 62266435
126294923 319488
126614411 3264
126617675 34
126294923 950272
127245195 12928
127258123 26
126294923 983040
127277963 14592
127292555 232
127292787 4
127277963 18048
127296011 212
127296223 2
65323644 65308796
130632440 13187
130645627 212
130645839 1
65323644 65323737
130647381 638976
131286357 11776
131298133 360
131298493 5
130647381 901122
131548503 13568
131562071 246
66576587 66576508
133153095 110592
133263687 4095
133267782 46
67043442 67043441
134086883 44032
134130915 512
134086883 638976
134725859 1556
134727415 69
134086883 1165619
135252502 11776
135264278 159
134086883 1269756
135356639 1136
135357775 1
67043442 68355630
135399072 150528
135549600 3104
135552704 29
135399072 1069056
136468128 12434
136480562 3
68762100 68535352
137297452 17280
137314732 51
137297452 98305
137395757 2304
137398061 27
68974356 68973139
137947495 39936
137987431 939
137988370 2
70918172 70155729
141073901 867
141074768 3
71617385 71370126
142987511 139265
143126776 1056
143127832 11
142987511 479233
143466744 927
143467671 8
72706921 71617385
144324306 94208
144418514 2832
144421346 3
144324306 166895
144491201 1655
144492856 10
144324306 217088
144541394 211
144324306 575488
144899794 3360
144903154 20
144324306 1069056
145393362 16640
145410002 110
73070776 73115096
146185872 901122
147086994 12448
147099442 39
146185872 1648947
147834819 7673
147842492 81
73115096 74915083
148030179 47104
148077283 556
148077839 4
148030179 258037
148288216 2944
148291160 48
148030179 286720
148316899 2152
148319051 5
148030179 1132851
149163030 14592
149177622 155
149177777 1
74915173 74915083
149830256 31807
149862063 884
149862947 4
76569239 76569238
153138477 679936
153818413 2080
153820493 21
153138477 884736
154023213 232
154023445 5
77932685 76569239
154501924 108544
154610468 569
154611037 2
154501924 1665331
156167255 24576
156191831 577
156192408 3
77932685 78309517
156242202 34816
156277018 1088
156278106 4
78465165 78315269
156780434 27136
156807570 212
156780434 124929
156905363 840
156906203 6
79685106 79685112
159370218 479233
159849451 2064
159851515 10
159370218 630784
160001002 7897
160008899 63
160008962 1
159370218 1476916
160847134 15360
160862494 464
160862958 12
159370218 1820979
161191197 9984
161201181 48
79685112 81921485
161606597 1558835
163165432 5760
163171192 38
82201219 82201214
164402433 704512
165106945 15360
165122305 688
165122993 14
83485911 82201219
165687130 786435
166473565 15360
166488925 624
166489549 11
165687130 1335295
167022425 7043
167029468 284
167029752 1
83905423 83905427
167810850 301056
168111906 424
168112330 3
167810850 610304
168421154 300
84681803 83905427
168587230 471041
169058271 3443
168587230 581632
169168862 3712
169172574 119
84681803 85058635
169740438 1244
169741682 1
85060361 85060355
170120716 434176
170554892 6528
170561420 98
85060361 85607499
170667860 11139
170678999 211
85615684 85615625
171231309 23552
171254861 609
171255470 4
171231309 263046
171494355 115
85615684 86026405
171642089 2848
171644937 30
171642089 27648
171669737 434
171642089 39424
171681513 247
171681760 7
86636709 86026405
172663114 214078
172877192 434
172877626 2
172663114 421248
173084362 4644
173089006 92
86639429 86639450
173278879 655367
173934246 4993
173939239 82
87942509 86639450
174581959 983040
175564999 87
175565086 1
88363854 89742822
178106676 169984
178276660 2064
178278724 9
178106676 1374517
179481193 46080
179527273 753
179528026 6
90314210 90447334
180761544 18720
180780264 283
90461274 92323230
182784504 30720
182815224 384
182815608 4
92765598 92323230
185088828 327681
185416509 11776
185428285 415
92780124 92780062
185560186 352257
185912443 14848
185927291 66
94122979 94135907
188258886 2287
188261173 1
94135907 94136002
188271909 1771827
190043736 13440
190057176 106
188271909 1820979
190092888 34816
190127704 688
190128392 8
188271909 2039798
190311707 4544
190316251 48
94136002 96904623
191040625 290816
191331441 2346
191333787 5
191040625 1200127
192240752 4352
192245104 126
191040625 1280308
192320933 9088
192330021 74
191040625 1335295
192375920 14464
192390384 2
191040625 1374517
192415142 16640
192431782 85
191040625 1736703
192777328 390
191040625 2778932
193819557 83456
193903013 3840
193906853 65
97584559 96904623
194489182 479233
194968415 3344
194971759 6
97965563 97965551
195931114 159745
196090859 2112
196092971 19
97965563 98569954
196535517 110592
196646109 535
196646644 7
196535517 352257
196887774 609
196888383 1
98644606 98644594
197289200 405504
197694704 2357
197697061 22
197289200 565249
197854449 297
197854746 2
100678627 98644606
199323233 376832
199700065 11008
199711073 77
199323233 1788211
201111444 3712
201115156 82
101904164 101926575
203830739 548863
204379602 396
204379998 5
203830739 786435
204617174 14829
204632003 15
101926575 103126702
205053277 307200
205360477 10240
205370717 6
103143615 103143614
206287229 352257
206639486 3264
206642750 42
206287229 1593343
207880572 4928
207885500 1
206287229 1648947
207936176 2561
207938737 27
206287229 1820979
208108208 19331
208127539 120
206287229 2601573
208888802 3926
208892728 28
103143615 107194621
210338236 1280308
211618544 13568
211632112 145
211632257 6
210338236 1802243
212140479 5312
212145791 130
210338236 2017587
212355823 8193
212364016 26
210338236 2083124
212421360 83456
212504816 3327
212508143 12
210338236 3248742
213586978 458755
214045733 1280
214047013 11
108366105 107497753
215863858 163841
216027699 359
108383653 108377691
216761344 83456
216844800 3416
216848216 12
108383653 109366693
217750346 737280
218487626 14848
218502474 359
109376258 109376290
218752548 376832
219129380 5120
219134500 172
110235038 109376290
219611328 610304
220221632 7043
220228675 170
219611328 835584
220446912 13568
220460480 48
219611328 1132851
220744179 25297
220769476 22
110894629 110894684
221789313 376832
222166145 9217
222175362 3
112074174 112074247
224148421 1132851
225281272 3712
225284984 25
224148421 1820979
225969400 29696
225999096 300
225999396 4
115100206 112074247
227174453 2387940
229562393 2944
229565337 109
227174453 2541875
229716328 46080
229762408 273
229762681 5
227174453 2984242
230158695 22016
230180711 261
230180972 1
115848177 115848145
231696322 61440
231757762 1920
231759682 120
116214602 116083542
232298144 8640
232306784 4
116636502 116270035
232906537 266240
233172777 947
233173724 17
232906537 278529
233185066 4644
233189710 1
116636875 117184254
233821129 319488
234140617 6145
234146762 128
233821129 471041
234292170 1393
234293563 23
117184254 117589758
234774012 176128
234950140 1808
234951948 11
117907646 117907665
235815311 442368
236257679 13568
236271247 185
236271432 1
117907665 118578036
236485701 261120
236746821 320
236747141 1
118713601 118713600
237427201 983040
238410241 16319
238426560 42
118713601 120428682
239142283 1526067
240668350 13568
240681918 29
120484750 120484747
240969497 753664
241723161 6912
241730073 120
120484750 122512405
242997155 7807
243004962 63
242997155 319488
243316643 192
243316835 3
242997155 352257
243349412 7897
243357309 22
242997155 1100091
244097246 4993
244102239 103
123053077 122512405
245565482 18
245565482 69632
245635114 1472
123058220 123678024
246736244 610304
247346548 13824
247360372 360
247360732 1
123687281 123687241
247374522 589843
247964365 979
247965344 2
247374522 655367
248029889 609
248030498 6
248029889 6671
248036560 6
247374522 983040
248357562 10115
248367677 102
123687281 126294923
249982204 1280308
251262512 18433
251280945 261
249982204 1622014
251604218 1556
251605774 51
249982204 2328882
252311086 720
252311806 2
126617709 126617675
253235384 233472
253468856 3360
253472216 5
127296225 130632440
257928665 1122305
259050970 8126
259059096 50
257928665 1280308
259208973 11139
259220112 44
257928665 1335295
259263960 7673
259271633 39
131286357 130647381
261933738 278529
262212267 7043
262219310 23
131562317 133153095
264715412 1255731
265971143 6720
265977863 34
264715412 1435955
266151367 2496
266153863 30
133153095 133263687
266416782 83456
266500238 6528
266506766 42
133267782 133267828
266535610 753664
267289274 11776
267301050 257
134086883 133267828
267354711 110592
267465303 3072
267468375 1
134131427 134130915
268262342 495617
268757959 23040
268780999 308
268781307 2
134727484 134727415
269454899 376832
269831731 11776
269843507 300
269843807 6
135252502 134727484
269979986 327681
270307667 1393
270309060 13
135252502 135264278
270516780 9600
270526380 69
135552733 135552704
271105437 5888
271111325 58
271105437 468989
271574426 2
136468128 135552733
272020861 184320
272205181 2752
272207933 67
272020861 565249
272586110 5888
272591998 91
272020861 901122
272921983 14848
272936831 184
136480565 136480562
272961127 211039
273172166 480
273172646 4
137988372 137988370
275976742 393218
276369960 5120
276375080 145
276375225 3
275976742 1132851
277109593 4352
277113945 78
275976742 1374517
277351259 3648
277354907 28
277351259 27136
277378395 369
141073901 137988372
279062273 59392
279121665 419
141074768 141074771
282149539 1665331
283814870 28928
283843798 535
283844333 1
141074771 142987511
284062282 471041
284533323 2357
284535680 5
143467671 143467679
286935350 139265
287074615 4928
287079543 34
286935350 532480
287467830 2064
287469894 10
286935350 835584
287770934 15360
287786294 568
144324306 143467679
287791985 196611
287988596 2143
287990739 5
287791985 901122
288693107 13056
288706163 67
144541394 144541605
289082999 139265
289222264 1536
289223800 6
145410002 145410112
290820114 233472
291053586 2944
291056530 71
290820114 368640
291188754 5312
291194066 31
147099481 147099442
294198923 352257
294551180 10240
294561420 14
147842492 147842573
295685065 50688
295735753 528
295736281 6
148030179 147842573
295872752 94208
295966960 2561
295969521 12
148319051 148319056
296638107 213504
296851611 145
296851756 9
149177777 149177778
298355555 495617
298851172 14848
298866020 205
149830256 149177778
299008034 196611
299204645 1556
299206201 46
149862947 149862951
299725898 655367
300381265 19968
300401233 247
299725898 1665331
301391229 66560
301457789 995
301458784 4
153138477 149862951
303001428 1622014
304623442 2289
304625731 2
303001428 2265701
305267129 36352
305303481 464
305303945 13
303001428 2387940
305389368 47104
305436472 720
154611037 154611039
309222076 55296
309277372 344
309277716 3
309222076 595968
309818044 1728
309819772 2
309222076 638976
309861052 8704
309869756 115
309222076 1163263
310385339 1393
310386732 8
154611039 156167255
310778294 417792
311196086 995
311197081 5
310778294 1280308
312058602 20480
312079082 513
156278106 156278110
312556216 188416
312744632 3926
312748558 40
156780434 156278110
313058544 491513
313550057 2752
313552809 69
156906203 156906209
313812412 10415
313822827 38
313812412 18307
313830719 106
313812412 286720
314099132 3448
314102580 1
313812412 704512
314516924 14464
314531388 12
313812412 925696
314738108 4224
314742332 14
313812412 1132851
314945263 4352
314949615 163
314949778 3
159370218 156906209
316276427 1558835
317835262 3694
316276427 2647867
318924294 6019
318930313 47
159851515 159851525
319703040 47104
319750144 616
319750760 1
160001002 159851525
319852527 55296
319907823 780
319908603 3
160008962 160008963
320017925 188416
320206341 3840
320210181 28
160847134 160008963
320856097 458755
321314852 1003
321315855 3
161201229 161201181
322402410 290816
322693226 2561
322695787 10
161201229 161606597
322807826 1374517
324182343 11776
324194119 26
163165432 161606597
324772029 1474559
326246588 808
164402433 163171230
327573663 1460531
329034194 497
165106945 164402433
329509378 655367
330164745 1808
330166553 4
165122993 165123007
330246000 294913
330540913 2944
330543857 122
167029753 167029752
334059505 268287
334327792 320
167810850 167029753
334840603 413696
335254299 1471
168112333 168421154
336533487 122808
336656295 816
336657111 11
168421454 168421154
336842608 66560
336909168 109
169741683 169741682
339483365 22016
339505381 408
339505789 1
170554892 170120716
340675608 434176
341109784 1920
341111704 117
171494355 171255474
342749829 61440
342811269 2848
342814117 1
171681760 171681767
343363527 368640
343732167 1856
343734023 54
343363527 442368
343805895 10624
343816519 34
171681767 172663114
344344881 208896
344553777 2051
344555828 1
344344881 950272
345295153 21248
345316401 424
345316825 1
173278879 173089098
346367977 589843
346957820 3456
346961276 119
173278879 173934246
347213125 483329
347696454 3456
347699910 25
173939239 173939321
347878560 122808
348001368 899
347878560 327681
348206241 7342
348213583 39
174581959 173939321
348521280 327681
348848961 7423
348856384 79
174581959 175564999
350146958 199680
350346638 480
350347118 2
350146958 753664
350900622 3104
350903726 32
350146958 811008
350957966 9217
350967183 27
175565086 175565087
351130173 729088
351859261 5504
351864765 18
178106676 175565087
353671763 51310
353723073 10
353671763 159745
353831508 3926
353835434 15
353835449 1
353671763 679936
354351699 7673
354359372 72
178106676 178276660
356383336 139265
356522601 4352
356526953 180
356527133 2
178278733 178278724
356557457 83456
356640913 456
356641369 3
356557457 307200
356864657 6019
356870676 59
356557457 948154
357505611 2064
357507675 6
356557457 950272
357507729 6528
357514257 124
179481193 178278733
357759926 532480
358292406 1472
358293878 6
357759926 811008
358570934 7673
358578607 24
179528032 179528026
359056058 211039
359267097 2064
359269161 1
179528032 180761544
360289576 421248
360710824 486
360711310 3
180780264 180780547
361560811 552960
362113771 2304
362116075 17
361560811 1132851
362693662 14400
362708062 36
361560811 1280308
362841119 9217
362850336 42
182784504 180780547
363565051 421248
363986299 7766
363994065 39
363565051 679936
364244987 6336
364251323 7
363565051 1374517
364939568 1040
364940608 12
185088828 182815612
367904440 983040
368887480 19968
368907448 155
367904440 2083124
369987564 110592
370098156 4352
370102508 102
185088828 185416509
370505337 156672
370662009 1393
370663402 45
370505337 196611
370701948 332
185560186 185428700
370988886 458755
371447641 7766
371455407 38
185560186 185912443
371472629 79872
371552501 1920
371554421 111
185927291 185927357
371854648 600064
372454712 1920
372456632 57
371854648 1255731
373110379 8704
373119083 87
373119170 1
371854648 1966075
373820723 33280
373854003 22
185927357 188258886
374186243 2039798
376226041 1280
376227321 45
188271909 188261174
376533083 156672
376689755 106
376533083 532480
377065563 1200
377066763 12
191331441 191040625
382372066 159745
382531811 2944
382534755 84
382372066 245760
382617826 1153
382618979 15
191333787 191333792
382667579 135168
382802747 3416
382806163 13
382667579 595968
383263547 332
383263879 6
191333792 192240752
383574544 33792
383608336 192
192777328 192777718
385555046 811008
386366054 15360
386381414 867
386382281 7
194971765 194971759
389943524 724992
390668516 415
390668931 1
197289200 196888384
394177584 188416
394366000 7999
394373999 40
197854748 197854746
395709494 737280
396446774 434
396447208 9
395709494 868352
396577846 15360
396593206 490
199323233 197854748
397177981 159745
397337726 1920
397339646 1
397177981 925696
398103677 5120
398108797 121
397177981 983040
398161021 39168
398200189 116
397177981 1165619
398343600 3104
398346704 8
398343600 9600
398353200 284
199711150 201111444
400822594 610304
401432898 6528
401439426 53
201115156 201115238
402230394 608256
402838650 971
402839621 3
402230394 983040
403213434 16640
403230074 37
402230394 1665331
403895725 12672
403908397 8
402230394 2017587
404247981 8896
404256877 87
201115238 203830739
404945977 188416
405134393 1856
405136249 30
404945977 233472
405179449 7551
405187000 6
404945977 258037
405204014 1440
405205454 26
404945977 376832
405322809 5312
405328121 45
404945977 1646560
406592537 125
404945977 1925114
406871091 6671
406877762 7
406871091 14848
406885939 408
406886347 3
204379998 204380003
408760001 13568
408773569 159
205053277 204632018
409685295 52224
409737519 640
409738159 15
409738174 1
409685295 55296
409740591 971
409741562 4
205053277 205360477
410413754 230400
410644154 1248
410645402 26
205370717 205370723
410741440 302143
411043583 1280
206639486 206287229
412926715 245760
413172475 9600
413182075 87
413182162 1
206642750 206642792
413285542 98305
413383847 4544
413388391 38
413285542 458755
413744297 664
413744961 15
413744976 1
207880572 206642792
414523364 393218
414916582 2152
414918734 20
414523364 950272
415473636 15360
415488996 264
415489260 3
414523364 983040
415506404 61440
415567844 2944
415570788 122
208127659 208127539
416255198 548863
416804061 3712
416807773 89
208892728 208892756
417785484 1435955
419221439 5888
419227327 80
210338236 208892756
419230992 1624394
420855386 15360
420870746 209
419230992 2017587
421248579 20480
421269059 118
419230992 2232933
421463925 990
421464915 3
210338236 211618544
421956780 753664
422710444 3185
422713629 9
212145791 212145921
424291712 76800
424368512 70
212145921 212355823
424501744 21248
424522992 486
424523478 1
212421360 212364042
424785402 76800
424862202 1472
424863674 9
213586978 212508155
426095133 1335295
427430428 13187
427443615 95
213586978 214045733
427632711 19580
427652291 109
214047024 214047013
428094037 413696
428507733 1728
428509461 68
428094037 442368
428536405 8575
428544980 7
428094037 983040
429077077 54272
429131349 911
429132260 13
428094037 1069056
429163093 624
429163717 10
428094037 1255731
429349768 3185
429352953 17
428094037 1624394
429718431 7999
429726430 28
214047024 215863858
429910882 1255731
431166613 9600
431176213 85
216848216 216848228
433696444 133120
433829564 528
433830092 3
433696444 737280
434433724 5312
434439036 5
218487626 217750346
436237972 14848
436252820 43
436237972 595968
436833940 3648
436837588 18
218502833 218752548
437255381 4644
437260025 31
219611328 219134672
438746000 835584
439581584 10240
439591824 34
220228675 220228845
440457520 182272
440639792 1556
440641348 82
220446912 220228845
440675757 98305
440774062 4224
440778286 83
220460528 220744179
441204707 15360
441220067 261
441220328 1
220769476 220769498
441538974 581632
442120606 5696
442126302 35
221789313 220769498
442558811 786435
443345246 18048
443363294 143
222175362 222175365
444350727 261120
444611847 138
444611985 2
444350727 602112
444952839 979
444953818 9
444350727 1280308
445631035 29696
445660731 355
444350727 1820979
446171706 18720
446190426 125
222175365 224148421
446323786 1114111
447437897 2248
447440145 1
446323786 2387940
448711726 14848
448726574 384
446323786 2601573
448925359 7391
448932750 13
225999400 227174453
453173853 270336
453444189 2211
453446400 6
453173853 1460531
454634384 297
454634681 1
453173853 1648947
454822800 10624
454833424 173
453173853 2230578
455404431 1232
453173853 2265701
455439554 29696
455469250 688
455469938 23
453173853 2647867
455821720 11776
455833496 65
453173853 3248742
456422595 2457
456425052 3
456422595 159745
456582340 3264
456585604 18
227174453 229562393
456736846 7999
456744845 23
456736846 770049
457506895 145
457507040 8
230158695 229762686
459921381 26112
459947493 434
459947927 4
231696322 230180973
461877295 495617
462372912 20480
462393392 343
461877295 630784
462508079 6720
462514799 46
231759802 232298144
464057946 495617
464553563 11776
464565339 247
464565586 3
232306788 232306784
464613572 120833
464734405 202
464613572 479233
465092805 2880
465095685 4
233821129 233189711
467010840 139265
467150105 2561
467152666 33
234293586 234293563
468587149 163841
468750990 620
234951948 234951959
469903907 575488
470479395 1856
470481251 23
235815311 234951959
470767270 1165619
471932889 4644
471937533 18
470767270 1272115
472039385 3416
472042801 21
236257679 235815311
472072990 327681
472400671 16897
472417568 212
472417780 8
236747142 236747141
473494283 307200
473801483 4352
473805835 108
473494283 327681
473821964 16319
473838283 49
237427201 236747142
474174343 188416
474362759 884
474363643 5
474174343 319488
474493831 2357
474496188 34
474174343 528384
474702727 520
474703247 3
474174343 901122
475075465 2064
475077529 10
474174343 1165619
475339962 7807
475347769 37
474174343 1333256
475507599 424
239142283 238426602
477568885 22656
477591541 260
477568885 76159
477645044 480
477645524 2
477568885 1476916
479045801 44032
479089833 145
240668350 239142283
479810633 835584
480646217 9600
480655817 25
240681947 240969497
481651444 262656
481914100 180
242997155 241730193
484727348 434176
485161524 3456
485164980 131
484727348 655367
485382715 7391
485390106 3
244097246 243357331
487454577 655367
488109944 19331
488129275 239
244102342 244102239
488204581 307200
488511781 9600
488521381 369
488521750 3
488204581 1335295
489539876 6019
489545895 58
244102342 245565482
489667824 393218
490061042 4031
490065073 11
245636586 245635114
491271700 302143
491573843 1244
491575087 3
247346548 246736244
494082792 421248
494504040 4644
494508684 178
248036566 248036560
496073126 264192
496337318 1920
496339238 11
248367677 248367779
496735456 434176
497169632 545
497170177 2
496735456 458755
497194211 2303
496735456 589843
497325299 3104
497328403 3
496735456 1200127
497935583 3456
497939039 87
497939126 1
496735456 1374517
498109973 5760
498115733 109
249982204 248367779
498349983 92160
498442143 839
498349983 352257
498702240 2655
498704895 28
498349983 1132851
499482834 13187
499496021 172
498349983 2039798
500389781 31807
500421588 396
500421984 10
498349983 2200167
500550150 7043
500557193 138
500557331 1
251262512 249982204
501244716 421248
501665964 90
501244716 983040
502227756 19968
502247724 389
502227756 59373
501244716 1255731
502500447 11776
502512223 43
251605774 251605825
503211599 468993
503680592 1920
503682512 13
252311086 251605825
503916911 92160
504009071 1548
504010619 6
503916911 319488
504236399 5295
504241694 12
252311806 252311808
504623614 211039
504834653 173
504834826 1
504623614 413696
505037310 1728
505039038 46
504623614 753664
505377278 7673
505384951 41
253472216 253472221
506944437 1820979
508765416 11008
508776424 76
506944437 1966075
508910512 43136
508953648 753
508954401 12
508910512 50688
508961200 189
508961389 1
506944437 3747941
510692378 117761
510810139 577
257928665 253472221
511400886 61440
511462326 1088
511463414 2
511400886 483329
511884215 4921
511889136 1
511400886 1200127
512601013 14592
512615605 212
512615817 7
511400886 1335295
512736181 12907
512749088 15
511400886 2778932
514179818 19712
514199530 221
259271672 259271633
518543305 205056
518748361 624
518748985 7
259271672 261933738
521205410 163841
521369251 332
521369583 6
521205410 352257
521557667 8448
521566115 58
521205410 983040
522188450 34816
522223266 1393
522224659 3
262219310 262219333
524438643 98305
524536948 1556
524538504 26
524438643 2387940
526826583 15360
526841943 464
526842407 6
264715412 262219333
526934745 2527845
529462590 3104
529465694 59
526934745 3248742
530183487 149887
530333374 201
265971143 264715412
530686555 868352
531554907 8126
531563033 62
266416782 266153893
532570675 40960
532611635 95
266506808 266506766
533013574 2561
533016135 8
268262342 267468376
535730718 868352
536599070 2944
536602014 12
535730718 884736
536615454 7897
536623351 22
269454899 268781309
538236208 704512
538940720 8896
538949616 121
269454899 269831731
539286630 155516
539442146 753
539442899 8
539286630 319488
539606118 6019
539612137 29
269843807 269843813
539687620 20480
539708100 247
269843813 269979986
539823799 56383
539880182 43
270526449 271105437
541631886 59392
541691278 359
541631886 188416
541820302 6145
541826447 81
272020861 271574428
543595289 471041
544066330 3456
544069786 84
272207933 272208000
544415933 269312
544685245 737
544685982 15
272592089 272921983
545514072 201216
545715288 927
545716215 1
273172646 273172650
546345296 1108275
547453571 24
546345296 1323008
547668304 3185
547671489 6
546345296 1820979
548166275 69632
548235907 3264
548239171 38
275976742 273172650
549149392 737280
549886672 13024
549899696 4
549149392 2910002
552059394 26112
552085506 308
552085814 1
549149392 2951475
552100867 21248
552122115 231
276375225 276375228
552750453 352257
553102710 7406
553110116 4
279062273 277378764
556441037 233472
556674509 5120
556679629 155
556679784 1
279121665 279122084
558243749 2984242
561227991 2880
561230871 3
282149539 279122084
561271623 540672
561812295 241
561812536 1
561271623 2232933
563504556 8896
563513452 54
561271623 2541875
563813498 9217
563822715 73
282149539 283814870
565964409 983040
566947449 29696
566977145 205
566977350 2
565964409 1460531
567424940 13824
567438764 82
284535685 284535680
569071365 495617
569566982 17280
569584262 109
284535685 286935350
571471035 1056768
572527803 6145
572533948 138
572534086 2
287469904 287770934
575240838 139265
575380103 605
287786862 287791985
575578847 69632
575648479 2175
575578847 196611
575775458 2944
575778402 110
287988596 287791985
575780581 92160
575872741 71
289223806 289223800
578447606 327681
578775287 7043
578782330 51
291056601 291188754
582245355 28928
582274283 434
582274717 4
291194066 291194097
582388163 57856
582446019 356
582446375 2
582388163 2778932
585167095 9217
585176312 43
585167095 110592
585277687 1920
585279607 37
294198923 291194097
585393020 94208
585487228 1393
585488621 13
585393020 901122
586294142 23040
586317182 424
586317606 6
585393020 925696
586318716 5888
586324604 74
585393020 950272
586343292 21248
586364540 145
586364685 6
585393020 2083124
587476144 27648
587503792 792
587504584 2
585393020 2601573
587994593 19712
588014305 135
585393020 2647867
588040887 10880
588051767 68
588040887 59392
588100279 1393
588101672 6
585393020 2778932
588171952 40960
588212912 1153
294551180 294198923
588750103 233472
588983575 2304
588985879 20
294561434 294561420
589122854 1100091
590222945 1040
590223985 11
295736287 295872752
591609039 150528
591759567 3840
591763407 77
295969533 296638107
592607640 81920
592689560 640
592690200 17
592607640 655367
593263007 1838
593264845 13
298355555 296851765
595207320 983040
596190360 5760
596196120 115
595207320 1236988
596444308 4644
596448952 114
595207320 1648947
596856267 7391
596863658 9
595207320 1820979
597028299 9024
597037323 27
298851172 298355555
597206727 495617
597702344 8575
597710919 14
299206247 299725898
598932145 199680
599131825 396
599132221 3
598932145 410880
599343025 1376
599344401 4
299725898 300381265
600107163 27136
600134299 390
600134689 1
600107163 405504
600512667 1248
600513915 28
300401480 300401233
600802713 442368
601245081 5312
601250393 163
601250556 4
600802713 495617
601298330 12448
600802713 868352
601671065 3392
601674457 21
300401480 301391229
601792709 720896
602513605 3443
602517048 2
301458788 301458784
602917572 638976
603556548 43
303001428 301458788
604460216 552960
605013176 94
604460216 1255731
605715947 4352
605720299 15
605720314 1
604460216 1925114
606385330 3712
606389042 85
604460216 2647867
607108083 26112
607134195 132
305436472 305437192
610873664 327681
611201345 1672
611203017 21
610873664 1820979
612694643 61440
612756083 2752
612758835 19
610873664 2462310
613335974 15360
613351334 911
613352245 8
610873664 3248742
614122406 214078
614336484 597
614337081 5
309222076 305437192
614659268 46080
614705348 17
614659268 1323008
615982276 369
615982645 1
614659268 1460531
616119799 5120
616124919 161
614659268 2365746
617025014 19331
617044345 202
614659268 2910002
617569270 31807
617601077 373
617601450 5
614659268 3172146
617831414 38911
617870325 145
617870470 3
309277716 309277719
618555435 307200
618862635 1088
618555435 376832
618932267 2496
618934763 11
310385339 309869871
620255210 278529
620533739 4160
620537899 41
310386740 310386732
620773472 69632
620843104 3104
620846208 54
310386740 310778294
621165034 83456
621248490 4928
621253418 24
621165034 696320
621861354 7673
621869027 73
310778294 311196086
621974380 307200
622281580 6396
622287976 22
621974380 352257
622326637 3448
622330085 6
311197086 312058602
623255688 33792
623289480 549
623255688 610304
623865992 2752
623868744 72
312079082 312079595
624158677 302143
624460820 3456
624464276 114
314102580 314102581
628205161 139265
628344426 2357
628346783 21
628205161 307200
628512361 5312
628517673 51
314742346 314742332
629484678 110592
629595270 5888
629601158 95
629484678 117761
629602439 464
629602903 6
314949778 314949781
629899559 110592
630010151 6145
630016296 50
629899559 679936
630579495 4224
630583719 57
314949781 316276427
631226208 602112
631828320 4644
631832964 212
631833176 6
631226208 1425408
632651616 4607
631226208 2541875
633768083 39424
633807507 24
317835262 316276427
634111689 26880
634138569 221
634138790 1
634111689 159745
634271434 3456
634274890 130
317838956 317835262
635674218 133120
635807338 221
635807559 2
635674218 217088
635891306 528
635891834 5
635674218 950272
636624490 4160
636628650 17
317838956 318924294
636763250 421248
637184498 75
318930360 318930313
637860673 319488
638180161 7391
638187552 9
318930360 319703040
638633400 327681
638961081 19712
638980793 192
638980985 2
638633400 696320
639329720 2561
639332281 45
320206341 320017925
640224266 98305
640322571 1548
640324119 3
320210209 320856097
641066306 413696
641480002 3840
641483842 21
641066306 737280
641803586 15288
641818874 44
641066306 974842
642041148 2640
642043788 13
321315858 321315855
642631713 352257
642983970 224
642631713 753664
643385377 8193
643393570 74
322693226 322402410
645095636 76159
645171795 509
645172304 1
322695797 322807826
645503623 868352
646371975 264
646372239 2
646371975 14848
646386823 204
324194145 324772029
648966174 468993
649435167 232
649435399 4
326246588 324772029
651018617 655367
651673984 10560
651018617 901122
651919739 23040
651942779 24
326246588 326247396
652493984 11139
652505123 53
652493984 24576
652518560 103
652518663 1
652493984 44032
652538016 768
652493984 1116467
653610451 1856
653612307 7
326247396 327573663
653821059 729088
654550147 246
653821059 925696
654746755 1696
654748451 11
330543857 330543979
661087836 1335295
662423131 6289
662429420 45
661087836 2647867
663735703 61440
663797143 53
661087836 3172146
664259982 64576
664324558 596
334059505 330543979
664603484 1593343
666196827 3104
666199931 62
664603484 2265701
666869185 23552
666892737 176
334327792 334328112
668655904 166895
668822799 520
668823319 2
334840603 335254299
670094902 217088
670311990 2224
670314214 12
335255770 335254299
670510069 1108275
671618344 1920
671620264 15
671620279 1
336533487 335255770
671789257 557056
672346313 4224
672350537 10
336909277 339483365
676392642 610304
677002946 12928
677015874 6
339505790 340675608
680181398 166895
680348293 2224
680350517 20
680181398 479233
680660631 995
680181398 1335295
681516693 16640
681533333 101
340675608 341109784
681785392 131584
681916976 20
341111821 341111704
682223525 108544
682332069 1232
682223525 352257
682575782 6019
682581801 98
682223525 368640
682592165 1280
682593445 87
682223525 477185
682700710 408
682701118 1
682223525 983040
683206565 22016
683228581 490
683229071 2
341111821 342749829
683861650 495617
684357267 13824
684371091 115
683861650 1132851
684994501 1200
684995701 1
683861650 1526067
685387717 26112
685413829 178
342814118 343363527
686177645 139265
686316910 7043
686323953 126
344344881 343816553
688161434 294913
688456347 3712
688460059 4
344555828 344555829
689111657 655367
689767024 19331
689786355 78
345295153 344555829
689850982 31807
689882789 320
348001368 348002267
696003635 139265
696142900 4352
696147252 135
348213622 348521280
696734902 163841
696898743 2152
696900895 7
348856463 348856384
697712847 589843
698302690 4160
698306850 60
697712847 1069056
698781903 3926
348856463 350146958
699003421 405504
699408925 4644
699413569 100
350347120 350900622
701247742 495617
701743359 1135
351130173 350967210
702097383 188416
702285799 257
702097383 352257
702449640 8704
702458344 13
351130173 351859261
702989434 73728
703063162 2287
702989434 108544
703097978 816
703098794 15
703098809 1
351864783 351864765
703729548 1665331
705394879 48191
705443070 241
705443311 1
353723083 353723073
707446156 81920
707528076 616
707528692 3
353835450 354351699
708187149 264192
708451341 927
708452268 4
354359372 354359444
708718816 159745
708878561 2944
708881505 59
708718816 1374517
710093333 11520
710104853 81
708718816 1952051
710670867 3926
710674793 18
356383336 354359444
710742780 104449
710847229 245
710742780 1323008
712065788 1856
712067644 52
710742780 1572869
712315649 6720
712322369 43
356870735 357505611
714376346 188416
714564762 1393
714566155 41
359056058 359267097
718323155 176128
718499283 4352
718503635 97
359269161 359269162
718538323 105535
718643858 1012
718644870 4
360289576 359269162
719558738 581632
720140370 2152
720142522 12
719558738 1165619
720724357 5888
720730245 49
360710824 360289576
721000400 48191
721048591 373
721048964 5
360711313 360711310
721422623 753664
722176287 11520
722187807 173
722187980 2
361560811 360711313
722272124 1132851
723404975 9217
723414192 100
362693662 362116092
724809754 294913
725104667 4993
725109660 51
362708098 362841119
725549217 29696
725578913 867
725579780 8
362850336 362850378
725700714 302143
726002857 450
726003307 3
363565051 362850378
726415429 770049
727185478 9217
727194695 117
363565051 363986299
727551350 243641
727794991 737
727795728 1
364251330 364251323
728502653 126977
728629630 1440
728631070 4
364940608 364940620
729881228 2232933
732114161 19968
732134129 191
367904440 364940620
732845060 1335295
734180355 9600
734189955 155
734190110 3
732845060 2910002
735755062 26112
735781174 520
735781694 5
732845060 3747941
736593001 78848
736671849 100
367904440 368887480
736791920 770049
737561969 12288
737574257 45
368907448 368887480
737794928 1672
737796600 22
368907603 369987564
738895167 139265
739034432 3456
739037888 103
738895167 901122
739796289 20480
739816769 407
370102508 370102610
740205118 327681
740532799 4993
740537792 90
370988886 370702280
741691166 413696
742104862 1920
742106782 72
373110379 372456689
745567068 495617
746062685 2640
746065325 9
373119170 373119171
746238341 434176
746672517 2561
373119171 373820723
746939894 31807
746971701 884
746972585 8
374186243 373854025
748040268 479233
748519501 927
748520428 2
374186243 376226041
750412284 442368
750854652 535
750855187 2
750412284 901122
751313406 13187
751326593 102
750412284 950272
751362556 5888
751368444 24
376533083 376227366
752760449 126977
752887426 3264
752890690 6
376689861 376689755
753379616 169984
753549600 2752
753552352 70
377066763 377066775
754133538 704512
754838050 10240
754848290 69
754133538 1163263
755296801 1153
755297954 18
754133538 2017587
756151125 18433
756169558 212
756169770 7
754133538 2984242
757117780 133120
757250900 902
757251802 5
754133538 3747941
757881479 228333
758109812 14
382372066 377066775
759438841 1089536
760528377 7897
760536274 84
759438841 1771827
761210668 6912
761217580 1
759438841 2647867
762086708 59392
762146100 1728
762147828 11
759438841 3747941
763186782 610304
763797086 8320
763805406 68
382806163 382806176
765612339 245760
765858099 2464
765860563 21
383608336 383608528
767216864 483329
767700193 2880
767703073 26
767216864 655367
767872231 12625
767884856 37
383608528 385555046
769163574 211039
769374613 2224
769376837 15
769163574 393218
769556792 3456
769560248 126
769163574 2083124
771246698 13824
771260522 499
771261021 3
769163574 2541875
771705449 26112
771731561 224
386382281 386382288
772764569 1089536
773854105 4644
773858749 3
772764569 2778932
775543501 83456
775626957 3104
775630061 9
772764569 2984242
775748811 94208
775843019 3840
775846859 6
389943524 386382288
776325812 83456
776409268 74
776325812 1220607
777546419 5696
777552115 28
776325812 1771827
778097639 8704
778106343 87
776325812 1952051
778277863 2752
778280615 45
776325812 2039798
778365610 4160
778369770 54
390668932 390668931
781337863 126016
781463879 136
781337863 729088
782066951 7766
782074717 2
781337863 1593343
782931206 25475
782956681 163
782956844 3
781337863 1648947
782986810 6528
782993338 141
781337863 2894065
784231928 4352
784236280 133
784236413 1
394177584 390668932
784846516 2083124
786929640 110592
787040232 5504
787045736 163
784846516 3248742
788095258 421248
788516506 9088
788525594 119
394374039 394373999
788748038 1280308
790028346 3264
790031610 23
394374039 395709494
790083533 1165619
791249152 27136
791276288 58
397177981 396593696
793771677 169984
793941661 308
793941969 3
397339646 397339647
794679293 184320
794863613 2464
794866077 23
794679293 413696
795092989 2080
795095069 14
398161021 398108918
796269939 46080
796316019 902
796316921 4
398353200 398353484
796706684 1558835
798265519 5120
798270639 127
400822594 398353484
799176078 1220607
800396685 10415
800407100 66
799176078 2083124
801259202 22016
801281218 3
799176078 2527845
801703923 9217
801713140 231
799176078 2601573
801777651 14848
801792499 60
401439479 401439426
802878905 221184
803100089 1200
803101289 5
401439479 402230394
803669873 1280308
804950181 22016
804972197 173
804972370 2
803669873 1323008
804992881 5312
804998193 36
402838650 402230394
805069044 327681
805396725 21248
805417973 624
805418597 4
805069044 581632
805650676 2655
805653331 57
805069044 589843
805658887 2496
805661383 3
403230111 403230074
806460185 117761
806577946 390
806578336 2
806460185 149887
806610072 450
403230111 403895725
807125836 442368
807568204 5504
807573708 185
403908397 403908405
807816802 243641
808060443 1393
808061836 3
404256964 404256877
808513841 610304
809124145 3712
809127857 108
404256964 404945977
809202941 6528
809209469 92
809202941 608256
809811197 780
809811977 7
405134393 404945977
810080370 9600
810089970 135
810080370 159745
810240115 3344
405328166 405328121
810656287 203839
810860126 620
810860746 1
810656287 925696
811581983 4224
811586207 93
406592537 405328166
811920703 548863
812469566 1088
812470654 19
406886347 406886350
813772697 64576
813837273 640
813837913 6
813772697 1310733
815083430 1655
815085085 10
406886350 408760001
815646351 724992
816371343 2496
816373839 3
408773569 408773728
817547297 495617
818042914 18048
818060962 28
817547297 884736
818432033 10560
818442593 20
408773728 409685295
818459023 405504
818864527 38
818459023 860160
819319183 2177
819321360 4
818459023 901122
819360145 19968
819380113 396
819380509 4
409741566 410413754
820155320 264192
820419512 21
413172475 412926715
826099190 150528
826249718 4352
826254070 145
826254215 2
415567844 415506404
831074248 52224
831126472 1672
831128144 17
415570910 415570788
831141698 417792
831559490 1248
831560738 30
416804061 416255198
833059259 262152
833321411 1
416807773 416807862
833615635 589843
834205478 5696
834211174 17
833615635 786435
834402070 4993
834407063 20
416807862 417785484
834593346 1526067
836119413 24576
836143989 373
836144362 6
419230992 419227407
838458399 1231158
839689557 1440
839690997 15
419230992 420855386
840086378 835584
840921962 3840
840925802 59
840086378 1556480
841642858 2304
841645162 6
421269059 421269177
842538236 117761
842655997 1280
842657277 26
421464918 421956780
843421698 696320
844118018 2112
844120130 23
843421698 974842
844396540 808
422710444 421956780
844667224 139265
844806489 2751
422713629 422713638
845427267 208896
845636163 107
845427267 1425408
846852675 9217
846861892 264
424291712 422713638
847005350 393218
847398568 246
847005350 608256
847613606 415
424863674 424863683
849727357 704512
850431869 8896
850440765 11
426095133 424863683
850958816 1476916
852435732 44032
852479764 815
426095133 427430428
853525561 602112
854127673 3840
854131513 71
853525561 950272
854475833 1193
854477026 5
427652291 427652400
855304691 37248
855341939 142
855304691 262656
855567347 203
427652400 428094037
855746437 532480
856278917 4928
856283845 34
428544980 428544987
857089967 442368
857532335 9217
857541552 2
429163727 429349768
858513495 90111
858603606 232
858603838 6
429718431 429352970
859071401 76159
859147560 264
859147824 4
859071401 110592
859181993 2357
859184350 10
429726430 429726458
859452888 34816
859487704 1153
859488857 7
431176213 431176298
862352511 983040
863335551 69632
863405183 1472
863406655 37
862352511 1069056
863421567 19712
863441279 212
862352511 1952051
864304562 1556
864306118 53
431176298 433696444
864872742 983040
865855782 52224
865908006 138
865908144 1
864872742 2232933
867105675 24576
867130251 620
867130871 1
433830092 433830095
867660187 327681
867987868 10880
867998748 55
434433724 433830095
868263819 217088
868480907 3264
868484171 3
868263819 286720
868550539 939
868551478 2
434439036 434439041
868878077 1572869
870450946 8704
870459650 110
436237972 434439041
870677013 1665331
872342344 66560
872408904 172
436252863 436252820
872505683 139265
872644948 3712
872648660 65
437255381 436837606
874092987 83456
874176443 2400
874178843 51
437260056 437260025
874520081 610304
875130385 7807
875138192 13
437260056 438746000
876006056 479233
876485289 2640
876487929 7
876006056 1799987
877806043 25
876006056 2083124
878089180 18048
878107228 6
440641348 440641430
881282778 24576
881307354 221
881307575 1
441538974 441220329
882759303 47104
882806407 624
882807031 7
882759303 126977
882886280 1808
882888088 13
882759303 307200
883066503 4544
883071047 17
441538974 442120606
883659580 81920
883741500 434
883741934 5
883659580 468993
884128573 840
884129413 3
442126337 442558811
884685148 983040
885668188 22016
885690204 509
885690713 1
884685148 1122305
885807453 9217
885816670 94
443363437 443363294
886726731 307200
887033931 4644
887038575 127
443363437 444350727
887714164 79872
887794036 1920
887795956 79
444953818 444953827
889907645 90624
889998269 117
889998269 126
889907645 205824
890113469 261
445631035 444953827
890584862 376832
890961694 15360
890977054 245
890584862 655367
891240229 19968
891260197 47
445660731 445661086
891321817 47104
891368921 664
891369585 15
891369600 1
891321817 290816
891612633 155
891612788 3
891321817 458755
891780572 6336
891786908 56
446323786 446190551
892514337 15360
892529697 528
892530225 2
446323786 447437897
893761683 7999
893769682 54
447440146 447440145
894880291 83456
894963747 3264
894967011 27
894880291 983040
895863331 58368
895921699 535
895922234 1
447440146 448711726
896151872 1069056
897220928 8896
897229824 15
897229839 1
448726958 448925359
897652317 54272
897706589 640
897707229 11
897652317 150528
897802845 2720
897805565 27
897652317 169984
897822301 1856
897824157 50
448932750 448932763
897865513 133120
897998633 1248
897999881 9
897865513 173567
898039080 247
898039327 7
897865513 655367
898520880 737
898521617 6
897865513 1236988
899102501 12448
899114949 84
897865513 1323008
899188521 10115
899198636 97
897865513 3172146
901037659 52224
901089883 1556
901091439 56
453173853 448932763
902106616 1067008
903173624 1672
903175296 11
902106616 1200127
903306743 13824
903320567 312
903320879 3
902106616 1820979
903927595 52224
903979819 284
902106616 2984242
905090858 1920
905092778 71
902106616 3747941
905854557 421248
906275805 8704
906284509 145
902106616 4442791
906549407 43136
906592543 344
906592887 10
453173853 453444189
906618042 120833
906738875 1232
906740107 2
454634682 454822800
909457482 139265
909596747 5760
909602507 63
909602570 1
454833597 455404431
910238028 319488
910557516 5120
910562636 77
910238028 421248
910659276 2720
910661996 11
455821720 455469961
911291681 327681
911619362 20480
911639842 161
455833561 455833496
911667057 520193
912187250 979
456422595 455833561
912256156 104449
912360605 499
912361104 4
912256156 434176
912690332 1440
912691772 28
456744845 456744868
913489713 753664
914243377 2496
914245873 8
457506895 456744868
914251763 483329
914735092 3926
914739018 7
457507048 457507040
915014088 413696
915427784 1032
915428816 1
915014088 421248
915435336 1123
915436459 1
915014088 1572869
916586957 2752
916589709 15
915014088 2083124
917097212 61368
917158580 70
459921381 457507048
917428429 1116467
918544896 464
918545360 14
917428429 2039798
919468227 4644
919472871 155
459947931 459947927
919895858 1231158
921127016 1123
921128139 4
459947931 461877295
921825226 221184
922046410 5888
922052298 4
921825226 230400
922055626 109
921825226 532480
922357706 4928
922362634 53
461877295 462372912
924250207 466925
924717132 1393
924718525 9
462514845 462514799
925029644 983040
926012684 61440
926074124 1728
926075852 13
925029644 1374517
926404161 264
464057946 462514845
926572791 786435
927359226 18048
927377274 159
926572791 1335295
927908086 2752
927910838 59
927908086 19712
927927798 212
464553563 464057946
928611509 104449
928715958 51
464734405 464613572
929347977 26880
929374857 111
929374968 1
929347977 59392
929407369 1808
929409177 12
929347977 83456
929431433 1153
929432586 29
465095689 465095685
930191374 786435
930977809 2720
930980529 9
930191374 1165619
931356993 30720
931387713 688
931388401 24
930191374 1526067
931717441 1856
931719297 13
930191374 1558835
931750209 12625
931762834 24
467152699 467152666
934305365 1132851
935438216 26112
935464328 226
934305365 1323008
935628373 3264
935631637 61
468587149 467152699
935739848 1089536
936829384 1123
936830507 2
468751610 468750990
937502600 182272
937684872 1808
937686680 19
468751610 469903907
938655517 245760
938901277 9600
938910877 339
470481274 470767270
941248544 786435
942034979 11776
942046755 373
942047128 2
472042822 472042801
944085623 26112
944111735 7
472072990 472400671
944473661 28928
944502589 480
944503069 5
472417788 473494283
945912071 1200127
947112198 9984
947122182 69
474496222 474496188
948992410 94208
949086618 3712
949090330 57
474703247 474703250
949406497 307200
949713697 2248
949715945 15
475077539 475339962
950417501 176128
950593629 2304
950595933 30
475507599 475508023
951015622 327681
951343303 239
951015622 1476916
952492538 27136
952519674 51
951015622 1739060
952754682 11520
952766202 82
951015622 1820979
952836601 79872
952916473 911
952917384 14
477645044 477591801
955236845 23552
955260397 535
955260932 1
477645526 477645524
955291050 31807
955322857 198
955323055 1
955291050 302143
955593193 1225
955594418 5
955291050 1335295
956626345 23552
956649897 327
956650224 4
479089978 479089833
958179811 28928
958208739 204
479810633 479089978
958900611 868352
959768963 7342
959776305 12
479810633 480646217
960456850 150528
960607378 74
480655842 480655817
961311659 811008
962122667 21248
962143915 86
480655842 481651444
962307286 477185
962784471 1472
962785943 25
481914100 481651444
963565544 203839
963769383 792
963770175 8
481914100 481914280
963828380 1200127
965028507 16897
965045404 32
963828380 1802243
965630623 5312
965635935 169
481914280 484727348
966641628 1132851
967774479 5760
967780239 37
966641628 1648947
968290575 3712
968294287 3
966641628 1820979
968462607 37153
968499760 14
966641628 1925114
968566742 1280
968568022 79
966641628 2984242
969625870 7342
969633212 42
485165111 485164980
970330091 34816
970364907 688
970365595 11
485390106 485390109
970780215 720896
971501111 3971
971505082 25
970780215 868352
971648567 11008
971659575 125
970780215 1255731
972035946 6912
972042858 127
970780215 1593343
972373558 18433
972391991 273
970780215 1665331
972445546 2224
972447770 15
972447785 1
485390109 487454577
972844686 868352
973713038 3840
973716878 81
972844686 1648947
974493633 10815
974504448 41
488204581 488129514
976334095 217088
976551183 2346
976553529 4
490065073 490065084
980130157 169984
980300141 245
490065084 491271700
981336784 81920
981418704 881
981336784 327681
981664465 11776
981676241 332
981336784 610304
981947088 2152
981949240 17
981947088 11776
981958864 273
981959137 9
981336784 696320
982033104 3264
982036368 52
981336784 1335295
982672079 11776
982683855 145
982684000 4
491575087 491575090
983150177 120833
983271010 528
983271538 3
983150177 176128
983326305 4993
983331298 115
983150177 1474559
984624736 664
983150177 1476916
984627093 17408
984644501 434
984644935 3
983150177 1593343
984743520 848
491575090 494082792
985657882 286720
985944602 2152
985946754 2
985657882 811008
986468890 17215
986486105 33
985657882 1200127
986858009 13187
986871196 99
985657882 2387940
988045822 15360
988061182 720
988061902 8
985657882 2601573
988259455 2561
988262016 65
496073126 494508862
990581988 1132851
991714839 8575
991723414 3
990581988 1435955
992017943 17408
992035351 300
992035651 6
497328406 497328403
994656809 483329
995140138 6720
995146858 33
497328406 497935583
995263989 91136
995355125 117
498115842 498349983
996465825 47104
996512929 737
996513666 7
498704923 498704895
997409818 575488
997985306 344
997985650 2
498704923 499482834
998187757 466925
998654682 1556
998656238 8
499496021 499496193
998992214 133120
999125334 1153
999126487 19
