1204
1 1
1 1
2 1
2 2
4 1
3 3
6 1
5 5
10 1
6 6
12 1
7 7
14 3
7 7
14 5
11 11
22 1
14 14
28 1
14 14
28 3
14 14
28 7
35 2
19 19
38 3
19 19
38 5
23 23
46 1
23 23
46 7
28 28
56 3
28 28
56 5
28 28
56 11
35 35
70 1
35 35
70 3
38 38
76 3
38 38
76 7
43 43
86 3
46 46
92 5
46 46
92 7
99 2
46 46
92 11
53 53
106 1
53 53
106 3
56 56
112 1
56 56
112 14
126 1
56 56
112 19
67 67
134 3
67 67
134 5
73 73
146 3
73 73
146 5
76 76
152 5
76 76
152 11
83 83
166 1
86 86
172 1
89 89
178 1
89 89
178 3
92 92
184 7
92 92
184 7
191 2
92 92
184 13
92 92
184 14
198 1
103 103
206 5
109 109
218 5
112 112
224 3
112 112
224 5
112 112
224 7
231 2
112 112
224 14
238 1
112 112
224 14
238 3
112 112
224 23
247 4
112 112
224 28
252 5
131 131
262 1
134 134
268 1
134 134
268 3
134 134
268 7
275 2
139 139
278 3
139 139
278 5
146 146
292 1
152 152
304 3
152 152
304 7
152 152
304 7
311 2
152 152
304 13
163 163
326 5
167 167
334 3
173 173
346 1
173 173
346 3
173 173
346 7
178 178
356 3
181 181
362 5
184 184
368 5
184 184
368 11
184 184
368 14
382 1
184 184
368 19
387 2
198 198
396 1
199 199
398 3
199 199
398 11
206 206
412 7
206 206
412 7
419 2
211 211
422 7
429 2
211 211
422 11
218 218
436 3
218 218
436 7
224 224
448 1
224 224
448 7
455 2
224 224
448 13
224 224
448 14
462 1
224 224
448 19
224 224
448 28
476 3
224 224
448 38
486 1
224 224
448 43
224 224
448 46
494 5
224 224
448 53
501 2
252 252
504 5
257 257
514 7
257 257
514 7
521 2
268 268
536 5
268 268
536 11
278 278
556 1
278 278
556 7
283 283
566 3
283 283
566 5
283 283
566 11
293 293
586 1
293 293
586 7
293 293
586 13
293 293
586 14
600 1
293 293
586 19
605 2
304 304
608 5
304 304
608 7
615 2
304 304
608 11
304 304
608 23
317 317
634 7
317 317
634 7
641 2
317 317
634 13
326 326
652 1
326 326
652 7
326 326
652 7
659 2
334 334
668 5
337 337
674 3
337 337
674 7
681 2
337 337
674 14
688 3
346 346
692 7
699 2
353 353
706 3
359 359
718 1
362 362
724 3
362 362
724 7
731 2
368 368
736 3
368 368
736 7
368 368
736 14
750 1
368 368
736 19
755 2
368 368
736 23
759 2
368 368
736 28
764 5
368 368
736 37
389 389
778 7
785 2
398 398
796 1
398 398
796 13
398 398
796 14
810 1
409 409
818 3
409 409
818 5
412 412
824 3
412 412
824 5
419 419
838 1
422 422
844 7
851 2
422 422
844 13
422 422
844 14
858 1
422 422
844 19
436 436
872 5
436 436
872 7
879 2
436 436
872 11
443 443
886 1
448 448
896 11
448 448
896 14
910 1
448 448
896 23
448 448
896 28
924 5
448 448
896 38
934 3
448 448
896 43
939 2
448 448
896 46
942 5
448 448
896 56
952 1
448 448
896 70
966 1
448 448
896 73
969 2
448 448
896 76
972 5
448 448
896 86
982 1
448 448
896 92
988 3
448 448
896 92
988 7
995 2
504 504
1008 1
504 504
1008 5
509 509
1018 1
509 509
1018 3
514 514
1028 3
514 514
1028 5
514 514
1028 11
523 523
1046 3
523 523
1046 5
523 523
1046 14
1060 1
523 523
1046 14
1060 3
523 523
1046 23
536 536
1072 14
1086 1
536 536
1072 19
536 536
1072 19
1091 2
547 547
1094 3
547 547
1094 7
1101 2
547 547
1094 14
1108 1
556 556
1112 5
556 556
1112 11
563 563
1126 3
566 566
1132 19
566 566
1132 19
1151 2
577 577
1154 7
1161 2
577 577
1154 14
1168 3
586 586
1172 7
1179 2
586 586
1172 14
1186 1
586 586
1172 19
1191 2
586 586
1172 28
1200 1
605 605
1210 3
608 608
1216 1
608 608
1216 7
608 608
1216 13
608 608
1216 14
1230 1
608 608
1216 19
1235 2
608 608
1216 28
1244 5
608 608
1216 43
634 634
1268 7
1275 2
634 634
1268 11
634 634
1268 14
1282 1
634 634
1268 19
1287 2
634 634
1268 23
647 647
1294 3
647 647
1294 7
647 647
1294 7
1301 2
652 652
1304 3
659 659
1318 1
659 659
1318 3
661 661
1322 5
674 674
1348 13
674 674
1348 19
674 674
1348 23
1371 2
688 688
1376 5
699 699
1398 1
701 701
1402 7
709 709
1418 5
709 709
1418 7
1425 2
709 709
1418 11
709 709
1418 14
1432 1
719 719
1438 1
719 719
1438 7
1445 2
724 724
1448 3
724 724
1448 5
724 724
1448 11
733 733
1466 5
736 736
1472 7
1479 2
736 736
1472 11
736 736
1472 14
1486 1
736 736
1472 14
1486 3
736 736
1472 19
1491 2
736 736
1472 23
1495 4
736 736
1472 38
1510 1
736 736
1472 46
1518 5
736 736
1472 56
1528 3
736 736
1472 70
1542 1
773 773
1546 3
773 773
1546 7
778 778
1556 3
778 778
1556 11
785 785
1570 1
787 787
1574 5
787 787
1574 7
1581 2
796 796
1592 5
796 796
1592 7
1599 2
796 796
1592 14
1606 1
796 796
1592 14
1606 3
796 796
1592 19
1611 2
796 796
1592 23
1615 4
810 810
1620 1
811 811
1622 5
818 818
1636 1
824 824
1648 7
1655 2
829 829
1658 5
829 829
1658 7
1665 2
829 829
1658 11
844 844
1688 5
844 844
1688 7
1695 2
844 844
1688 11
844 844
1688 19
1707 2
844 844
1688 28
1716 5
844 844
1688 35
863 863
1726 7
863 863
1726 14
1740 1
872 872
1744 3
872 872
1744 7
1751 2
872 872
1744 14
1758 1
887 887
1774 3
887 887
1774 7
1781 2
887 887
1774 13
887 887
1774 14
1788 1
896 896
1792 7
1799 2
896 896
1792 19
896 896
1792 28
1820 3
896 896
1792 38
1830 1
896 896
1792 53
1845 2
896 896
1792 67
1859 2
896 896
1792 73
1865 2
896 896
1792 76
1868 3
896 896
1792 76
1868 5
896 896
1792 83
1875 2
896 896
1792 86
1878 1
896 896
1792 92
1884 5
896 896
1792 109
896 896
1792 112
1904 3
896 896
1792 112
1904 7
1911 2
896 896
1792 139
896 896
1792 139
1931 2
896 896
1792 152
1944 5
896 896
1792 152
1944 7
896 896
1792 181
988 988
1976 3
988 988
1976 11
995 995
1990 3
997 997
1994 3
997 997
1994 5
997 997
1994 7
2001 2
997 997
1994 14
2008 3
1008 1008
2016 1
1013 1013
2026 1
1013 1013
2026 3
1018 1018
2036 3
1021 1021
2042 11
1028 1028
2056 7
1028 1028
2056 13
1039 1039
2078 3
1039 1039
2078 5
1039 1039
2078 7
2085 2
1039 1039
2078 11
1046 1046
2092 7
1046 1046
2092 19
1046 1046
2092 19
2111 2
1046 1046
2092 37
1046 1046
2092 38
2130 1
1046 1046
2092 43
2135 2
1069 1069
2138 3
1069 1069
2138 5
1072 1072
2144 7
2151 2
1072 1072
2144 14
2158 3
1072 1072
2144 35
1094 1094
2188 14
2202 1
1094 1094
2188 19
1094 1094
2188 23
2211 2
1109 1109
2218 3
1112 1112
2224 13
1112 1112
2224 14
2238 1
1112 1112
2224 19
1123 1123
2246 5
1132 1132
2264 3
1132 1132
2264 5
1132 1132
2264 7
2271 2
1132 1132
2264 14
2278 3
1132 1132
2264 23
1132 1132
2264 28
2292 1
1132 1132
2264 28
2292 5
1154 1154
2308 1
1154 1154
2308 3
1154 1154
2308 23
2331 2
1168 1168
2336 3
1168 1168
2336 5
1172 1172
2344 3
1172 1172
2344 7
1172 1172
2344 13
1172 1172
2344 23
2367 4
1172 1172
2344 28
2372 5
1172 1172
2344 37
1172 1172
2344 38
2382 1
1172 1172
2344 43
2387 2
1172 1172
2344 46
2390 3
1172 1172
2344 53
2397 2
1201 1201
2402 7
2409 2
1201 1201
2402 14
2416 1
1210 1210
2420 3
1216 1216
2432 5
1216 1216
2432 7
2439 2
1216 1216
2432 14
2446 1
1216 1216
2432 23
2455 4
1216 1216
2432 35
1216 1216
2432 38
2470 3
1216 1216
2432 43
2475 2
1216 1216
2432 70
2502 1
1259 1259
2518 3
1259 1259
2518 13
1268 1268
2536 3
1268 1268
2536 7
1268 1268
2536 13
1268 1268
2536 14
2550 1
1268 1268
2536 19
2555 2
1268 1268
2536 43
1294 1294
2588 3
1294 1294
2588 5
1304 1304
2608 1
1307 1307
2614 3
1307 1307
2614 7
1307 1307
2614 19
1322 1322
2644 3
1327 1327
2654 3
1327 1327
2654 5
1327 1327
2654 7
2661 2
1327 1327
2654 14
2668 3
1327 1327
2654 23
1327 1327
2654 28
2682 1
1327 1327
2654 28
2682 5
1327 1327
2654 35
1327 1327
2654 38
2692 1
1348 1348
2696 3
1348 1348
2696 11
1348 1348
2696 14
2710 1
1348 1348
2696 14
2710 3
1348 1348
2696 23
1348 1348
2696 28
2724 5
1348 1348
2696 35
1348 1348
2696 43
2739 2
1373 1373
2746 3
1376 1376
2752 1
1381 1381
2762 5
1381 1381
2762 14
2776 1
1381 1381
2762 23
2785 4
1381 1381
2762 28
2790 1
1398 1398
2796 1
1399 1399
2798 3
1399 1399
2798 5
1409 1409
2818 1
1409 1409
2818 14
2832 1
1418 1418
2836 1
1418 1418
2836 7
1418 1418
2836 14
2850 1
1418 1418
2836 19
2855 2
1418 1418
2836 23
2859 2
1438 1438
2876 3
1438 1438
2876 11
1448 1448
2896 1
1448 1448
2896 7
1448 1448
2896 13
1448 1448
2896 19
2915 2
1459 1459
2918 7
2925 2
1466 1466
2932 7
1472 1472
2944 7
2951 2
1472 1472
2944 13
1472 1472
2944 19
1472 1472
2944 23
2967 2
1472 1472
2944 23
2967 4
1472 1472
2944 53
2997 2
1472 1472
2944 56
3000 1
1472 1472
2944 67
1472 1472
2944 73
3017 2
1472 1472
2944 76
3020 3
1472 1472
2944 92
3036 1
1472 1472
2944 92
3036 5
1472 1472
2944 103
3047 2
1472 1472
2944 112
3056 5
1472 1472
2944 112
3056 11
1472 1472
2944 134
3078 1
1472 1472
2944 139
1543 1543
3086 3
1553 1553
3106 3
1556 1556
3112 7
1556 1556
3112 7
3119 2
1567 1567
3134 3
1581 1581
3162 1
1583 1583
3166 1
1583 1583
3166 3
1583 1583
3166 14
3180 1
1592 1592
3184 3
1592 1592
3184 7
1592 1592
3184 19
1592 1592
3184 23
3207 2
1592 1592
3184 28
3212 5
1592 1592
3184 37
1592 1592
3184 43
3227 2
1622 1622
3244 7
1622 1622
3244 7
3251 2
1627 1627
3254 3
1627 1627
3254 5
1627 1627
3254 14
3268 3
1648 1648
3296 3
1648 1648
3296 5
1648 1648
3296 11
1655 1655
3310 3
1658 1658
3316 3
1658 1658
3316 7
1658 1658
3316 13
1658 1658
3316 14
3330 1
1669 1669
3338 5
1669 1669
3338 7
3345 2
1669 1669
3338 19
3357 2
1669 1669
3338 23
1669 1669
3338 28
3366 5
1669 1669
3338 35
1688 1688
3376 13
1688 1688
3376 14
3390 1
1688 1688
3376 28
3404 3
1688 1688
3376 37
1688 1688
3376 56
3432 1
1723 1723
3446 3
1726 1726
3452 5
1726 1726
3452 7
3459 2
1726 1726
3452 11
1726 1726
3452 14
3466 1
1726 1726
3452 14
3466 3
1744 1744
3488 3
1744 1744
3488 11
1744 1744
3488 23
1758 1758
3516 1
1759 1759
3518 7
3525 2
1759 1759
3518 11
1759 1759
3518 14
3532 1
1759 1759
3518 19
3537 2
1759 1759
3518 23
1759 1759
3518 28
3546 1
1774 1774
3548 7
3555 2
1774 1774
3548 11
1774 1774
3548 23
