4710
1 1
2 1
3 1
2 3
5 1
4 3
7 1
4 5
9 1
6 5
11 1
6 7
13 1
8 7
15 1
8 9
17 1
10 9
19 1
10 11
21 1
12 11
23 1
12 13
25 1
14 13
27 1
14 15
29 1
16 15
31 1
16 17
33 1
18 17
35 1
18 19
37 1
20 19
39 1
20 21
41 1
22 21
43 1
22 23
45 1
24 23
47 1
24 25
49 1
26 25
51 1
26 27
53 1
28 27
55 1
28 29
57 1
30 29
59 1
30 31
61 1
32 31
63 1
32 33
65 1
34 33
67 1
34 35
69 1
36 35
71 1
36 37
73 1
38 37
75 1
38 39
77 1
40 39
79 1
40 41
81 1
42 41
83 1
42 43
85 1
44 43
87 1
44 45
89 1
46 45
91 1
46 47
47 48
95 1
49 48
97 1
49 50
99 1
51 50
101 1
51 52
103 1
53 52
105 1
53 54
107 1
55 54
56 55
111 1
56 57
113 1
58 57
115 1
58 59
117 1
60 59
119 1
60 61
121 1
62 61
123 1
62 63
125 1
64 63
127 1
64 65
129 1
66 65
131 1
66 67
133 1
68 67
135 1
68 69
137 1
70 69
71 70
141 1
71 72
143 1
73 72
74 75
149 1
76 75
151 1
76 77
153 1
78 77
155 1
78 79
157 1
80 79
159 1
80 81
161 1
82 81
83 82
165 1
85 84
86 85
171 1
86 87
87 88
175 1
89 88
177 1
89 90
179 1
91 90
181 1
91 92
183 1
93 92
95 93
188 1
95 96
191 1
97 96
193 1
97 98
195 1
99 98
197 1
101 102
203 1
105 104
209 1
105 106
211 1
107 108
215 1
109 108
111 109
220 1
220 2
112 111
113 112
225 1
113 114
227 1
115 116
231 1
117 116
118 119
237 1
120 119
239 1
120 121
121 122
243 1
123 122
245 1
123 124
247 1
125 124
249 1
125 126
128 127
255 1
128 129
257 1
130 129
259 1
130 131
261 1
132 131
263 1
136 135
271 1
136 137
137 138
138 139
277 1
141 139
280 2
141 142
283 1
143 144
287 1
145 144
289 1
150 149
299 1
150 151
153 154
156 155
159 158
160 159
319 1
160 161
163 162
325 1
166 165
331 1
166 169
335 1
335 2
335 4
171 172
343 1
173 175
348 1
178 177
179 180
359 1
183 184
367 1
192 191
383 1
192 193
195 194
389 1
195 196
198 203
401 1
401 3
203 204
407 1
211 212
423 1
423 2
216 215
431 1
216 217
433 1
220 221
223 222
445 1
223 225
448 2
232 231
463 1
232 233
240 239
479 1
240 241
248 249
497 1
250 251
256 257
259 260
519 1
261 262
264 263
527 1
527 2
527 7
272 271
543 1
272 273
545 2
284 287
287 288
575 1
299 300
599 1
311 307
618 6
319 320
639 1
321 320
325 321
326 325
651 1
332 331
663 1
332 335
667 1
339 337
676 4
344 343
687 1
344 348
355 349
704 1
704 8
359 360
719 1
367 360
727 1
367 368
735 1
735 15
368 383
751 2
384 383
767 1
384 385
769 1
389 390
779 1
391 390
781 4
391 401
792 8
402 404
806 2
407 408
815 1
423 424
847 1
432 431
863 1
432 433
441 434
875 6
450 448
898 2
898 6
898 14
464 463
927 1
479 480
959 1
481 480
961 3
513 501
1014 11
520 519
1039 1
527 528
1055 1
543 544
1087 1
545 547
1092 15
571 547
1118 10
576 575
1151 1
600 599
1199 1
624 639
1263 2
640 639
1279 1
652 663
1315 5
664 663
1327 1
680 676
1356 4
688 687
1375 1
712 705
1417 13
720 719
1439 1
736 735
1471 1
767 753
1520 3
767 768
1535 1
769 768
1537 1
792 785
1577 7
815 816
1631 1
1631 18
816 847
1663 17
848 847
1695 1
864 863
1727 1
898 881
900 904
1804 8
928 927
1855 20
1855 21
1855 31
964 961
1925 25
1925 41
1014 964
1978 20
1014 1025
2039 17
1039 1040
2079 1
2079 11
1056 1055
2111 1
2111 25
1087 1056
2143 17
1087 1088
2175 1
2175 2
1128 1151
2279 10
1152 1151
2303 1
1200 1199
2399 18
2399 49
1263 1200
2463 1
2463 33
1280 1279
2559 1
2559 34
1327 1328
2655 1
1356 1360
2716 4
1375 1376
2751 1
1417 1376
2793 39
1439 1440
2879 1
1471 1472
2943 1
1535 1523
3058 2
1535 1536
3071 1
1577 1584
3161 24
3161 47
1584 1631
3215 1
1632 1631
3263 1
1695 1696
3391 1
1727 1728
3455 1
1779 1728
3507 3
1812 1804
3616 32
1812 1855
3667 45
1886 1925
3811 29
2039 2056
4095 33
2079 2080
4159 1
2112 2111
4223 1
2112 2136
4248 24
2143 2160
4303 1
2175 2176
4351 1
2177 2279
4456 9
4456 56
2303 2304
4607 1
2399 2304
4703 97
2464 2463
4927 1
2464 2496
4960 32
2559 2560
5119 1
2593 2560
5153 80
2656 2655
5311 1
5311 2
2751 2752
5503 1
2793 2832
5625 71
2879 2880
5759 1
2943 2944
5887 1
5887 2
3072 3071
6143 1
6143 41
3161 3072
6233 71
6233 103
3215 3216
6431 1
6431 33
3264 3263
6527 1
3392 3391
6783 1
3456 3455
6911 1
3648 3616
7264 32
3712 3811
7523 44
3840 3811
7651 172
3840 4095
7935 258
7935 273
4095 4128
8223 1
8223 33
4160 4159
8319 1
4224 4223
8447 1
4352 4351
8703 1
8703 2
4608 4607
9215 1
4992 4960
9952 32
5120 5119
10239 1
5312 5311
10623 1
5503 5313
5504 5503
11007 1
5696 5625
11321 71
5760 5759
11519 1
5888 5887
11775 1
6143 5889
12032 14
6143 6144
12287 1
12287 2
6527 6528
13055 1
6783 6784
13567 1
6911 6912
13823 1
13823 271
6912 7264
14176 288
7296 7264
14560 32
7567 7523
15090 78
7567 7651
15218 142
8320 8319
16639 1
8448 8447
16895 1
8704 8703
17407 1
8704 8705
8705 9215
17920 128
9216 9215
18431 1
9216 9952
19168 408
19576 8
19168 544
10240 10239
20479 1
10240 10623
20863 257
10624 10816
21440 320
11519 11520
23039 1
11775 11776
23551 1
23551 2
12288 12287
24575 1
13055 12289
25344 501
25845 11
13056 13055
26111 1
13568 13567
27135 1
13824 13823
27647 1
14560 14592
29152 408
29560 6
14592 15090
29682 12
29682 523
30205 1
15168 15218
30386 76
15360 15218
30578 904
31482 4
16639 15360
31999 383
31999 770
31999 1025
16639 16640
33279 1
16895 16896
33791 1
17407 17408
34815 1
17409 17920
35329 255
18432 18431
36863 1
18432 19168
37600 800
19712 19584
39296 128
39296 640
20479 20480
40959 1
20863 21120
41983 513
21440 21760
43200 816
44016 16
21760 23039
44799 513
23040 23039
46079 1
23552 23551
47103 1
24575 23553
48128 15
24575 24576
49151 257
49151 513
24576 25344
49920 256
25845 25344
51189 11
26111 26112
52223 320
27135 26112
53247 1
27647 27136
54783 255
27647 27648
55295 501
55796 10
55295 767
29152 27648
56800 800
56800 1056
56800 1538
58338 30
29682 29694
59376 16
30386 30206
60592 80
30578 30462
61040 652
61692 4
61040 912
31486 31482
62968 248
62968 249
62968 250
62968 251
31999 31486
63485 243
63485 753
64238 2
32769 32382
65151 113
33791 33280
67071 241
67312 1
34816 35329
70145 251
70396 3
35329 35584
70913 481
71394 14
38400 37600
76000 528
39424 39936
79360 240
79360 241
42496 41983
84479 241
42496 43200
85696 48
44016 44032
88048 768
47103 46080
47104 48128
95232 751
95983 1
48128 48143
96271 349
96620 4
48143 49151
97294 481
97775 15
49151 49408
98559 497
52543 53247
105790 434
56062 55806
111868 498
112366 2
56800 57600
114400 1040
59392 59376
118768 781
119549 2
60592 59392
119984 576
61696 61952
123648 964
124612 44
61952 62968
124920 501
125421 3
63217 63216
126433 1
63217 63218
126435 1
63219 63485
126704 240
63728 63485
127213 243
64240 64238
128478 2
65264 65151
130415 113
65264 67071
132335 753
132335 1265
67071 67312
134383 241
67313 70145
137458 2279
139737 7
70145 70396
140541 227
71394 71408
142802 14
142802 15
71408 76000
147408 1538
148946 14
76000 76528
152528 528
152528 2560
155088 16
79360 79600
158960 240
79601 84479
164080 240
164080 1263
165343 1
85744 88048
173792 271
173792 1779
175571 13
88816 88048
176864 3840
176864 4800
181664 64
88816 93183
181999 1728
183727 49
93183 95232
188415 481
188415 1200
189615 34
189615 35
188415 1728
190143 17
95232 95983
191215 481
96620 96624
193244 498
193742 2
98559 99056
197615 225
197615 865
197615 964
198579 29
197615 5313
202928 32
99056 105790
204846 1152
205998 34
105790 106224
212014 2464
214478 2
106224 111868
218092 228
218092 4800
222892 36
112366 111868
224234 228
224462 2
112368 112366
224734 1728
226462 50
114400 115440
229840 1779
231619 13
229840 4304
234144 2
234144 3
234144 4
234144 5
234144 6
234144 10
234144 18
115440 118768
234208 1978
236186 8
234208 3840
238048 194
120560 119984
240544 1779
242323 15
125421 124920
250341 189
126704 126436
253140 450
253590 12
128480 130415
258895 1875
130528 130415
260943 1875
133088 133600
266688 226
134383 134624
269007 964
269971 15
140541 140768
281309 1978
283287 11
147408 142817
290225 1265
147408 148946
296354 964
297318 44
297318 45
153056 152528
305584 1998
307582 20
158960 159200
318160 3712
321872 66
165344 165343
330687 3510
334197 29
330687 7567
338254 68
175571 174063
349634 1200
350834 30
180704 176864
357568 2944
360512 66
360512 67
183727 183776
367503 3264
370767 51
183776 188415
372191 668
372859 7
191696 193244
384940 212
385152 2
202928 198608
401536 2
206032 205998
412030 1779
413809 17
212014 206032
418046 5696
423742 52
218092 214480
432572 1440
434012 22
432572 3510
222892 218320
441212 3060
444272 2
226512 229840
456352 210
234147 234146
468293 1
234147 234148
468295 1
234149 234150
468299 1
234154 234150
468304 4
236194 236186
472380 8
238242 238048
476290 194
476290 195
240544 238242
478786 770
242338 242323
484661 15
242338 250341
492679 2177
494856 60
492679 4272
496951 13
250341 250530
500871 189
253602 258895
512497 4928
517425 19
266688 262818
529506 226
529506 1998
531504 4
531504 5
531504 7
531504 8
281309 269986
551295 4703
555998 86
555998 88
283298 283287
566585 1779
568364 8
290225 291490
581715 3264
584979 31
297318 297362
594680 44
297363 297362
594725 1
297363 305584
602947 1998
604945 19
321872 321938
643810 3072
646882 65
321938 330687
652625 5313
657938 2
657938 3
334197 334226
668423 1804
670227 1
334226 338254
672480 3840
676320 52
338254 338322
676576 1812
678388 32
338322 349634
687956 2752
350834 350864
701698 736
702434 4
702434 5
702434 6
702434 7
702434 9
702434 10
702434 12
701698 753
702451 10
350864 357568
708432 6233
714665 61
714665 62
714665 65
385154 385152
770306 3510
773816 30
770306 11520
781826 212
401536 385154
786690 11520
798210 212
401538 412030
813568 1200
814768 38
413826 418046
831872 1092
832964 2
831872 5153
837025 37
418046 423742
841788 3456
845244 10
441212 436082
877294 728
444274 444272
888546 11520
900066 212
456352 444274
900626 7823
908449 21
456562 468293
924855 11520
936375 210
936375 211
468294 468293
936587 1
476484 476290
952774 194
484661 484676
969337 15
969337 2560
971897 15
971897 16
500871 496964
997835 1950
999785 15
997835 1966
999801 1
501060 512497
1013557 15168
1028725 1
517444 517425
1034869 5889
1040758 2
531504 531508
1063012 4
531509 531508
551295 531512
1082807 16896
1099703 177
1082807 21120
1103927 49
556086 566585
1122671 3510
1126181 51
584979 585010
1169989 736
1170725 5
1170725 6
1170725 7
1169989 751
1169989 770
594726 594725
1189451 1728
1191179 31
604964 604945
1209909 14176
1224085 145
1224230 2
604964 643810
1248774 17920
1266694 20
657938 652625
1310563 2944
1313507 39
668423 657941
1326364 3510
1329874 56
1329874 57
1329874 63
702438 702439
1404877 1
702440 702439
1404879 1
702461 702451
1404912 3840
1408752 220
714730 714727
1429457 7935
1437392 251
1437643 1
1429457 38400
1467857 233
1468090 2
770306 714730
1485036 46080
1531116 192
786690 798210
1584900 9216
1594116 408
1594524 1
798422 813568
1611990 6912
1618902 198
814806 814768
1629574 9216
1638790 233
831872 814806
1646678 8705
1655383 23
845254 845244
1690498 6184
1696682 13
1696682 14
1696682 15
1696682 17
1690498 21760
1712258 816
1713074 5
877294 845254
1722548 6912
1729460 3
878022 877294
1755316 4512
1759828 83
888546 878022
1766568 13823
1766568 13824
908470 908449
1816919 6184
1823103 24
969337 952968
1922305 8448
1930753 88
1930753 90
1930753 92
1082807 1063017
2145824 18432
2164256 728
2164984 3
1209909 1191210
2401119 7651
2408770 22
1224232 1248774
2473006 25344
2498350 22
2498350 23
2498350 24
2473006 33280
2506286 278
1313507 1310563
2624070 728
2624798 6
1329931 1329937
2659868 71408
2731276 1200
2732476 42
1408972 1429457
2838429 928
2839357 8
2839357 9
1485036 1468092
2953128 12289
2965417 368
2965785 12
1531308 1531116
3062424 19712
3082136 139
1619100 1618902
3238002 4
3238002 5
3238002 6
1729463 1729460
3458923 13056
3471979 173
3471979 175
1780392 1780391
3560783 7296
3568079 57
1823127 1823103
3646230 59392
3705622 676
1930845 2145824
4076669 97790
4174459 131
2506286 2506564
5012850 67313
5080163 450
5080613 9
2732518 2732476
5464994 79601
5544595 4304
5548899 15
3238002 3082275
6320277 44032
6364309 534
6364843 1
6364843 2
3568079 3568136
7136215 465
7136680 8
4076669 3706298
7782967 321938
8104905 7935
8112840 241
8113081 1
5012850 4174590
9187440 321938
9509378 600
9509978 2
9187440 646947
9834387 3264
9837651 10
9187440 770306
9957746 317
9958063 1
5012850 5080163
10093013 25344
10118357 465
10118822 3
5548899 5548914
11097813 71408
11169221 1950
11171171 10
11097813 678420
11776233 1472
11777705 16
5548914 6320277
11869191 423794
12292985 8448
12301433 228
12301661 1
6364845 7136215
13501060 690708
14191768 349
14192117 2
7782967 7136688
14919655 147408
15067063 1056
15068119 6
14919655 164080
15083735 18
14919655 297363
15217018 1584
15218602 24
14919655 814806
15734461 2160
15736621 4
7782967 8104905
15887872 188896
16076768 668
8113081 8113082
16226163 714730
16940893 18048
16958941 33
9187440 8113082
17300522 604964
17905486 13056
17918542 481
17919023 5
10118825 10118822
20237647 936588
21174235 3392
21177627 20
10118825 11097813
21216638 155104
21371742 1632
21373374 13
21216638 269986
21486624 3391
11171181 11776233
22947414 99056
23046470 153
22947414 566585
23513999 1107
23515106 7
11869191 11777721
23646912 307602
23954514 5889
23960403 166
14192119 14192117
28384236 568372
28952608 10240
28962848 5
14192119 14919655
29111774 556086
29667860 9216
29677076 523
29677599 1
29111774 814806
29926580 5889
29932469 222
16076768 16077436
32154204 21760
32175964 664
16077436 16226163
32303599 814806
33118405 11008
33129413 93
33129506 1
17300522 16958974
34259496 231632
34491128 881
34492009 2
34259496 714730
34974226 38400
35012626 680
35013306 5
17300522 17905486
35206008 338322
35544330 8320
35552650 80
17919028 17919023
35838051 132335
35970386 171
35838051 678420
36516471 7296
36523767 30
35838051 1040760
36878811 20863
36899674 14
35838051 1408972
37247023 1376
37248399 27
17919028 20237647
38156675 1930845
40087520 191215
40278735 332
21490015 21486624
42976639 198608
43175247 3510
43178757 85
42976639 1224232
44200871 9216
44210087 326
44210413 2
23046470 23046623
46093093 269007
46362100 121
23960403 23960569
47920972 385154
48306126 5889
48312015 123
47920972 2164987
50085959 127456
50213415 77
47920972 2408792
50329764 15360
50345124 42
47920972 2506564
50427536 53248
50480784 431
47920972 3568136
51489108 881
23960569 28384236
52344805 1329937
53674742 25344
53700086 29
52344805 1722548
54067353 2143
52344805 1930845
54275650 127213
54402863 139
52344805 4174590
56519395 120560
56639955 3072
56643027 7
56519395 218320
56737715 391
56738106 8
56519395 643810
57163205 2832
57166037 20
28384236 28952608
57336844 142817
57479661 2177
57481838 15
29111774 28962853
58074627 260943
58335570 1356
58074627 556086
58630713 7823
58638536 64
29932469 29932691
59865160 165344
60030504 4992
60035496 119
59865160 1594525
61459685 964
61460649 34
59865160 1930845
61796005 29694
61825699 73
32154204 29932691
62086895 786690
62873585 1376
62874961 17
32176628 32303599
64480227 35584
64515811 881
64516692 1
33118405 32303599
65422004 206032
65628036 5760
65633796 93
65633889 1
65422004 269986
65691990 7823
65699813 27
33129506 33129507
66259013 814806
67073819 4512
67078331 46
34259496 33129507
67389003 556086
67945089 753
67945842 13
67389003 1013557
68402560 3072
68405632 88
34492011 34974226
69466237 23553
69489790 465
69490255 1
35013311 35206008
70219319 176864
70396183 2304
70398487 20
70219319 472388
70691707 3392
70695099 60
36523767 36523797
73047564 204846
73252410 816
73253226 23
73047564 218320
73265884 2056
73267940 15
36899674 36899688
73799362 297363
74096725 5760
74102485 53
37247023 36899688
74146711 281309
74428020 21
37248399 37248426
74496825 837062
75333887 273
37248426 38156675
75405101 59392
75464493 600
75405101 159200
75564301 2496
75566797 32
75405101 814806
76219907 7823
76227730 107
75405101 900626
76305727 3840
76309567 61
75405101 1780392
77185493 404
77185897 2
75405101 2659868
78064969 30578
78095547 391
78095938 7
38156675 40087520
78244195 517444
78761639 10624
78772263 135
78244195 702461
78946656 3840
78950496 251
78244195 1329937
79574132 29152
79603284 237
78244195 1930845
80175040 99056
80274096 545
80274641 1
40278735 40279067
80557802 290225
80848027 113
80557802 1082807
81640609 5313
81645922 16
80557802 1619100
82176902 3456
82180358 12
80557802 2506564
83064366 3667
83068033 27
42976639 40279067
83255706 23553
83279259 652
83279911 2
83255706 512497
83768203 1280
83769483 8
83255706 1531308
84787014 47104
84834118 237
83255706 1816919
85072625 125
83255706 2164987
85420693 40960
85461653 816
85420693 67313
85488006 2656
85490662 1
85420693 183776
85604469 2944
85607413 27
83255706 2408792
85664498 45312
85709810 289
83255706 2506564
85762270 53248
85815518 646
85816164 4
43178757 43178842
86357599 714730
87072329 7296
87079625 176
44200871 43178842
87379713 372866
87752579 7651
87760230 162
44210413 44210415
88420828 1313546
89734374 7935
89742309 212
46093093 44210415
90303508 1472
90304980 38
90303508 291490
90594998 1728
90596726 36
90303508 1028726
91332234 2304
91334538 34
90303508 1170759
91474267 16640
91490907 71
90303508 1531308
91834816 51200
91886016 780
90303508 1930845
92234353 76528
92310881 1014
92311895 2
46362100 46362221
92724321 39936
92764257 928
92765185 2
92724321 714730
93439051 39936
93478987 547
93479534 10
47920972 46362221
94283193 350864
94634057 4992
94639049 83
94283193 832966
95116159 1200
95117359 59
94283193 878022
95161215 8193
95169408 9
94283193 1013557
95296750 3264
95300014 114
94283193 1126232
95409425 29152
95438577 51
94283193 1191210
95474403 816
95475219 16
48306126 47920972
96227098 134624
96361722 30
48312015 48312138
96624153 472388
97096541 391
97096932 9
96624153 1191210
97815363 3264
97818627 46
96624153 1313546
97937699 11520
97949219 113
50085959 48312138
98398097 434034
98832131 881
98833012 16
98398097 594726
98992823 4465
98997288 23
98398097 1329937
99728034 64240
99792274 735
50213492 50329764
100543256 45312
100588568 301
100588869 4
100543256 98559
100641815 52
50427536 50480784
100908320 43200
100951520 123
50480784 50481215
100961999 529506
101491505 58
51489989 51489108
102979097 155104
103134201 2944
103137145 56
102979097 238242
103217339 384
51489989 52344805
103834794 115440
103950234 3264
103953498 47
103834794 604964
104439758 4512
104444270 10
103834794 657941
104492735 4248
104496983 22
103834794 845254
104680048 123
53674742 52344805
106019547 971913
106991460 23553
107015013 287
53700115 54067353
107767468 35329
107802797 77
54275650 54402863
108678513 7651
108686164 75
108678513 99056
108777569 2793
108780362 12
54403002 54402863
108805865 690708
109496573 4456
109501029 4
54403002 56519395
110922397 814806
111737203 5313
111742516 84
110922397 971913
111894310 424
111894310 19712
111914022 204
111914226 4
110922397 1930845
112853242 58368
112911610 165
56738106 56738114
113476220 385154
113861374 2304
113863678 60
57166057 57166037
114332094 95232
114427326 232
57336844 57479661
114816505 76528
114893033 1886
114894919 38
57481838 57481853
114963691 385154
115348845 7651
115356496 87
58074627 57481853
115556480 413826
115970306 816
58638600 58638536
117277136 5504
117282640 80
117277136 202960
117480096 513
117277136 657941
117935077 3840
117938917 63
58638600 59865160
118503760 7935
118511695 177
118503760 338322
118842082 10624
118852706 99
118503760 900626
119404386 618
60030504 59865160
119895664 71408
119967072 1472
119968544 47
60035615 60035496
120071111 714730
120785841 21760
120807601 138
60035615 61459685
121495300 1040760
122536060 16896
122552956 26
61796005 61460683
123256688 269007
123525695 865
123526560 2
62873585 62086895
124960480 2752
124963232 25
124960480 212014
125172494 1472
125173966 22
62874978 62874961
125749939 231632
125981571 2177
125983748 58
62874978 64480227
127355205 401538
127756743 1360
127758103 9
64515811 64480227
128996038 9216
129005254 307
129005561 1
64516693 65422004
129938697 307602
130246299 1040
130247339 14
129938697 714730
130653427 18432
130671859 19
130653427 19584
130673011 3
129938697 924855
130863552 9216
130872768 668
130873436 1
66259013 65699840
131958853 140768
132099621 431
67073819 66259013
133332832 531512
133864344 1649
133865993 13
67078377 67078331
134156708 65264
134221972 1728
134223700 18
67078377 67389003
134467380 297363
134764743 1925
134766668 18
67945089 67389003
135334092 413826
135747918 770
135334092 423794
135757886 4928
135762814 31
67945089 67945842
135890931 547
135891478 12
67945842 67945855
135891697 15360
135907057 33
68405632 68405720
136811352 67313
136878665 712
136879377 2
136811352 845254
137656606 20863
137677469 237
68405720 69466237
137871957 6912
137878869 15
137871957 206032
138077989 624
138078613 2
137871957 646947
138518904 1376
138520280 32
137871957 714730
138586687 47104
138633791 865
138634656 8
137871957 814806
138686763 8705
138695468 212
138695680 1
70219319 69490256
139709575 17409
139726984 391
70398507 70398487
140796994 242338
141039332 5504
141044836 19
70695099 70695159
141390258 367503
141757761 1360
141759121 3
141390258 517444
141907702 9216
141916918 355
141390258 1629574
143019832 7296
143027128 12
73267955 73799362
147067317 604964
147672281 21760
147694041 77
74496825 74428041
148924866 127456
149052322 301
149052623 2
74496825 75333887
149830712 484676
150315388 1779
150317167 5
149830712 786690
150617402 1360
150618762 3
75566797 75566829
151133626 130528
151264154 1328
151265482 13
151133626 441212
151574838 668
151575506 6
76305727 76227837
152533564 58368
152591932 618
152592550 3
76309628 76309567
152619195 269986
152889181 7296
152896477 52
76309628 77185493
153495121 444274
153939395 9216
153948611 646
153949257 1
77185899 77185897
154371796 690708
155062504 898
78244195 78095945
156340140 55295
156395435 368
156395803 9
78244195 78761639
157005834 37600
157043434 576
157044010 10
78950747 78950496
157901243 444274
158345517 11008
158356525 21
157901243 512497
158413740 189
158413929 1
80274642 80557802
160832444 321938
161154382 1328
161155710 6
83279913 83768203
167048116 12289
167060405 719
83769491 83769483
167538974 64240
167603214 736
167603950 9
167538974 877294
168416268 166
168416434 1
84787014 83769491
168556505 436082
168992587 48
168556505 604964
169161469 9216
169170685 238
168556505 908470
169464975 5313
169470288 139
85607440 85664498
171271938 64240
171336178 847
85815518 85762270
171577788 31486
171609274 408
86357599 85816168
172173767 46080
172219847 105
172173767 556086
172729853 1328
172731181 12
172173767 1099880
173273647 1728
173275375 19
87072329 86357599
173429928 444274
173874202 10816
173885018 169
173885187 1
87379713 87079801
174459514 53248
174512762 520
174459514 198608
174658122 1056
174659178 30
88420828 87760392
176181220 269007
176450227 676
176450903 1
176181220 297363
176478583 2304
176480887 43
176181220 670228
176851448 145
176851593 3
176181220 1329937
177511157 16896
177528053 450
177528503 4
176181220 1468092
177649312 9984
177659296 144
176181220 1722548
177903768 1025
177904793 2
176181220 1729463
177910683 5313
177915996 29
89734374 88420828
178155202 714730
178869932 27648
178897580 1056
178898636 10
89742309 89742521
179484830 512497
179997327 290
179997617 4
90303508 89742521
180046029 148960
180194989 3264
180198253 31
91886796 91886016
183772812 147408
183920220 1417
183921637 8
92311897 92311895
184623792 253602
184877394 1855
184879249 6
92765187 92765185
185530372 479556
186009928 3840
186013768 19
93478987 93439051
186918038 18432
186936470 101
93479534 93479544
186959078 164320
187123398 307
186959078 174063
187133141 928
187134069 30
186959078 357568
187316646 1632
187318278 14
93479544 94283193
187762737 900626
188663363 513
188663876 5
187762737 1013557
188776294 6233
188782527 64
187762737 1034869
188797606 1696
188799302 27
94634057 94283193
188917250 134624
189051874 1107
95169408 95169417
190338825 21440
190360265 177
95300014 95300128
190600142 106224
190706366 2177
190708543 84
96227098 95475235
191702333 444274
192146607 1265
192147872 3
96361752 96361722
192723474 18048
192741522 104
96624153 96361752
192985905 140768
193126673 1328
193128001 12
192985905 531512
193517417 11520
193528937 12
192985905 678420
193664325 8448
193672773 226
97096932 97096941
194193873 372866
194566739 2304
194569043 55
98398097 97949332
196347429 183776
196531205 3072
196534277 20
196347429 652625
197000054 1107
197001161 3
98832131 98398097
197230228 46080
197276308 904
197277212 1
98997288 98997311
197994599 444274
198438873 8320
198447193 54
99728034 98997311
198725345 212014
198937359 391
198937750 8
198725345 478786
199204131 481
199204612 11
100543256 99793009
200336265 283298
200619563 2793
200622356 31
200336265 782038
201118303 189
100951643 100961999
201913642 307602
202221244 326
100961999 101491505
202453504 175584
202629088 408
202629496 5
202453504 444274
202897778 10624
202908402 42
101491505 101491563
202983068 1437644
204420712 4800
204425512 44
102979097 101491563
204470660 367503
204838163 1998
204840161 15
204470660 568372
205039032 11008
205050040 118
104497005 104680048
209177053 96271
209273324 226
209177053 128480
209305533 1376
209306909 30
104680171 104680048
209360219 517444
209877663 1855
209879518 18
209360219 604964
209965183 434
209965617 3
209360219 1099880
210460099 391
210460490 6
209360219 1266714
210626933 19584
210646517 124
106019547 104680171
210699718 183776
210883494 1092
210884586 8
210699718 832966
211532684 2880
211535564 43
106991460 106019547
213011007 188415
213199422 12
107015013 107015300
214030313 214480
214244793 408
214245201 12
107767468 107015300
214782768 153056
214935824 1632
214937456 15
107802874 108678513
216481387 456562
216937949 1663
216939612 2
216481387 604964
217086351 501
217086852 1
216481387 845254
217326641 27648
217354289 45
111737203 110922397
222659600 556086
223215686 6912
223222598 137
222659600 798422
223458022 13056
223471078 434
111914230 111914226
223828456 214480
224042936 2177
224045113 67
223828456 900626
224729082 7296
224736378 192
112853242 111914230
224767472 38400
224805872 624
224806496 12
112911775 113476220
226387995 148960
226536955 2160
226539115 1
226387995 556086
226944081 3712
226947793 79
226387995 646882
227034877 30
113476220 113861374
227337594 307602
227645196 2496
227647692 36
113863678 113863738
227727416 206032
227933448 4304
227937752 46
114332094 113863738
228195832 297363
228493195 5313
228498508 13
114427558 114816505
229244063 148960
229393023 109
229393132 1
115348845 114963691
230312536 52223
230364759 100
115556480 115356583
230913063 484676
231397739 753
231398492 8
115971122 115970306
231941428 357568
232298996 1280
232300276 26
231941428 401538
232342966 9984
232352950 28
117277136 115971122
233248258 657941
233906199 3840
233910039 191
233248258 1126232
234374490 23553
234398043 624
234398667 9
117282720 117480096
234762816 106224
234869040 4160
234873200 57
118503760 117938980
236442740 529732
236972472 1088
236973560 3
118511872 118511695
237023567 71408
237094975 720
237095695 2
118511872 118842082
237353954 79601
237433555 43
119405004 119895664
239300668 181999
239482667 61
121495300 120807739
242303039 531512
242834551 9216
242843767 705
242844472 2
242303039 585010
242888049 5760
242893809 95
242303039 878022
243181061 5504
243186565 82
122536060 121495300
244031360 845254
244876614 16896
244893510 391
244893901 7
123256688 122552982
245809670 260943
246070613 89
245809670 517444
246327114 1696
246328810 3
245809670 714730
246524400 37600
246562000 465
246562465 7
245809670 781826
246591496 25
123526560 123526562
247053122 33280
247086402 465
247086867 7
124963257 125172494
250135751 44799
250180550 264
250180814 4
250135751 120560
250256311 2560
250258871 28
125983806 125983748
251967554 269986
252237540 5153
252242693 74
125983806 127355205
253339011 242338
253581349 2177
253583526 78
253339011 338322
253677333 8448
253685781 232
127758103 127758112
255516215 479556
255995771 1200
255996971 41
129005561 129005562
258011123 418046
258429169 3648
258432817 14
129938697 129005562
258944259 130528
259074787 154
130863552 130673014
261536566 10240
261546806 256
130873437 130873436
261746873 262818
262009691 928
262010619 25
261746873 900278
262647151 126
261746873 1063017
262809890 17409
262827299 258
132100052 132099621
264199673 845254
265044927 14464
265059391 89
132100052 133332832
265432884 176864
265609748 450
265610198 2
265432884 291490
265724374 4703
265729077 79
265432884 1013557
266446441 680
266447121 2
134764743 134467380
269232123 250530
269482653 258
134766668 134766686
269533354 334226
269867580 1696
269869276 28
135762814 135762845
271525659 42496
271568155 116
135907090 135907057
271814147 444274
272258421 3392
272261813 36
271814147 714730
272528877 51200
272580077 770
272580847 7
135907090 136811352
272718442 106224
272824666 4703
272829369 60
272718442 814806
273533248 16896
273550144 139
138695680 138695681
277391361 7651
277399012 171
277391361 585010
277976371 646
277977017 2
277391361 971913
278363274 2720
139709575 138695681
278405256 423794
278829050 2464
278831514 12
139727375 139726984
279454359 418046
279872405 520
279872925 1
139727375 140796994
280524369 55806
280580175 71
280524369 517444
281041813 3264
281045077 69
141044855 141390258
282435113 676576
283111689 875
283112564 1
143019832 141917273
284937105 412030
285349135 1128
285350263 7
284937105 551295
285488400 3840
285492240 45
284937105 1034869
285971974 3712
285975686 39
143027140 143027128
286054268 1248774
287303042 14176
287317218 72
286054268 1266714
287320982 12046
287333028 105
286054268 1329937
287384205 21440
287405645 182
286054268 2953128
289007396 5889
289013285 68
286054268 3568136
289622404 5889
289628293 158
143027140 147067317
290094457 3082275
293176732 99056
293275788 433
290094457 3706298
293800755 76528
293877283 652
147067317 147672281
294739598 59392
294798990 964
294799954 20
147694041 147694118
295388159 494916
295883075 576
295388159 1191210
296579369 4800
296584169 87
148924866 147694118
296618984 702461
297321445 3811
297325256 15
149052623 149052625
298105248 714730
298819978 30578
298850556 243
149830712 149052625
298883337 997835
299881172 307
299881479 3
149830712 150315388
300146100 305584
300451684 408
300452092 2
150618765 150618762
301237527 330687
301568214 576
301568790 7
151265495 151574838
302840333 76000
302916333 385
152896529 152896477
305793006 360579
306153585 6784
306160369 18
153939395 153495121
307434516 253602
307688118 1998
307690116 15
153949257 153949258
307898515 88816
307987331 3392
307990723 15
155063402 155062504
310125906 99056
310224962 5313
310230275 128
155063402 156340140
311403542 27136
311430678 232
157901243 157044020
314945263 952968
315898231 6464
315904695 14
158413930 158413929
316827859 1329937
318157796 10240
318168036 58
158413930 160832444
319246374 1082807
320329181 5313
320334494 133
319246374 2164987
321411361 31999
321443360 40
160832444 161154382
321986826 165344
322152170 6784
322158954 112
321986826 305584
322292410 31
161155710 161155716
322311426 85744
322397170 519
322311426 1655406
323966832 16896
323983728 38
322311426 2164987
324476413 115440
324591853 1088
324592941 2
167048116 161155716
328203832 372866
328576698 6528
328583226 157
328203832 479556
328683388 41
328203832 3706298
331910130 183776
332093906 1728
332095634 1
328203832 5464994
333668826 49920
333718746 233
333718979 2
328203832 5548914
333752746 70145
333822891 216
169170923 169170685
338341608 212014
338553622 1152
338554774 12
169170923 169464975
338635898 120560
338756458 1966
338758424 11
169470288 169470427
338940715 5120
338945835 9
338940715 1266714
340207429 21760
340229189 1152
340230341 5
169470427 171271938
340742365 999802
341742167 8705
341750872 290
341751162 1
340742365 1248774
341991139 8705
341999844 127
171609682 172173767
343783449 350864
344134313 3456
344137769 33
343783449 444274
344227723 8705
344236428 260
343783449 479556
344263005 1632
344264637 9
172219847 172219952
344439799 164320
344604119 99
172219952 172729853
344949805 456562
345406367 1040
345407407 5
172731181 172731193
345462374 50176
345512550 81
172731193 173273647
346004840 115440
346120280 2656
346122936 26
346004840 183776
346188616 3391
173429928 173874202
347304130 253602
347557732 2944
347560676 60
174659208 174659178
349318386 845254
350163640 27648
350191288 1118
350192406 6
176181220 174659208
350840428 436082
351276510 2177
351278687 71
176851593 176851596
353703189 10240
353713429 337
353703189 456562
354159751 5889
354165640 44
177511157 176851596
354362753 165344
354528097 5889
354533986 85
177659440 177659296
355318736 11008
355329744 163
177915996 177916025
355832021 191696
356023717 7
178869932 178155202
357025134 484676
357509810 1812
357511622 28
179484830 178898646
358383476 372866
358756342 9984
358766326 175
180198253 180198284
360396537 1639023
362035560 728
362036288 2
360396537 1759911
362156448 2944
362159392 78
360396537 2732518
363129055 30578
363159633 149
183772812 180198284
363971096 1722548
365693644 2944
365696588 73
363971096 2732518
366703614 54783
366758397 32
183921645 183921637
367843282 568372
368411654 1328
368412982 3
183921645 184623792
368545437 678420
369223857 2880
369226737 34
184879255 184879249
369758504 568372
370326876 12289
370339165 263
186009928 185530372
371540300 456562
371996862 3840
372000702 178
186013787 186013768
372027555 204846
372232401 900
187318278 187318292
374636570 202960
374839530 712
374840242 1
187762737 187318292
375081029 714730
375795759 53248
375849007 1440
375850447 30
375081029 1224232
376305261 13056
376318317 480
187762737 188663363
376426100 714730
377140830 4800
377145630 119
189052981 189051874
378104855 385154
378490009 1328
378491337 1
189052981 190338825
379391806 291490
379683296 4800
379688096 19
190360265 190360442
380720707 222928
380943635 65
190708627 191702333
382410960 269986
382680946 5625
382686571 51
382410960 643810
383054770 624
383055394 3
382410960 908470
383319430 13568
383332998 42
192147875 192147872
384295747 444274
384740021 9984
384750005 228
192147875 192723474
384871349 479556
385350905 1472
192741626 192985905
385727531 334226
386061757 1107
193528949 193664325
387193274 43200
387236474 225
193672999 193672773
387345772 7296
387353068 95
194193873 194566739
388760612 153056
388913668 1950
388915618 2
388760612 242338
389002950 7567
389010517 47
194569098 194569043
389138141 193744
389331885 668
389332553 2
389138141 1126232
390264373 17409
390281782 203
198937758 199204131
398141889 132335
398274224 368
398274592 12
199204612 199204623
398409235 646947
399056182 3667
399059849 39
398409235 676576
399085811 1107
399086918 5
398409235 832966
399242201 728
399242929 6
201118303 200622387
401740690 165344
401906034 6912
401912946 39
201118303 201118492
402236795 231632
402468427 1118
402469545 4
202983068 202908444
405891512 307602
406199114 5313
406204427 189
405891512 1126232
407017744 11008
407028752 198
407028950 1
202983068 204420712
407403780 496964
407900744 687
407403780 1326364
408730144 1538
408731682 24
204470660 204425556
408896216 242338
409138554 5153
409143707 19
408896216 338322
409234538 9984
409244522 188
204838163 204470660
409308823 39936
409348759 368
409349127 2
205050040 205050158
410100198 401538
410501736 5313
410507049 85
410100198 1266714
411366912 19712
411386624 498
411387122 1
410100198 2624804
412725002 21760
412746762 212
410100198 3238008
413338206 79601
413417807 3264
413421071 5
205050158 209177053
414227211 1930845
416158056 30386
416188442 55
414227211 2164987
416392198 114400
416506598 441
416507039 1
414227211 3472154
417699365 4800
417704165 7
209273550 209273324
418546874 1886
418548760 3
209306939 209306909
418613848 6336
418620184 30
209360219 209877663
419237882 112368
419350250 1696
419351946 23
209965620 209965617
419931237 52543
419983780 54
211532684 210884594
422417278 484676
422901954 7567
422909521 60
211535607 213011007
424546614 1594525
426141139 7567
426148706 7
213199422 213199434
426398856 206032
426604888 1535
426398856 372191
426771047 102
213199434 214030313
427229747 297363
427527110 2177
427529287 87
427229747 878022
428107769 9216
428116985 128
214245201 214245213
428490414 401538
428891952 7567
428899519 2
214782768 214245213
429027981 262818
429290799 875
429291674 3
429027981 657941
429685922 2752
429688674 22
214937471 214937456
429874927 1224232
431099159 4160
431103319 30
214937471 216481387
431418858 1780392
433199250 2496
433201746 54
217354334 217354289
434708623 484676
435193299 7651
435200950 28
434708623 1823127
436531750 88816
436620566 3840
436624406 211
434708623 2965797
437674420 39936
437714356 864
434708623 3706298
438414921 242338
438657259 6464
438663723 27
222659600 217354334
440013934 594726
440608660 7567
440616227 35
440013934 1485036
441498970 27136
441526106 259
440013934 1780392
441794326 4352
441798678 76
440013934 1823127
441837061 24576
441861637 331
440013934 2164987
442178921 204846
442383767 138
440013934 3082275
443096209 42496
440013934 3706298
443720232 198608
443918840 3712
443922552 66
440013934 4174590
444188524 501060
444689584 7523
444697107 30
440013934 5080622
445094556 338322
445432878 4465
445437343 30
440013934 5548914
445562848 189650
445752498 408
445752906 10
223471512 223828456
447299968 44032
447344000 197
447299968 568372
447868340 692
447869032 3
224806496 224806508
449613004 456562
450069566 5889
450075455 61
226387995 224806508
451194503 496964
451691467 1417
451692884 12
451194503 971913
452166416 16640
452183056 128
226536955 226387995
452924950 95232
453020182 228
453020410 1
226947793 226947872
453895665 24576
453920241 529
453920770 2
227337594 227034907
454372501 99056
454471557 4272
454475829 14
454372501 106224
454478725 465
454479190 8
228498521 228498508
456997029 436082
457433111 2464
457435575 1
230913063 230364859
461277922 385154
461663076 13824
461676900 21
461277922 512497
461790419 1417
461791836 3
231397739 230913063
462310802 297363
462608165 7651
462615816 49
231398500 231941428
463339928 441212
463781140 2880
463784020 15
232352950 232352978
464705928 845254
465551182 4465
465555647 37
233248258 232352978
465601236 594726
466195962 2399
466198361 7
233248258 233906199
467154457 372866
467527323 1998
467529321 4
233910039 233910230
467820269 174063
467994332 210
234873257 234873200
469746457 231632
469978089 964
469979053 8
469746457 1040760
470787217 4992
470792209 1
236442740 234873257
471315997 283298
471599295 816
471600111 10
471315997 1823127
473139124 45312
473184436 501
473184937 5
236442740 236972472
473415212 56800
473472012 433
237095697 237353954
474449651 269986
474719637 1014
474720651 10
237433555 237433598
474867153 1103976
475971129 17920
475989049 126
474867153 1224232
476091385 15360
476106745 875
476107620 3
474867153 1485036
476352189 18048
476370237 77
474867153 1531308
476398461 49408
476447869 244
474867153 1780392
476647545 19712
476667257 198
476667455 2
239300668 237433598
476734266 413826
477148092 1779
477149871 18
476734266 1266714
478000980 41983
478042963 464
239482667 239482728
478965395 646947
479612342 425
479612767 2
478965395 1655406
480620801 6233
480627034 12
239482728 242303039
481785767 1028726
482814493 2752
482817245 20
481785767 1329937
483115704 15218
483130922 138
481785767 1930845
483716612 111868
483828480 104
481785767 2659868
484445635 6912
484452547 344
484452891 2
242834551 242303039
485137590 198608
485336198 3840
485340038 89
485137590 401538
485539128 720
485539848 2
485137590 479556
485617146 1280
485618426 24
242893904 243181061
486074965 188896
486263861 624
486264485 9
243186565 243186647
486373212 568372
486941584 2177
486943761 75
244031360 243186647
487218007 153056
487371063 808
487218007 214480
487432487 2593
487435080 5
487218007 604964
487822971 26112
487849083 32
487218007 971913
488189920 21760
488211680 1152
488212832 30
487218007 1224232
488442239 2880
488445119 58
487218007 1329937
488547944 40960
488588904 137
487218007 1611990
488829997 5313
488835310 175
244031360 244876614
488907974 43200
488951174 712
488951886 3
488907974 657941
489565915 3840
489569755 102
244893901 244893908
489787809 96624
489884433 243
244893908 245809670
490703578 13056
490716634 349
490716983 4
246328813 246524400
492853213 218320
493071533 3712
493075245 68
246591521 246591496
493183017 183776
493366793 325
247053122 246591521
493644643 334226
493978869 2160
493981029 12
247086867 247086874
494173741 231632
494405373 1200
494406573 49
494173741 714730
494888471 1779
494890250 7
494888471 27648
494916119 781
494173741 1329937
495503678 6528
495510206 132
494173741 2164987
496338728 148960
496487688 848
496488536 11
250135751 247086874
497222625 165344
497387969 3264
497391233 109
497222625 2498374
499720999 1328
499722327 9
250180818 250180814
500361632 35584
500397216 408
500397624 12
250258871 250258899
500517770 188896
500706666 624
500707290 7
251967554 250258899
502226453 1126232
503352685 43200
503395885 80
502226453 1329937
503556390 18432
503574822 481
503575303 14
252242693 252242767
504485460 566585
505052045 676
505052721 3
253339011 252242767
505581778 668423
506250201 23
253685781 253686013
507371794 115440
507487234 2560
507489794 9
255516215 253686013
509202228 76528
509278756 407
255995771 255516215
511511986 360579
511872565 3264
511875829 43
255997012 255996971
511993983 88816
512082799 1812
512084611 36
511993983 531512
512525495 7935
512533430 217
511993983 814806
512808789 13056
512821845 80
255997012 258011123
514008135 436082
514444217 3507
514447724 2
258432831 258944259
517377090 148960
517526050 204
517526254 1
261547062 261546806
523093868 58368
523152236 243
261746873 261547062
523293935 11520
523305455 57
262009691 261746873
523756564 10240
523766804 124
523756564 159200
523915764 2656
523918420 47
262010644 262010619
524021263 99056
524120319 5313
524125632 176
262010644 262647151
524657795 39424
524697219 307
262827557 264199673
527027230 971913
527999143 1014
528000157 2
527027230 1063017
528090247 6912
528097159 47
527027230 1823127
528850357 85744
528936101 1
265044927 264199673
529244600 35329
529279929 36
529244600 444274
529688874 5313
529694187 182
266447123 266447121
532894244 212014
533106258 1998
533108256 2
532894244 773846
533668090 848
533668938 10
532894244 971913
533866157 9216
533875373 391
533875764 1
532894244 1266714
534160958 17409
534178367 39
532894244 2164987
535059231 218320
535277551 1584
535279135 38
266447123 269232123
535679246 2164987
537844233 183776
538028009 1978
538029987 3
269232123 269482653
538714776 106224
538821000 4800
538825800 13
538714776 120560
538835336 184
269867580 269533354
539400934 242338
539643272 2832
539646104 27
269869304 269869276
539738580 281309
540019889 1538
540021427 23
539738580 888546
540627126 534
540627660 6
271525659 269869304
541394963 479556
541874519 4248
541878767 9
541394963 1191210
542586173 11520
542597693 17
541394963 1611990
543006953 2752
543009705 25
272261849 272261813
544523662 139744
544663406 159
272829369 272829429
545658798 111868
545770666 113
545658798 444274
546103072 223
273550144 273550283
547100427 367503
547467930 1680
547469610 14
547100427 782038
547882465 576
547883041 1
547100427 1224232
548324659 1280
548325939 24
547100427 2164987
549265414 26112
549291526 547
549292073 17
547100427 2659868
549760295 4608
549764903 51
547100427 3706298
550806725 85744
550892469 1875
277391361 273550283
550941644 79601
551021245 4224
551025469 4
550941644 714730
551656374 32382
551688756 273
550941644 2732518
553674162 38400
553712562 408
553712970 12
277977019 277977017
555954036 193744
556147780 1152
556148932 19
278365994 278363274
556729268 2160
556731428 9
279454359 279872405
559326764 120560
559447324 547
559447871 19
280580246 281041813
561622059 222928
561844987 875
561845862 3
281045077 281045146
562090223 676576
562766799 321
562767120 3
562090223 1191210
563281433 2177
563283610 23
281045146 282435113
563480259 714730
564194989 2304
564197293 29
283111689 282435113
565546802 330687
565877489 1056
565878545 17
283112565 283112564
566225129 307602
566532731 6336
566539067 67
566225129 1313546
567538675 10624
567549299 28
566225129 1646678
567871807 6233
567878040 32
283112565 284937105
568049670 212014
568261684 408
568262092 6
568049670 1310563
569360233 1978
569362211 5
568049670 1823127
569872797 11392
569884189 95
285975725 286054268
572029993 1248774
573278767 4128
573282895 10
287405827 287405645
574811472 12046
574823518 165
289007396 287405827
576413223 714730
577127953 27648
577155601 668
577156269 6
289013285 289013353
578026638 385154
578411792 3840
290094457 289628451
579722908 2164987
581887895 222928
582110823 964
582111787 20
293176732 290094457
583271189 23553
583294742 198
583294940 3
583271189 936588
584207777 13056
584220833 93
583271189 1584900
584856089 5760
584861849 59
583271189 1930845
585202034 18432
585220466 600
585221066 4
293276221 293800755
587076976 36864
587113840 497
293877935 294739598
588617533 585010
589202543 4304
589206847 43
588617533 670228
589287761 1417
589289178 11
588617533 814806
589432339 10816
589443155 85
294798990 294739598
589538588 37600
589576188 753
589576941 11
297321445 296618984
593940429 120560
594060989 2496
594063485 1
593940429 181728
594122157 92
593940429 198608
594139037 848
594139885 8
297325256 297325271
594650527 165344
594815871 3072
594818943 24
594650527 370818
595021345 1107
595022452 10
297325271 298105248
595430519 708432
596138951 6144
596145095 17
595430519 1485036
596915555 5889
596921444 212
596921656 2
298850799 298883337
597734136 971913
598706049 15360
598721409 600
598722009 13
298883337 299881172
598764509 971913
599736422 10240
599746662 99
300452092 300452094
600904186 85744
600989930 652
600990582 8
600904186 198608
601102794 120
600904186 501060
601405246 9216
601414462 12
300452094 301237527
601689621 798422
602488043 2056
602490099 4
301568214 301237527
602805741 250530
603056271 384
302840333 301568797
604409130 585010
604994140 576
604994716 19
604409130 604964
605014094 35584
605049678 111
604409130 652625
605061755 2304
605064059 16
604409130 878022
605287152 2464
605289616 13
604409130 908470
605317600 15168
605332768 3
302916718 302916333
605833051 952968
606786019 7567
606793586 82
605833051 1329937
607162988 1328
607164316 7
605833051 1437644
607270695 6464
607277159 36
605833051 1531308
607364359 11520
607375879 29
605833051 2732518
608565569 99056
608664625 6464
608671089 3
305793006 302916718
608709724 1126232
609835956 1025
609836981 11
608709724 1823127
610532851 61952
610594803 688
610595491 2
307434516 306160387
613594903 385154
613980057 3840
613983897 3
307690116 307690131
615380247 15360
615395607 547
615396154 20
307990723 307990738
615981461 1531308
617512769 39936
617552705 465
615981461 1611990
617593451 4703
617598154 55
615981461 1780392
617761853 23553
617785406 848
617786254 11
307990738 310125906
618116644 1729463
619846107 7935
619854042 192
310230403 310230275
620460678 47104
620507782 465
620508247 6
620460678 501060
620961738 2136
620963874 1
311403542 310230403
621633945 568372
622202317 1200
622203517 27
621633945 604964
622238909 23553
622262462 547
622263009 15
621633945 786690
622420635 10624
622431259 16
311430678 311430910
622861588 2839366
625700954 79601
625780555 1472
625782027 23
311430910 314945263
626376173 2408792
628784965 16896
628801861 10
626376173 2965797
629341970 30386
629372356 20
626376173 4174590
630550763 93183
630643946 1040
630644986 1
630550763 238242
630789005 1523
630790528 7
315898231 314945263
630843494 181999
631025493 8
316827859 315904709
632732568 1013557
633746125 3840
633749965 158
316827859 318157796
634985655 95232
635080887 498
635081385 1
319246374 318168094
637414468 1329937
638744405 10240
638754645 194
321443400 321443360
642886760 253602
643140362 2656
643143018 59
321443400 321986826
643430226 71408
643501634 1200
643502834 46
322397170 322397689
644794859 106224
644901083 1118
644902201 4
323983766 324476413
648460179 360579
648820758 2177
648822935 5
324592943 324592941
649185884 1930845
651116729 148960
651265689 2793
651268482 27
328203832 324592943
652796775 128480
652925255 646
652925901 3
652796775 714730
653511505 33792
653545297 785
653546082 1
652796775 971913
653768688 5889
653774577 161
652796775 1224232
654021007 15360
654036367 481
654036848 13
652796775 3706298
656503073 21760
656524833 865
656525698 9
328576698 328203832
656780530 262818
657043348 2593
657045941 58
656780530 269986
657050516 10240
657060756 6
328683388 328683429
657366817 17409
657384226 60
657366817 2164987
659531804 134624
659666428 720
659667148 5
657366817 2732518
660099335 25856
660125191 7
657366817 2953128
660319945 2593
660322538 48
328683429 331910130
660593559 1082807
661676366 14592
661690958 391
661691349 9
660593559 3082275
663675834 64240
663740074 402
663740476 1
332095634 332095635
664191269 13824
664205093 169
664191269 202960
664394229 529
664394758 3
664191269 372866
664564135 5504
664569639 77
332095635 333668826
665764461 1266714
667031175 21440
667052615 89
333822891 333823107
667645998 1266714
668912712 12046
668924758 159
667645998 1437644
669083642 14592
669098234 89
667645998 3472154
671118152 58368
671176520 816
671177336 29
667645998 4174590
671820588 269986
672090574 6144
672096718 16
333823107 338341608
672164715 2164987
674329702 12046
674341748 156
672164715 4174590
676339305 372866
676712171 6912
676719083 58
676339305 456562
676795867 272
340207429 338945844
679153273 42496
679195769 156
679153273 1248774
680402047 15360
680417407 163
340742365 340230346
680972711 269986
681242697 5233
681247930 45
680972711 1103976
682076687 6912
682083599 173
341991139 341751163
683742302 71408
683813710 3811
683817521 19
341999971 341999844
683999815 646947
684646762 848
684647610 5
683999815 908470
684908285 14176
684922461 181
683999815 1437644
685437459 6432
685443891 9
341999971 343783449
685783420 423794
686207214 875
686208089 2
685783420 1696699
687480119 12046
687492165 76
344439799 344264646
688704445 174063
688878508 233
344604119 344439799
689043918 62968
689106886 47
344604218 344949805
689554023 714730
690268753 2944
690271697 96
345406367 344949805
690356172 224734
690580906 37
345512631 345512550
691025181 269986
691295167 3648
691298815 7
345512631 346004840
691517471 23553
691541024 355
691541379 1
691517471 85744
691603215 2080
691605295 8
346188616 346122962
692311578 62968
692374546 98
346192007 346188616
692380623 813568
693194191 45
692380623 1028726
693409349 4992
693414341 123
347560736 347560676
695121412 708432
695829844 5889
695835733 153
695121412 971913
696093325 481
696093806 11
695121412 1408972
696530384 12289
696542673 600
696543273 9
349318386 347560736
696879122 2164987
699044109 20863
699064972 23
699044109 71408
699115517 4512
699120029 12
350192406 350192412
700384818 165344
700550162 166
700550162 7651
700557813 73
700384818 238242
700623060 1779
700624839 12
700384818 269986
700654804 273
700655077 1
350192412 350840428
701032840 837062
701869902 2593
701872495 35
351276510 350840428
702116938 106224
702223162 1200
702224362 58
351278758 351278687
702557445 67313
702624758 576
702625334 15
351278758 353703189
704981947 436082
705418029 2177
705420206 29
704981947 2145824
707127771 1376
707129147 33
355329907 355832021
711161928 385154
711547082 53
356023724 356023717
712047441 56062
712103503 251
712103754 3
712047441 714730
712762171 49920
712812091 181
712047441 770306
712817747 2160
712819907 1
712047441 832966
712880407 1855
712882262 3
357025134 356023724
713048858 357568
713406426 668
713407094 1
357511622 357511650
715023272 350864
715374136 464
715023272 418046
715441318 816
715442134 3
358383476 357511650
715895126 76528
715971654 82
715895126 773846
716668972 547
716669519 5
715895126 1224232
717119358 1812
717121170 26
358766501 358766326
717532827 1126232
718659059 34816
718693875 209
358766501 360396537
719163038 512497
719675535 3840
719679375 12
719163038 1485036
720648074 11776
720659850 251
720660101 2
719163038 2164987
721328025 155104
721483129 1472
721484601 9
362035560 360396537
722432097 159200
722591297 4095
722595392 20
362036290 362156448
724192738 76528
724269266 808
724270074 3
363129055 362159470
725288525 123648
725412173 188
725288525 224734
725513259 544
725288525 444274
725732799 664
725733463 2
725288525 714730
726003255 5889
726009144 70
363971096 363159782
727130878 385154
727516032 4160
727520192 26
727130878 1013557
728144435 1107
728145542 7
727130878 1930845
729061723 197840
729259563 348
363971096 365693644
729664740 1028726
730693466 121
365696661 366703614
732400275 155104
732555379 816
732556195 20
732400275 798422
733198697 4224
733202921 13
732400275 878022
733278297 9216
733287513 11
367843282 366758429
734601711 198480
734800191 57
734601711 832966
735434677 60
734601711 1329937
735931648 48143
735979791 273
735980064 1
369226771 369758504
738985275 501060
739486335 501
739486836 11
738985275 1040760
740026035 1680
740027715 6
371540300 370339428
741879728 1655406
743535134 1812
743536946 29
371540300 371996862
743537162 48143
743585305 900
743586205 3
743537162 212014
743749176 2080
372233301 372232401
744465702 845254
745310956 2944
745313900 79
372233301 374636570
746869871 372866
747242737 1440
747244177 8
746869871 1619100
748488971 1472
748490443 41
374840242 374840243
749680485 175584
749856069 317
749856386 1
375081029 374840243
749921272 253602
750174874 2399
750177273 17
749921272 494916
750416188 1538
750417726 4
377140830 376426100
753566930 372866
753939796 2177
753941973 43
377145749 378104855
755250604 814806
756065410 4352
756069762 55
755250604 845254
756095858 18432
756114290 481
756114771 8
378490009 378104855
756594864 307602
756902466 5889
756908355 42
379683296 379391806
759075102 128480
759203582 1328
759204910 20
379688115 380720707
760408822 181999
760590821 1152
760591973 17
760408822 269986
760678808 676
380943635 380943700
761887335 218320
762105655 881
762106536 12
383054770 382686622
765741392 140768
765882160 463
383333040 384295747
767628787 652625
768281412 5233
768286645 12
384750233 384871349
769621582 436082
770057664 3216
770060880 19
385350905 384871349
770222254 291490
770513744 2880
770516624 24
386062864 386061757
772124621 798422
772923043 4304
772927347 22
387353163 387353068
774706231 714730
775420961 21760
775442721 912
775443633 1
774706231 1028726
775734957 2944
775737901 39
388915620 388915618
777831238 29694
777860932 349
777861281 5
390264373 389332555
779596928 479556
780076484 529
780077013 3
779596928 714730
780311658 24576
780336234 307
780336541 2
779596928 845254
780442182 18048
780460230 284
390281782 390281985
780563767 338322
780902089 6912
780909001 339
780909340 3
780563767 1629574
782193341 2496
782195837 4
780563767 2164987
782728754 27136
782755890 407
780563767 3082275
783646042 17920
783663962 119
783646042 97294
783743336 64
780563767 4076669
784640436 85744
784726180 1649
784727829 2
780563767 5548914
786112681 164320
786277001 157
780563767 6364845
786928612 260943
787189555 576
787190131 6
786928612 318160
787246772 3456
787250228 33
398141889 390281985
788423874 814806
789238680 11008
789249688 76
788423874 2839366
791263240 99056
791362296 4352
791366648 101
788423874 4174590
792598464 531512
793129976 9216
793139192 712
793139904 1
788423874 6364845
794788719 672480
795461199 781
795461980 3
398274604 398409235
796683839 714730
797398569 39936
797438505 251
797438756 2
398409235 399056182
797465417 594726
798060143 227
399242935 399242929
798485864 218092
798703956 18
798485864 253602
798739466 816
798740282 3
798485864 1594525
800080389 5760
800086149 119
798485864 2408792
800894656 48143
800942799 785
800943584 6
401740690 399242935
800983625 714730
801698355 43200
801741555 83
800983625 900626
801884251 69
800983625 2506564
803490189 99056
803589245 5313
803594558 175
402236795 401912985
804149780 25344
804175124 21
402468427 402236795
804705222 88816
804794038 2879
402469545 402469549
804939094 147408
805086502 641
805087143 3
804939094 1329937
806269031 2304
806271335 73
804939094 2732518
807671612 964
807672576 46
804939094 3238008
808177102 2090
808179192 1
402469549 405891512
808361061 845254
809206315 4095
809210410 17
808361061 1930845
810291906 37600
810329506 339
810329845 3
808361061 2506564
810867625 6912
810874537 290
810874827 1
808361061 3568136
811929197 11008
811940205 176
811929197 38400
811967597 326
811967923 2
407900744 407403780
815304524 198480
815503004 27
815304524 307602
815612126 5313
815617439 34
407900744 407901431
815802175 413826
816216001 1360
816217361 2
815802175 517444
816319619 5889
816325508 196
410507134 410507049
821014183 148960
821163143 1200
821164343 28
411387123 411387122
822774245 1040760
823815005 7651
823822656 11
411387123 412725002
824112125 604964
824717089 25856
824742945 248
824112125 1170759
825282884 5504
825288388 95
412746974 413338206
826085180 61040
826146220 191
826085180 283298
826368478 4992
826373470 68
413421076 414227211
827648287 9216
827657503 576
827658079 3
827648287 190160
827838447 712
827839159 6
827648287 643810
828292097 1417
828293514 11
827648287 1655406
829303693 8705
829312398 465
829312863 1
416158056 414227211
830385267 1755316
832140583 3392
832143975 16
416188497 416188442
832376939 11776
832388715 60
416392198 416188497
832580695 128480
832709175 1200
832710375 32
832580695 269986
832850681 173
416507039 416507040
833014079 714730
833728809 40960
833769769 753
417699365 416507040
834206405 55295
834261700 104
834206405 1191210
835397615 1584
835399199 29
419351969 419351946
838703915 307602
839011517 7823
839019340 10
419983780 419983834
839967614 307602
840275216 1128
840276344 2
839967614 418046
840385660 3072
840388732 36
839967614 1126232
841093846 39424
841133270 92
839967614 2164987
842132601 206032
842338633 3161
842341794 14
422417278 419983834
842401112 1584900
843986012 2304
843988316 57
842401112 2408792
844809904 43200
844853104 448
844853552 1
842401112 2732518
845133630 79601
845213231 3072
845216303 23
422909521 422909581
845819102 441212
846260314 1886
846262200 19
845819102 714730
846533832 19712
846553544 58
845819102 1468092
847287194 2880
847290074 40
424546614 422909581
847456195 206032
847662227 3072
847665299 86
847456195 1224232
848680427 6912
848687339 251
848687590 3
847456195 1780392
849236587 1855
849238442 8
847456195 2164987
849621182 76528
849697710 1925
849699635 20
847456195 2659868
850116063 53248
850169311 84
424546614 426141139
850687753 1468092
852155845 10624
852166469 18
426398856 426148713
852547569 15360
852562929 848
852563777 3
426398856 426604888
853003744 165344
853169088 928
853170016 27
426771149 427229747
854000896 531512
854532408 4128
854536536 20
854000896 604964
854605860 35329
854641189 198
427229747 427527110
854756857 57856
854814713 250
428116985 428107769
856224754 4992
856229746 38
428117113 428490414
856607527 714730
857322257 40960
857363217 928
857364145 15
431103349 431418858
862522207 269986
862792193 8448
862800641 251
862800892 1
862522207 594726
863116933 624
863117557 12
433201800 433201746
866403546 1224232
867627778 20480
867648258 137
433201800 434708623
867910423 908470
868818893 5313
868824206 49
867910423 1224232
869134655 16896
869151551 203
435200950 435200978
870401928 229840
870631768 1152
870632920 14
870401928 1040760
871442688 15090
871457778 42
870401928 1224232
871626160 576
871626736 15
871626160 15360
871641520 77
436531750 435200978
871732728 585010
872317738 84
871732728 604964
872337692 21440
872359132 273
872359405 1
436620566 436531750
873152316 19712
873172028 753
873172781 7
436624617 436624406
873249023 262818
873511841 2177
873514018 16
436624617 437674420
874299037 27136
874326173 408
874326581 3
437714356 437674420
875388776 4352
875393128 80
438663750 438663723
877327473 218320
877545793 3456
877549249 30
877327473 531512
877858985 15360
877874345 360
877874705 3
877327473 878022
878205495 1538
878207033 30
440616227 440616262
881232489 444274
881676763 10624
881687387 23
441498970 440616262
882115232 837062
882952294 3667
882955961 17
441498970 441526106
883025076 8224
883033300 1
442178921 441861968
884040889 218320
884259209 3811
884263020 5
442383905 442383767
884767672 93183
884860855 528
443096209 442383905
885480114 531512
886011626 4352
443138705 443096209
886234914 253602
886488516 1200
886489716 45
443138705 443720232
886858937 148960
887007897 2304
887010201 46
443918840 443720232
887639072 36864
887675936 26
444188524 444689584
888878108 153056
889031164 1152
889032316 21
888878108 444274
889322382 11776
889334158 185
444697137 444697107
889394244 44799
889439043 368
889439411 2
445752498 445562848
891315346 7651
891322997 121
891315346 71408
891386754 3840
891390594 116
445752916 445752906
891505822 133600
891639422 498
891639920 1
891505822 242338
891748160 1632
891749792 10
891505822 338322
891844144 1152
891845296 12
891505822 1313546
892819368 11776
892831144 61
447299968 445752916
893052884 37600
893090484 600
893091084 5
893052884 350864
893403748 964
893404712 2
447344000 447344197
894688197 468308
895156505 1804
447344197 447868340
895212537 360579
895573116 2111
895212537 456562
895669099 11321
895680420 28
447869032 447869035
895738067 672480
896410547 2593
896413140 2
895738067 1329937
897068004 692
897068004 21760
897089764 848
897090612 8
895738067 1655406
897393473 15360
897408833 815
449613004 447869035
897482039 1619100
899101139 1152
899102291 32
450075455 450075516
900150971 269986
900420957 8448
900429405 195
900150971 468308
900619279 3811
900623090 6
450075516 451194503
901270019 65264
901335283 368
901335651 3
901270019 1126232
902396251 27648
902423899 534
902424433 8
451692896 452166416
903859312 423794
904283106 3264
904286370 68
452924950 452183184
905108134 401538
905509672 4272
905513944 14
905108134 708432
905816566 4465
905821031 34
453020411 453020410
906040821 133600
906174421 534
453895665 453020411
906916076 690708
907606784 1520
907608304 2
454479198 454479190
908958388 551295
909509683 2143
909511826 5
908958388 1766568
910724956 7567
910732523 64
456997029 454479198
911476227 1103976
912580203 6912
912587115 248
456997029 457433111
914430140 307602
914737742 6912
914744654 337
914744991 1
457435576 457435575
914871151 456562
915327713 9216
915336929 237
914871151 1126232
915997383 9216
916006599 646
461277922 457435576
918713498 1639023
920352521 2464
920354985 10
918713498 1930845
920644343 99056
920743399 5889
920749288 50
918713498 2145824
920859322 18048
920877370 82
462310802 461791839
924102641 714730
924817371 53248
924870619 1376
924871995 5
462615865 462615816
925231681 65264
925296945 881
925297826 13
463784035 463784020
927568055 242338
927810393 5504
927815897 13
927568055 512497
928080552 4095
928084647 6
464705928 463784035
928489963 798422
929288385 8448
929296833 217
929297050 2
928489963 1655406
930145369 9984
930155353 91
464705928 465551182
930257110 76000
930333110 408
930333518 11
465601236 465555684
931156920 214480
931371400 185
931371585 2
931156920 468308
931625228 501
931625729 1
466195962 465601236
931797198 568372
932365570 3616
932369186 16
467529325 467820269
935349594 114400
935463994 600
935464594 11
467994332 467994542
935988874 134624
936123498 1998
936125496 11
935988874 1103976
937092850 13824
937106674 5
467994542 469746457
937740999 1408972
939149971 3216
939153187 44
937740999 1729463
939470462 13568
939484030 92
469746457 469978089
939724546 43200
939767746 63
471315997 470792210
942108207 330687
942438894 408
942439302 5
471600111 471600121
943200232 202960
943403192 641
943403833 4
943200232 908470
944108702 5696
944114398 20
471600121 473139124
944739245 845254
945584499 19168
945603667 391
945604058 7
944739245 971913
945711158 402
945711560 1
473184942 473184937
946369879 97790
946467669 576
946468245 22
946369879 140768
946510647 239
473184942 473415212
946600154 238242
946838396 2177
946840573 62
473472012 473472445
946944457 175584
947120041 446
947120487 1
474449651 473472445
947922096 472388
948394484 2656
948397140 56
474867153 474720661
949587814 476290
950064104 156
475971129 474867153
950838282 714730
951553012 9216
951562228 125
951553012 41983
951594995 141
477148092 476734266
953882358 242338
954124696 5760
954130456 68
953882358 297363
954179721 3510
477149889 477149871
954299760 193744
954493504 1152
954494656 43
477149889 478000980
955150869 23553
955174422 301
478043427 478042963
956086390 88816
956175206 964
956176170 11
956086390 334226
956420616 547
956421163 19
478965395 478043427
957008822 646947
957655769 425
957008822 1329937
958338759 23040
958361799 391
958362190 1
958338759 37600
958376359 179
479612342 478965395
958577737 44032
958621769 576
958622345 14
479612769 479612767
959225536 456562
959682098 2752
959684850 21
959225536 814806
960040342 15360
960055702 1118
960056820 4
481785767 480627046
962412813 307602
962720415 368
962720783 8
962412813 845254
963258067 9216
963267283 81
962412813 1780392
964193205 2880
964196085 59
481785767 482814493
964600260 20863
964621123 204
964621327 1
482817245 482817265
965634510 70399
965704909 278
965705187 1
486943761 486943836
973887597 31999
973919596 90
488189920 487849115
976039035 330687
976369722 1265
976370987 13
488442239 488212862
976655101 55295
976710396 307
976710703 2
488951889 488951886
977903775 385154
978288929 10816
978299745 6
489884676 489884433
979769109 176864
979945973 2752
979948725 26
979769109 678420
980447529 7567
980455096 46
490716983 490716987
981433970 556086
981990056 4465
981994521 13
981433970 798422
982232392 212
492853213 490716987
983570200 2164987
985735187 99056
985834243 3392
985837635 10
493071533 492853213
985924746 21760
985946506 964
985947470 37
493981029 493981041
987962070 8320
987970390 72
495510338 496338728
991849066 206032
992055098 2289
992057387 8
991849066 484676
992333742 3840
992337582 162
496488536 496488547
992977083 372866
993349949 9216
993359165 58
992977083 479556
993456639 964
993457603 39
496488547 497222625
993711172 50176
993761348 928
993762276 14
497391342 497391233
994782575 786690
995569265 5625
995574890 59
994782575 1823127
996605702 10240
996615942 344
996616286 1
497391342 499720999
997112341 1780392
998892733 12046
998904779 198
998904977 3
499722336 499722327
999444663 283298
999727961 4703
999732664 69
