2915
1 1
2 1
3 1
2 3
3 4
7 1
5 4
9 1
5 7
12 1
8 7
15 1
8 9
17 1
10 9
19 2
10 12
15 13
28 1
15 16
31 1
17 16
33 1
19 18
37 1
22 21
43 2
43 3
31 29
60 1
31 32
63 1
33 32
65 1
33 34
67 2
67 3
38 37
75 2
75 3
46 45
91 2
91 3
63 61
124 1
63 64
127 1
65 64
129 1
67 66
133 1
70 69
139 2
139 3
78 77
155 3
93 94
187 2
187 3
128 127
129 128
257 1
129 130
259 3
133 134
267 3
142 141
283 3
158 155
313 5
189 190
379 3
255 190
445 66
258 259
517 1
262 259
521 4
521 5
267 270
537 5
283 286
569 5
313 318
631 7
379 382
761 5
445 511
956 67
517 518
1035 3
526 525
1051 3
542 537
1079 7
574 569
1143 7
638 631
1269 9
766 761
1527 7
1023 956
1979 67
2046 1
1035 1038
2073 5
1051 1054
2105 5
1079 1086
2165 9
1143 1150
2293 9
1269 1278
2547 10
2557 1
1534 1527
3061 9
2046 2047
4093 2
2073 2078
4151 7
2105 2110
4215 7
2165 2174
4339 10
4349 1
2302 2293
4595 10
4605 1
2558 2557
5115 3
3070 3061
6131 10
6141 1
4093 4095
8188 3
4151 4158
8309 9
4215 4222
8437 9
4350 4349
8699 3
4605 4606
9211 3
5115 5118
10233 5
6142 6141
12283 3
8191 8188
16379 4
16379 5
8437 8446
16883 10
16893 1
8702 8699
17401 5
9214 9211
18425 5
10238 10233
20471 7
12286 12283
24569 5
16383 16384
32767 1
16883 16384
33267 10
33277 1
16893 16894
33787 3
17401 17406
34807 7
18425 18430
36855 7
20471 20478
40949 9
24569 24574
49143 7
32767 32768
65535 1
33790 33787
67577 5
34814 34807
69621 9
36862 36855
73717 9
40958 40949
81907 10
81917 1
49143 49150
98293 9
65535 65536
65536 67577
133113 3
67582 67577
135159 5
69630 69621
139251 9
73726 73717
147443 638
148081 29
148081 31
148081 32
147443 1534
148977 155
149132 1
147443 4606
152049 155
152204 1
81907 73726
155633 638
156271 29
156300 1
81918 81917
163835 638
164473 19
164492 1
81918 98293
180211 638
180849 28
98293 98302
196595 16894
213489 155
213644 1
131071 98302
229373 32768
262141 2
262141 3
262141 4
262141 5
262141 16
135159 135164
270323 10
270333 1
139260 139251
278511 15
139260 147443
286703 8191
294894 16
156301 163835
320136 6142
326278 1278
327556 94
327650 28
180877 196595
377472 12286
389758 3070
392828 382
393210 2
196595 213489
410084 158
410242 10
410252 1
262143 262144
524287 1
262145 262144
524289 1
262145 262146
524291 2
524291 3
524291 10
262157 262146
524303 6142
530445 1979
532424 46
532470 8
278526 278511
557037 17
294894 294910
589804 18
327678 327650
655328 16894
672222 158
672380 17
393210 393212
786422 8
524287 524288
1048575 1
524289 524288
524290 524291
532478 532470
1064948 10
1064948 16384
1081332 10
557054 557037
1114091 19
589822 589804
1179626 16894
1196520 158
1196678 7
589822 655328
1245150 65536
1310686 32
786422 786430
1572852 32768
1605620 8
1572852 98302
1671154 10238
1681392 445
1681837 31
1681837 32
1681837 33
1681837 34
1572852 139260
1712112 2302
1714414 190
1714604 31
1572852 164493
1737345 9214
1746559 766
1747325 78
1572852 229373
1802225 10238
1812463 445
1812908 29
1802225 24574
1826799 3070
1829869 94
1829963 15
1048575 786430
1835005 98302
1933307 10238
1943545 445
1943990 21
1048576 1048575
2097151 1
1048576 1048577
2097153 1
2097153 4
1048577 1048581
2097158 7
1081332 1081342
2162674 12
1114091 1114110
2228201 16894
2245095 158
2245253 8
1179626 1114110
2293736 65536
2359272 22
1310686 1310718
2621404 34
1572852 1310718
2883570 262146
3145716 10
1671154 1605628
3276782 69630
3346412 133
3346412 134
3346546 1
3346546 2
1681871 1712112
3393983 17406
3411389 638
3412027 46
3412073 7
1747325 1746559
3493884 766
3494650 5
1747403 1802225
3549628 49150
3598778 9214
3607992 638
3608630 46
3608676 12
2097151 2097152
2097152 2097153
4194305 1
2097154 2097153
4194307 2
2097158 2097157
4194315 2
2162674 2162686
4325360 16894
4342254 158
4342412 1
2228201 2162686
4390887 65536
4456423 22
4456445 1
2359294 2359272
4718566 22
4718588 2
2621404 2621438
5242842 34
5242876 2
3145716 3145726
6291442 12
4194303 3608688
7802991 557054
8360045 24574
8384619 3070
8387689 766
8388455 142
8388597 10
4325360 4194317
8519677 4606
8524283 286
8524569 19
8524588 1
6291454 6291442
12582896 589822
13172718 49150
13221868 4606
13226474 286
13226760 22
13226782 4
7802991 8360045
16163036 81918
16244954 9214
16254168 313
16254481 3
8388597 8388607
16777204 10
16777214 1
12582896 8524589
21107485 278526
21386011 1278
21387289 94
21387383 17
21107485 327556
21435041 78
21435119 3
21107485 672397
21779882 73726
21853608 3070
21856678 766
21857444 67
21857511 1
21107485 2621438
23728923 98302
23827225 4606
23831831 190
23832021 46
23832067 4
21107485 3608688
24716173 152205
24868378 2558
24870936 445
24871381 15
13226782 13226786
26453568 786430
27239998 9214
27249212 956
27250168 34
26453568 1835005
28288573 81918
28370491 5118
28375609 93
13226786 16163036
29389822 410253
29800075 69630
29869705 158
29869863 3
29389822 1310718
30700540 196595
30897135 12286
30909421 2302
30911723 187
30911910 1
16777214 16777215
33554429 2
33554429 2621438
36175867 98302
36274169 12286
36286455 638
36287093 13
36287106 1
21107485 16777215
37884700 1714635
39599335 10238
39609573 1278
39610851 94
39610945 17
21857511 21857512
43715023 81918
43796941 12286
43809227 286
43809513 19
43715023 786430
44501453 133116
44634569 318
44634887 46
44634933 7
23832067 23832071
47664138 410253
48074391 98302
48172693 2558
48175251 155
48175406 2
47664138 532478
48196616 526
48197142 5
48197147 1
47664138 786430
48450568 49150
48499718 6142
48505860 1278
48507138 94
48507232 8
30911911 30911910
61823821 2359294
64183115 33790
64216905 766
64217671 75
64217746 1
30911911 33554429
64466340 49150
64515490 1534
64517024 8
64466340 377472
64843812 4606
64848418 46
64848464 7
33554431 33554429
67108860 3
33554431 36175867
69730298 2228201
71958499 4350
71962849 190
71963039 37
36287106 36287107
72574213 1245150
73819363 49150
73868513 34
72574213 1310718
73884931 164493
74049424 2174
74051598 38
74051636 3
36287107 37884700
74171807 1944011
76115818 24574
76140392 5118
76145510 190
76145700 5
76145705 1
76115818 98302
76214120 20478
76234598 3070
76237668 445
76238113 61
76238174 1
39610945 39610962
79221907 98302
79320209 24574
79344783 2302
79347085 190
79347275 31
79221907 2359294
81581201 98302
81679503 12286
81691789 2558
81694347 445
81694792 16
43715023 39610962
83325985 2621438
85947423 213645
86161068 6142
86167210 766
86167976 31
44634933 44634940
89269873 229373
89499246 10238
89509484 542
89510026 19
89510045 1
89269873 262157
89532030 2558
89534588 255
89269873 786430
90056303 12286
90068589 3070
90071659 318
90071977 19
90056303 135164
90191467 1534
90193001 382
90193383 46
89269873 2293736
91563609 49150
91612759 10238
91622997 1278
91624275 190
91624465 12
48507232 48507240
97014472 557054
97571526 20478
97592004 2558
97594562 318
97594880 43
97014472 589822
97604294 49150
97653444 12286
97665730 2110
97667840 19
97667859 1
97014472 1310718
98325190 69630
98394820 2302
98397122 190
98397312 13
98397325 1
97014472 6291454
103305926 410253
103716179 69630
103785809 2174
103787983 60
103305926 1081342
104387268 24574
104411842 766
104412608 10
97014472 7802991
104817463 81918
104899381 9214
104908595 956
104909551 5
104909556 1
97014472 8524589
105539061 1747403
107286464 8702
107295166 445
107295611 46
107295657 9
48507240 61823821
110331061 1712112
112043173 638
112043811 46
112043857 10
112043867 1
110331061 2293736
112624797 49150
112673947 10238
112684185 158
112684343 1
110331061 8524589
118855650 1196685
120052335 12286
120064621 638
120065259 78
120065337 7
118855650 1812937
120668587 4158
120672745 32
118855650 2293736
121149386 40958
121190344 1278
121191622 190
121191812 46
121191858 7
118855650 2621438
121477088 81918
121559006 2558
121561564 445
121562009 46
121562055 10
121562065 1
110331061 12582896
122913957 410253
123324210 98302
123422512 12286
123434798 2302
123437100 19
64517024 64517032
129034056 294910
129328966 18430
129347396 1534
129348930 270
129349200 9
67108860 64848471
131957331 1196685
133154016 24574
133178590 6142
133184732 445
133185177 28
131957331 2097165
134054496 12286
134066782 1278
134068060 190
134068250 34
134068284 1
134054496 40958
134095454 5118
134100572 956
134101528 37
67108860 67108863
134217723 4
134217723 1671154
135888877 2078
135890955 15
134217723 2359294
136577017 229373
136806390 4606
136810996 190
136811186 46
136811232 12
67108863 69730298
136839161 2174
136841335 63
136839161 2359294
139198455 180877
139379332 6142
139385474 638
139386112 7
136839161 4456446
141295607 180877
141476484 12286
141488770 2302
141491072 28
69730298 71958499
141688797 410253
142099050 65536
142164586 158
142164744 15
72574213 71963076
144537289 320136
144857425 956
144858381 46
144858427 5
144858432 1
144537289 327678
144864967 40958
144905925 6142
144912067 1534
144913601 46
144913647 8
72574213 73819363
146393576 410253
146803829 65536
146869365 1534
146870899 190
146871089 46
146871135 10
146871145 1
74051639 74171807
148223446 557054
148780500 10238
148790738 1086
148791824 34
148791858 2
76115818 74171807
150287625 98302
150385927 10238
150396165 1534
150397699 9
76238175 76238174
152476349 2359294
154835643 196595
155032238 9214
155041452 313
155041765 2
152476349 2621438
155097787 98302
155196089 6142
155202231 445
155202676 63
79221907 76238175
155460082 98302
155558384 3070
155561454 638
155562092 94
155562186 8
155558384 12286
155570670 1534
155572204 190
155572394 46
155572440 2
79347306 79347275
158694581 532478
159227059 2302
159229361 158
159229519 13
159229532 1
79347306 81581201
160928507 786430
161714937 98302
161813239 8318
161821557 22
83325985 81694808
165020793 1245150
166265943 6142
166272085 1278
166273363 94
166273457 18
165020793 3608688
168629481 9214
168638695 128
85947423 83325985
169273408 1310718
170584126 81918
170666044 10238
170676282 270
170676552 3
86168007 86167976
172335983 786430
173122413 69630
173192043 1534
173193577 382
173193959 29
173193988 1
172335983 2359294
174695277 81918
174777195 5118
174782313 638
174782951 94
174783045 21
174695277 139260
174834537 6142
174840679 190
174840869 22
174840891 5
172335983 2621438
174957421 196595
175154016 12286
175166302 1278
175167580 64
172335983 2883570
175219553 133116
175352669 318
175352987 38
175353025 3
86168007 89269873
175437880 1572852
177010732 12286
177023018 382
177023400 3
89269873 89499246
178769119 164493
178933612 4350
178937962 190
178938152 12
90193429 90193383
180386812 229373
180616185 12286
180628471 956
180629427 4
91563609 90193429
181757038 410253
182167291 40958
182208249 956
182209205 1
91624477 91624465
183248942 327678
183576620 24574
183601194 5118
183606312 574
183606886 46
183606932 2
183248942 1245150
184494092 36862
184530954 1534
184532488 158
184532646 22
184532668 1
183248942 3412080
186661022 6142
186667164 1534
186668698 382
186669080 33
183248942 3608688
186857630 270334
187127964 5118
187133082 638
187133720 61
187133781 1
183248942 4718590
187967532 327678
188295210 12286
188307496 94
188307590 13
188307603 1
91624477 97014472
188638949 1310718
189949667 139260
190088927 6142
190095069 382
190095451 10
188638949 5242878
193881827 81918
193963745 542
193964287 10
193881827 672397
194554224 6142
194560366 766
194561132 93
98397326 98397325
196794651 2621438
199416089 81918
199498007 2165
199500172 8
196794651 4325360
201120011 12286
201132297 569
201132866 3
103305926 98397326
201703252 410253
202113505 34814
202148319 318
202148637 5
201703252 1605628
203308880 40958
203349838 2110
203351948 19
201703252 1835005
203538257 40958
203579215 94
203579309 17
201703252 4390887
206094139 20478
206114617 2110
206116727 15
201703252 4456446
206159698 196595
206356293 9214
206365507 445
206365952 46
206365998 9
104817463 104412618
209230081 49150
209279231 4606
209283837 78
209230081 196595
209426676 10238
209436914 766
209437680 8
105539061 104909557
210448618 213645
210662263 12286
210674549 3070
210677619 190
210677809 46
210677855 8
107286464 105539061
212825525 1048581
213874106 10238
213884344 46
213884390 8
212825525 1310718
214136243 229373
214365616 9214
214374830 318
214375148 19
107295666 107295657
214591323 1310718
215902041 8446
215910487 190
215910677 22
215910699 5
214591323 1944011
216535334 69630
216604964 3070
216608034 382
216608416 15
110331061 112043173
222374234 786430
223160664 229373
223390037 20478
223410515 3070
223413585 190
223413775 4
112684343 112684344
225368687 3494655
228863342 40958
228904300 6142
228910442 190
228910632 29
225368687 5242878
230611565 135164
230746729 766
230747495 29
118855650 112684344
231539994 589822
232129816 24574
232154390 4350
232158740 43
232158783 1
231539994 672397
232212391 6142
232218533 1278
232219811 10
231539994 2883570
234423564 196595
234620159 10238
234630397 1534
234631931 142
234632073 4
231539994 6291454
237831448 164493
237995941 3070
237999011 638
237999649 94
237999743 10
237999753 1
237831448 786430
238617878 16894
238634772 13
120668587 120065344
240733931 98302
240832233 24574
240856807 158
240856965 22
240856987 3
240733931 294910
241028841 17406
241046247 542
241046789 13
122913957 121562066
244476023 672397
245148420 98302
245246722 12286
245259008 2110
245261118 32
123437100 123437119
246874219 4718590
251592809 164493
251757302 12286
251769588 2110
251771698 46
251771744 5
251771749 1
129034056 123437119
252471175 3276782
255747957 24574
255772531 6142
255778673 766
255779439 78
255779517 5
252471175 3608688
256079863 532478
256612341 12286
256624627 318
256624945 22
256624967 2
129349209 129349200
258698409 98302
258796711 18430
258815141 526
258815667 9
131957331 129349209
261306540 1310718
262617258 139260
262756518 1150
262757668 38
262757706 4
261306540 1835005
263141545 49150
263190695 12286
263202981 22
261306540 2621438
263927978 156301
264084279 2174
264086453 22
264086475 3
261306540 3346548
264653088 4606
264657694 445
264658139 22
264658161 2
131957331 133154016
265111347 589822
265701169 3070
265704239 142
265704381 12
265111347 672397
265783744 81918
265865662 3070
265868732 190
265868922 8
134217723 134217727
268435450 5
268435450 672397
269107847 12286
269120133 1269
269121402 7
135888877 134217727
270106604 1310718
271417322 81918
271499240 12286
271511526 2558
271514084 445
271514529 46
271514575 7
135890970 135890955
271781925 33790
271815715 158
271815873 5
271815878 1
136577017 135890970
272467987 196595
272664582 12286
272676868 1534
272678402 286
272678688 9
136841398 139198455
276039853 1835005
277874858 69630
277944488 1278
277945766 158
277945924 22
277945946 5
139386119 141295607
280681726 410253
281091979 98302
281190281 2078
281192359 8
280681726 786430
281468156 20478
281488634 3070
281491704 542
281492246 9
141688797 141491100
283179897 196595
283376492 2302
283378794 70
283378864 3
142099050 141688797
283787847 327678
284115525 16384
284131909 445
284132354 33
142164759 144537289
286702048 1747403
288449451 20478
288469929 3070
288472999 638
288473637 94
288473731 22
288473753 4
144913655 144913647
289827302 786430
290613732 98302
290712034 12286
290724320 3070
290727390 190
290727580 43
146393576 144913655
291307231 320136
291627367 3070
291630437 32
291307231 672397
291979628 81918
292061546 5118
292066664 638
292067302 61
292067363 1
148223446 148780500
297003946 327678
297331624 40958
297372582 6142
297378724 766
297379490 94
297379584 22
297379606 4
148791858 148791860
297583718 672397
298256115 40958
298297073 2558
298299631 382
298300013 46
150287625 148791860
299079485 1310718
300390203 229373
300619576 10238
300629814 1278
300631092 94
300631186 3
150397699 150397708
300795407 672397
301467804 12286
301480090 3070
301483160 638
301483798 94
301483892 19
154835643 152476349
307311992 1310718
308622710 67582
308690292 766
308691058 34
308691092 1
155041767 155097787
310139554 98302
310237856 24574
310262430 4095
310266525 5
310266530 1
155572442 155572440
311144882 1310718
312455600 98302
312553902 6142
312560044 1278
312561322 155
312561477 1
158694581 155572442
314267023 34814
314301837 1150
314302987 78
314303065 7
159229533 160928507
320158040 786430
320944470 40958
320985428 4158
320989586 37
320158040 1310718
321468758 164493
321633251 318
321633569 31
161821579 165020793
326842372 393212
327235584 12286
327247870 2302
327250172 38
327250210 3
326842372 786430
327628802 98302
327727104 6142
327733246 1150
327734396 70
327734466 4
326842372 3494655
330337027 24574
330361601 4606
330366207 67
168638695 168638823
337277518 410253
337687771 81918
337769689 4350
337774039 158
337774197 5
169273408 168638823
337912231 1081342
338993573 24574
339018147 2558
339020705 158
339020863 22
339020885 3
337912231 1605628
339517859 20478
339538337 3070
339541407 286
339541693 22
339541715 3
173193988 173193989
346387977 164493
346552470 9214
346561684 761
346562445 4
175437880 177010732
352448612 1245150
353693762 40958
353734720 6142
353740862 318
353741180 19
353741199 1
177023400 177023403
354046803 672397
354719200 12286
354731486 3070
354734556 537
354735093 4
354046803 1310718
355357521 180877
355538398 2558
355540956 190
355541146 10
177023403 178769119
355792522 589822
356382344 36862
356419206 3070
356422276 445
356422721 34
356422755 2
178938164 178938152
357876316 410253
358286569 49150
358335719 12286
358348005 3070
358351075 766
358351841 158
358351999 9
181757038 180629431
362386469 1179626
363566095 2174
363568269 63
182209206 182209205
364418411 49150
364467561 9214
364476775 766
364477541 43
364477584 1
186661022 184532669
371193691 270334
371464025 1278
371465303 190
371465493 37
371193691 1712112
372905803 1278
372907081 94
372907175 10
186857630 187127964
373985594 98302
374083896 6142
374090038 445
374090483 34
374090517 1
188638949 188307604
376946553 213645
377160198 9214
377169412 142
377169554 5
377169559 1
376946553 1081342
378027895 3070
378030965 190
378031155 22
378031177 1
376946553 1179626
378126179 5118
378131297 766
378132063 134
378132197 3
376946553 1245150
378191703 49150
378240853 6142
378246995 187
378247182 1
190095461 190095451
380190912 1812937
382003849 3070
382006919 766
382007685 10
380190912 3393983
383584895 12286
383597181 286
383597467 16
193881827 190095461
383977288 3346548
387323836 36862
387360698 638
387361336 3
383977288 3608688
387585976 40958
387626934 2558
387629492 382
387629874 38
387629912 3
194561225 196794651
391355876 1196685
392552561 40958
392593519 2302
392595821 78
392595899 7
391355876 2621438
393977314 229373
394206687 5118
394211805 574
394212379 7
391355876 3494655
394850531 12286
394862817 1979
394864796 22
394864818 2
201120011 199500180
400620191 589822
401210013 40958
401250971 5118
401256089 445
401256534 37
400620191 1310718
401930909 73726
402004635 6142
402010777 1534
402012311 190
402012501 38
202148642 202148637
404297279 81918
404379197 10238
404389435 638
404390073 94
404390167 4
203351967 203538257
406890224 152205
407042429 3070
407045499 190
407045689 3
203579309 203579326
407158635 286703
407445338 6142
407451480 1086
407452566 5
407452571 1
407158635 410253
407568888 36862
407605750 956
407606706 38
407606744 4
206366007 206365998
412732005 589822
413321827 18430
413340257 574
413340831 34
412732005 2359294
415091299 213645
415304944 2558
415307502 286
415307788 22
206366007 209230081
415596088 410253
416006341 33278
416039619 78
416039697 7
415596088 1179626
416775714 259
415596088 2293736
417889824 155
417889979 1
209283915 209426676
418710591 98302
418808893 12286
418821179 1278
418822457 78
418822535 10
418822545 1
210448618 209437688
419886306 786430
420672736 73726
420746462 5118
420751580 318
420751898 5
210677863 210677855
421355718 1310718
422666436 40958
422707394 3070
422710464 766
422711230 15
213874106 212825525
426699631 589822
427289453 24574
427314027 4606
427318633 382
427319015 60
214136243 213884398
428020641 149133
428169774 2174
428171948 38
428171986 4
214591323 214375167
428966490 131071
429097561 1150
429098711 46
429098757 4
215910704 215910699
431821403 532478
432353881 16384
432370265 382
432370647 46
432370693 7
215910704 216535334
432446038 180877
432626915 6142
432633057 638
432633695 8
216608431 216608416
433216847 786430
434003277 135164
434138441 3070
434141511 318
434141829 22
434141851 3
433216847 4718590
437935437 229373
438164810 12286
438177096 3070
438180166 766
438180932 142
438181074 12
216608431 222374234
438982665 4456446
443439111 98302
443537413 12286
443549699 1278
443550977 34
443551011 1
223413779 223413775
446827554 213645
447041199 8446
447049645 94
447049739 19
446827554 1605628
448433182 1534
448434716 124
223413779 225368687
448782466 1051
448782466 786430
449568896 149133
449718029 190
449718219 31
448782466 3412080
452194546 8318
452202864 18
448782466 3608688
452391154 270334
452661488 6142
452667630 1054
452668684 17
228910661 228910632
457821293 532478
458353771 17406
458371177 638
458371815 46
458371861 10
458371871 1
230611565 228910661
459522226 196595
459718821 3070
459721891 766
459722657 158
459722815 28
230747495 230747524
461495019 393212
461888231 12286
461900517 2558
461903075 142
461903217 5
232219811 232219821
464439632 1310718
465750350 73726
465824076 6142
465830218 46
465830264 13
464439632 2097165
466536797 49150
466585947 4151
466590098 1
234423564 232219821
466643385 327678
466971063 17406
466988469 766
466989235 4
234632077 234632073
469264150 1310718
470574868 12286
470587154 2302
470589456 94
470589550 13
470589563 1
237831448 234632077
472463525 327678
472791203 2302
472793505 78
472793583 3
472463525 2359294
474822819 229373
475052192 8702
475060894 158
475061052 4
237831448 237995941
475827389 152205
475979594 1534
475981128 158
475981286 22
237995941 237999011
475994952 2558
475997510 142
475997652 10
238634785 238634772
477269557 786430
478055987 164493
478220480 12286
478232766 2302
478235068 94
478235162 8
478055987 196595
478252582 1534
478254116 190
478254306 15
240733931 238634785
479368716 1310718
480679434 196595
480876029 1979
480878008 38
480878046 4
240733931 240832233
481566164 65536
481631700 158
481631858 12
241046789 241046802
482093591 1114110
483207701 16384
483224085 70
483224155 3
482093591 1714635
483808226 382
483808608 38
483808646 4
482093591 3276782
485370373 20478
485390851 542
245261118 245261150
490522268 1245150
491767418 6142
491773560 1150
491774710 46
491774756 9
246874219 245261150
492135369 786430
492921799 135164
493056963 267
493057230 1
492135369 1310718
493446087 164493
493610580 3070
493613650 574
493614224 43
493614267 1
492135369 4456446
496591815 40958
496632773 6142
496638915 1534
496640449 46
496640495 12
496591815 98302
496690117 24574
496714691 158
496714849 1
492135369 4718590
496853959 377472
497231431 3070
497234501 38
492135369 5242878
497378247 229373
497607620 20478
497628098 3070
497631168 638
497631806 94
497631900 21
246874219 251592809
498467028 1605628
500072656 9214
500081870 766
500082636 128
498467028 3608688
502075716 180877
502256593 5118
502261711 158
502261869 13
498467028 4456446
502923474 12286
502935760 2078
502937838 22
502937860 1
251771750 252471175
504242925 327678
504570603 24574
504595177 4350
504599527 190
504599717 43
504599760 1
504242925 2359294
506602219 164493
506766712 6142
506772854 1534
506774388 130
506774518 2
504242925 3145726
507388651 98302
507486953 6142
507493095 638
507493733 43
256079863 255779522
511859385 672397
512531782 40958
512572740 318
512573058 46
512573104 1
256624967 256624969
513249936 196595
513446531 10238
513456769 638
513457407 38
513457445 3
258815676 258815667
517631343 786430
518417773 12286
518430059 3070
518433129 956
518434085 5
258815676 261306540
520122216 2621438
522743654 12286
522755940 1051
522756991 1
261306540 262617258
523923798 786430
524710228 213645
524923873 1150
524925023 33
263203003 263927978
527130981 672397
527803378 24574
527827952 5118
527833070 638
527833708 78
527833786 10
265868922 265868930
531737852 672397
532410249 24574
532434823 5118
532439941 542
532440483 8
531737852 786430
532524282 65536
532589818 574
532590392 2
268435450 265868930
534304380 327678
534632058 33790
534665848 766
534666614 46
534666660 2
534304380 1835005
536139385 18430
536157815 142
536157957 4
268435450 268435455
536870905 180877
537051782 8702
537060484 2
270106604 269121409
539228013 557054
539785067 5118
539790185 766
539790951 22
539790973 4
539228013 1196685
540424698 12286
540436984 1278
540438262 78
540438340 1
539228013 1310718
540538731 98302
540637033 6142
540643175 190
540643365 22
540643387 3
271417322 270106604
541523926 557054
542080980 24574
542105554 4606
542110160 445
542110605 46
542110651 3
541523926 1310718
542834644 40958
542875602 6142
542881744 766
542882510 46
542882556 9
271815879 272467987
544283866 98302
544382168 10238
544392406 956
544393362 9
544283866 320136
544604002 4350
544608352 158
544608510 8
272678688 272678697
545357385 1944011
547301396 49150
547350546 6142
547356688 60
545357385 2883570
548240955 73726
548314681 6142
548320823 318
548321141 12
276039853 272678697
548718550 1048581
549767131 10238
549777369 766
549778135 78
549778213 2
548718550 4194317
552912867 98302
553011169 9214
553020383 638
553021021 18
277874858 276039853
553914711 786430
554701141 6142
554707283 91
553914711 1605628
555520339 17406
555537745 318
555538063 38
277945946 277945951
555891897 98302
555990199 12286
556002485 766
556003251 139
556003390 1
555891897 589822
556481719 10238
556491957 1534
556493491 75
556493566 1
277945951 280681726
558627677 410253
559037930 12286
559050216 158
559050374 5
559050379 1
281492255 283179897
564672152 229373
564901525 1534
564903059 259
564903318 1
284132354 284132387
568264741 410253
568674994 6142
568681136 766
568681902 142
568682044 9
568264741 1245150
569509891 49150
569559041 10238
569569279 638
569569917 75
288449451 286702048
575151499 1605628
576757127 12286
576769413 1278
576770691 134
576770825 2
290727580 290727623
581455203 69630
581524833 1534
581526367 190
581526557 37
290727623 291307231
582034854 589822
582624676 190
582624866 38
582624904 4
291979628 291630469
583610097 98302
583708399 9214
583717613 382
583717995 7
292067364 292067363
584134727 81918
584216645 8446
584225091 158
584225249 5
584225254 1
584134727 1310718
585445445 229373
585674818 10238
585685056 766
585685822 46
585685868 12
292067364 297003946
589071310 12286
589083596 3070
589086666 638
589087304 94
589087398 19
589087417 1
589071310 98302
589169612 12286
589181898 3070
589184968 766
589185734 70
589185804 3
298300013 298300059
596600072 393212
596993284 6142
596999426 766
597000192 78
597000270 8
299079485 298300059
597379544 81918
597461462 10238
597471700 262
597471962 1
597379544 1933307
599312851 2547
599315398 1
299079485 300390203
599469688 1310718
600780406 49150
600829556 8446
600838002 5
600780406 73726
600854132 3070
600857202 766
600857968 158
600858126 5
300631189 300631186
601262375 69630
601332005 142
601332147 9
301483892 301483911
602967803 786430
603754233 229373
603983606 3070
603986676 382
603987058 46
603987104 5
602967803 2621438
605589241 81918
605671159 6142
605677301 766
605678067 93
602967803 4390887
607358690 6142
607364832 1534
607366366 382
607366748 46
607366794 7
307311992 301483911
608795903 2359294
611155197 180877
611336074 10238
611346312 1534
611347846 190
611348036 5
608795903 6291454
615087357 410253
615497610 20478
615518088 1534
615519622 142
615519764 10
308691093 310139554
618830647 1114110
619944757 40958
619985715 3070
619988785 542
619989327 18
310266531 310266530
620533061 410253
620943314 12286
620955600 1534
620957134 32
620533061 786430
621319491 12286
621331777 2078
621333855 12
311144882 310266531
621411413 589822
622001235 49150
622050385 1534
622051919 286
622052205 5
622052210 1
312455600 311144882
623600482 410253
624010735 49150
624059885 12286
624072171 46
624072217 10
314303072 314303065
628606137 2883570
631489707 81918
631571625 10238
631581863 10
628606137 5242878
633849015 294910
634143925 18430
634162355 1979
634164334 43
634164377 1
320158040 314303072
634461112 36862
634497974 542
634498516 22
634461112 377472
634838584 5118
634843702 766
634844468 158
634844626 22
634844648 5
634461112 3276782
637737894 33790
637771684 445
637772129 5
634461112 3494655
637955767 34814
637990581 1979
637992560 28
634461112 3608688
638069800 410253
638480053 24574
638504627 2302
638506929 155
638507084 2
320158040 320944470
641102510 40958
641143468 1086
641144554 22
641144576 2
641102510 196595
641299105 16384
641315489 318
641315807 45
641102510 655328
641757838 9214
641767052 255
641767307 1
641102510 672397
641774907 67582
641842489 1534
641844023 130
320989586 320989623
641979209 135164
642114373 2174
642116547 94
642116641 13
641979209 327678
642306887 24574
642331461 4158
642335619 8
321633600 321633569
643267169 786430
644053599 229373
644282972 12286
644295258 766
644296024 158
644296182 3
643267169 2883570
646150739 98302
646249041 24574
646273615 2174
646275789 2
643267169 3608688
646875857 196595
647072452 12286
647084738 542
647085280 12
643267169 4718590
647985759 164493
648150252 10238
648160490 1278
648161768 46
648161814 9
647985759 196595
648182354 4222
648186576 94
648186670 7
647985759 229373
648215132 24574
648239706 5118
648244824 270
648245094 5
648245099 1
647985759 393212
648378971 3070
648382041 511
648382552 5
326842372 321633600
648475972 2359294
650835266 98302
650933568 8702
650942270 158
650942428 22
650942450 2
650835266 213645
651048911 2302
651051213 158
651051371 10
648475972 5242878
653718850 294910
654013760 12286
654026046 2078
654028124 5
327734466 327734470
655468936 1081342
656550278 17406
656567684 190
656567874 43
655468936 1933307
657402243 8702
657410945 78
657411023 5
655468936 2097165
657566101 8702
657574803 286
657575089 10
657566101 20478
657586579 1278
657587857 5
657587862 1
327734470 330337027
658071497 786430
658857927 196595
659054522 8702
659063224 129
330366207 330366274
660732481 2097165
662829646 24574
662854220 3070
662857290 638
662857928 94
662858022 22
662858044 3
660732481 2883570
663616051 180877
663796928 2302
660732481 5242878
665975359 229373
666204732 12286
666217018 2558
666219576 318
666219894 45
330366274 337277518
667643792 3346548
670990340 12286
671002626 1278
671003904 134
671004038 1
338993573 337912231
676905804 672397
677578201 49150
677627351 6142
677633493 1527
677635020 2
676905804 1064958
677970762 445
677971207 13
677971220 1
346387977 339541718
685929695 49150
685978845 2558
685981403 94
685981497 1
685929695 786430
686716125 49150
686765275 4095
686769370 46
686769416 4
686716125 152205
686868330 2558
686870888 124
685929695 4718590
690648285 294910
690943195 12286
690955481 2174
690957655 94
690957749 7
346562445 346562449
693124894 24574
693149468 6142
693155610 190
693155800 29
693124894 786430
693911324 2558
693913882 46
693913928 2
693124894 2359294
695484188 164493
695648681 10238
695658919 19
695658938 1
693124894 5242878
698367772 410253
698778025 36862
698814887 158
698815045 10
698815055 1
352448612 346562449
699011061 2621438
701632499 98302
701730801 766
701731567 142
701731709 1
355792522 355541156
711333678 139260
711472938 3070
711476008 574
711476582 46
711476628 9
356422757 356422755
712845512 327678
713173190 40958
713214148 2558
713216706 46
713216752 5
358352008 358351999
716704007 786430
717490437 229373
717719810 1278
717721088 31
716704007 3145726
719849733 24574
719874307 2078
719876385 4
362386469 358352008
720738477 4194317
724932794 49150
724981944 12286
724994230 2174
724996404 78
724996482 4
720738477 4456446
725194923 24574
725219497 94
725219591 18
725194923 164493
725359416 8446
725367862 38
364418411 363568332
727986743 327678
728314421 6142
728320563 1534
728322097 382
728322479 34
728322513 1
364477585 364477584
728955169 2162686
731117855 36862
731154717 3070
731157787 190
731157977 22
731157999 3
728955169 2621438
731576607 36862
731613469 638
731614107 5
731614112 1
728955169 3608688
732563857 1278
732565135 190
728955169 4390887
733346056 49150
733395206 6142
733401348 1534
733402882 382
733403264 18
371193691 364477585
735671276 5242878
740914154 294910
741209064 16384
741225448 141
740914154 410253
741324407 24574
741348981 5118
741354099 766
741354865 21
735671276 6291454
741962730 98302
742061032 24574
742085606 1150
742086756 94
742086850 13
742086863 1
373985594 372907185
746892779 81918
746974697 4222
746978919 63
376946553 374090518
751037071 2621438
753658509 164493
753823002 3070
753826072 318
753826390 28
751037071 2883570
753920641 49150
753969791 8191
753977982 94
753978076 16
377169560 378027895
755197455 532478
755729933 16894
755746827 94
755746921 29
378247183 378247182
756494365 557054
757051419 17406
757068825 10
756494365 589822
757084187 2174
757086361 66
380190912 378247183
758438095 2883570
761321665 164493
761486158 12286
761498444 1534
761499978 94
761500072 15
382003849 380190912
762194761 786430
762981191 229373
763210564 20478
763231042 1534
763232576 142
763232718 12
382007695 382007685
764015380 1081342
765096722 4606
765101328 94
765101422 10
765101432 1
382007695 383584895
765592590 164493
765757083 766
765757849 13
383597483 383977288
767574771 1081342
768656113 20478
768676591 318
768676909 28
767574771 2097165
769671936 49150
769721086 10238
769731324 142
769731466 10
769731476 1
383977288 387323836
771301124 1310718
772611842 98302
772710144 9214
772719358 46
772719404 8
387629915 387629912
775259827 672397
775932224 49150
775981374 5118
775986492 158
775986650 19
775259827 1048581
776308408 12286
776320694 2558
776323252 382
776323634 32
391355876 387629915
778985791 410253
779396044 69630
779465674 78
779465752 1
778985791 2359294
781345085 229373
781574458 12286
781586744 1150
781587894 94
781587988 22
781588010 1
778985791 3412080
782397871 49150
782447021 78
778985791 3494655
782480446 1278
782481724 190
782481914 37
392595906 392595899
785191805 98302
785290107 24574
785314681 6142
785320823 1534
785322357 318
785322675 38
394212386 394212379
788424765 69630
788494395 2302
788496697 94
788496791 22
788496813 3
788424765 81918
788506683 9214
788515897 574
788516471 46
788516517 7
394864820 394864818
789729638 327678
790057316 20478
790077794 574
790078368 46
790078414 9
789729638 786430
790516068 229373
790745441 24574
790770015 2302
790772317 158
790772475 5
789729638 2621438
792351076 229373
792580449 24574
792605023 1979
792607002 61
792607063 1
789729638 3608688
793338326 294910
793633236 16384
793649620 134
394864820 400620191
795485011 3608688
799093699 377472
799471171 2302
799473473 17
795485011 5242878
800727889 672397
801400286 81918
801482204 12286
801494490 3070
801497560 766
801498326 18
401256571 401256534
802513105 286703
802799808 5118
802804926 46
401256571 401930909
803187480 213645
803401125 12286
803413411 638
803414049 94
803414143 22
803414165 3
402012501 402012539
804025040 1835005
805860045 18430
805878475 1023
404390167 404390171
808780338 327678
809108016 10238
809118254 1150
809119404 28
808780338 1835005
810615343 49150
810664493 4350
810668843 22
810668865 4
406890224 407042429
813932653 3070
813935723 766
813936489 61
813936550 1
407606748 407606744
815213492 1944011
817157503 49150
817206653 2302
817208955 5
817208960 1
815213492 2162686
817376178 18430
817394608 766
817395374 45
407606748 412732005
820338753 1310718
821649471 131071
821780542 766
821781308 70
821781378 3
413321827 412732005
826053832 262157
826315989 5118
826321107 78
826321185 9
413340865 413340831
826681696 1310718
827992414 98302
828090716 24574
828115290 6142
828121432 1150
828122582 29
415091299 413340865
828432164 1671154
830103318 4606
830107924 318
830108242 28
415304944 415091299
830396243 196595
830592838 12286
830605124 3070
830608194 445
830608639 7
416039704 416039697
832079401 229373
832308774 10238
832319012 286
832319298 16
832079401 410253
832489654 40958
832530612 5118
832535730 766
832536496 142
832536638 5
417889824 416775973
834665797 786430
835452227 98302
835550529 12286
835562815 1534
835564349 78
835564427 8
418710591 417889980
836600571 672397
837272968 36862
837309830 190
837310020 16
418822545 418822546
837645091 410253
838055344 98302
838153646 8702
838162348 158
838162506 13
837645091 786430
838431521 196595
838628116 6142
838634258 766
838635024 78
838635102 5
838635107 1
420751903 421355718
842107621 18430
842126051 1534
842127585 158
842107621 410253
842517874 36862
842554736 1534
842556270 190
842556460 15
422711230 422711245
845422475 1812937
847235412 8702
847244114 190
847244304 38
845422475 2359294
847781769 81918
847863687 542
847864229 22
847864251 3
426699631 422711245
849410876 1310718
850721594 49150
850770744 12286
850783030 1278
850784308 94
850784402 7
849410876 1933307
851344183 6142
851350325 1278
851351603 190
851351793 12
849410876 3145726
852556602 12286
852568888 766
852569654 63
428020641 427319075
855339716 557054
855896770 24574
855921344 6142
855927486 638
855928124 3
855339716 672397
856012113 40958
856053071 5118
856058189 569
856058758 1
428966490 428171990
857138480 73726
857212206 2110
857214316 46
857214362 3
857138480 377472
857515952 638
857516590 46
857516636 8
857138480 410253
857548733 98302
857647035 10238
857657273 124
431821403 429098761
860920164 2883570
863803734 98302
863902036 24574
863926610 766
863927376 158
863927534 5
434141854 434141851
868283705 2621438
870905143 40958
870946101 766
870946867 46
870946913 1
434141854 437935437
872077291 2359294
874436585 69630
874506215 382
874506597 46
874506643 9
872077291 2883570
874960861 81918
875042779 12286
875055065 3070
875058135 638
875058773 94
875058867 15
872077291 3412080
875489371 73726
875563097 2073
875565170 1
438181086 438982665
877163751 1245150
878408901 24574
878433475 4350
878437825 190
878438015 31
877163751 4456446
881620197 10238
881630435 1979
881632414 7
443439111 438982665
882421776 4342413
886764189 40958
886805147 2302
886807449 142
886807591 10
886807601 1
443551012 443551011
887102023 2883570
889985593 164493
890150086 12286
890162372 1051
447049758 447049739
894099497 410253
894509750 98302
894608052 4222
894612274 78
894612352 5
894612357 1
448433182 447049758
895482940 164493
895647433 8702
895656135 318
895656453 4
449568896 448783517
898352413 377472
898729885 3070
898732955 766
898733721 142
898733863 8
449718219 449718250
899436469 98302
899534771 6142
899540913 33
899436469 1747403
901183872 40958
901224830 1534
901226364 63
899436469 1835005
901271474 16384
901287858 190
901288048 21
452194546 449718250
901912796 1196685
903109481 1534
903111015 382
901912796 1310718
903223514 98302
903321816 20478
903342294 2558
903344852 382
903345234 46
903345280 12
901912796 1712112
903624908 1534
903626442 22
903626464 4
901912796 2293736
904206532 34814
904241346 638
904241984 34
904242018 2
901912796 2359294
904272090 12286
904284376 2558
904286934 187
452668684 452668701
905337385 3412080
908749465 49150
908798615 5118
908803733 766
908804499 66
905337385 3549628
908887013 8702
908895715 445
908896160 46
908896206 2
905337385 3608688
908946073 327678
909273751 6142
909279893 526
909280419 9
457821293 452668701
910489994 2097165
912587159 24574
912611733 3070
912614803 94
912614897 4
910489994 2293736
912783730 40958
912824688 2547
912827235 3
910489994 5242878
915732872 327678
916060550 12286
916072836 1534
916074370 190
916074560 38
916074598 2
458353771 457821293
916175064 213645
916388709 10238
916398947 1534
916400481 142
916400623 4
458371871 458371872
916743743 164493
916908236 286
916908522 18
916743743 410253
917153996 81918
917235914 8446
917244360 46
917244406 7
916743743 672397
917416140 98302
917514442 2558
917517000 382
917517382 34
917517416 1
458371872 459522226
917894098 521
917894619 1
459722815 459722843
919445658 1114110
920559768 40958
920600726 2302
920603028 190
920603218 10
919445658 1681871
921127529 24574
921152103 5118
921157221 125
921157346 1
459722843 461495019
921217862 1812937
923030799 12286
923043085 1534
923044619 37
464439632 461903222
926342854 2097165
928440019 33278
928473297 382
928473679 46
928473725 2
926342854 3145726
929488580 98302
929586882 12286
929599168 3070
929602238 542
929602780 3
464439632 465750350
930189982 98302
930288284 8446
930296730 190
930296920 34
930296954 2
465830264 465830277
931660541 410253
932070794 98302
932169096 1534
932170630 190
932170820 46
932170866 3
465830277 466536797
932367074 196595
932563669 2110
932565779 46
932565825 7
466643385 466971063
933614448 229373
933843821 12286
933856107 3070
933859177 518
933859695 1
466989239 469264150
936253389 1714635
937968024 5118
937973142 158
937973300 9
936253389 3549628
939803017 17406
939820423 569
939820992 3
469264150 470574868
939839018 1245150
941084168 49150
941133318 1534
941134852 190
941135042 22
941135064 3
470589563 470589564
941179127 589822
941768949 49150
941818099 12286
941830385 638
941831023 78
941831101 10
941831111 1
472793586 472793583
945587169 672397
946259566 98302
946357868 6142
946364010 766
946364776 142
946364918 10
946364928 1
475827389 475061056
950888445 786430
951674875 6142
951681017 1278
951682295 13
951682308 1
478055987 477269557
955325544 786430
956111974 24574
956136548 3070
956139618 318
956139936 22
479368716 480679434
960048150 1245150
961293300 24574
961317874 3070
961320944 956
961321900 43
961321943 1
480878050 480878046
961756096 589822
962345918 8702
962354620 4
480878050 481566164
962444214 286703
962730917 6142
962737059 318
962737377 46
962737423 8
485391393 485390851
970782244 786430
971568674 24574
971593248 6142
971599390 574
971599964 46
971600010 10
970782244 1835005
972617249 73726
972690975 2558
972693533 382
972693915 10
970782244 2162686
972944930 5118
972950048 766
972950814 22
970782244 2883570
973665814 24574
973690388 4350
973694738 70
970782244 4390887
975173131 24574
975197705 2302
975200007 190
975200197 9
490522268 485391393
975913661 589822
976503483 6142
976509625 318
976509943 4
975913661 1944011
977857672 73726
977931398 6142
977937540 1150
977938690 78
977938768 10
975913661 2359294
978272955 40958
978313913 3070
978316983 93
491767418 490522268
982289686 1114110
983403796 12286
983416082 2110
983418192 29
492135369 492921799
985057168 320136
985377304 4606
985381910 382
985382292 3
985057168 393212
985450380 12286
985462666 2174
985464840 19
985464859 1
493610580 493446087
987056667 18430
987075097 1278
987076375 28
498467028 497631921
996098949 1310718
997409667 98302
997507969 18430
997526399 1534
997527933 94
997528027 1
996098949 2097165
998196114 40958
998237072 2558
998239630 382
998240012 38
