5586
1 1
2 1
3 2
5 1
3 5
8 1
8 2
5 6
11 1
8 9
17 1
10 9
19 1
12 11
23 1
12 17
29 3
32 1
29 5
18 17
35 1
20 19
39 1
24 23
47 1
32 33
65 1
34 33
67 1
36 35
71 1
40 39
79 1
48 47
95 1
48 65
113 17
66 65
131 1
68 67
135 1
72 71
143 1
80 79
159 1
96 95
191 1
130 113
243 12
255 2
255 3
243 17
131 132
263 1
135 136
271 1
143 144
287 1
159 160
319 1
191 192
383 1
260 258
518 2
264 263
527 1
272 271
543 1
288 287
575 1
320 319
639 1
384 383
767 1
520 518
1038 2
528 527
1055 1
544 543
1087 1
576 575
1151 1
640 639
1279 1
768 767
1535 1
768 1038
1806 243
2049 6
2055 1
1040 1038
2078 2
1056 1055
2111 1
1088 1087
2175 1
1152 1151
2303 1
1280 1279
2559 1
1536 1535
3071 1
2056 2055
4111 17
2080 2078
4158 2
2112 2111
4223 1
2176 2175
4351 1
2304 2303
4607 1
2560 2559
5119 1
3072 3071
6143 1
3072 4111
7183 768
7951 192
8143 48
8191 2
7951 257
7183 1040
8223 1
4128 4111
8239 17
4160 4158
8318 2
4224 4223
8447 1
4352 4351
8703 1
4608 4607
9215 1
5120 5119
10239 1
6144 6143
12287 1
8320 8318
16638 2
8448 8447
16895 1
8704 8703
17407 1
9216 9215
18431 1
10240 10239
20479 1
12288 12287
24575 1
12288 16638
28926 3072
31998 768
32766 3
32766 258
16638 16640
33278 2
16895 16896
33791 1
17407 17408
34815 1
18431 18432
36863 1
20479 20480
40959 1
24575 24576
49151 257
49151 384
49535 113
49648 12
49660 3
49663 1
49151 768
49919 257
49151 2049
49151 3072
52223 768
52991 257
24576 28926
53502 3072
56574 768
57342 258
53502 4352
57854 2
53502 4608
58110 258
53502 5120
58622 768
59390 2
28926 31998
60924 768
61692 3
61695 1
61692 260
60924 2176
63100 113
63213 3
63216 1
63213 5
60924 2560
63484 243
63727 1
60924 3072
63996 243
64239 1
32766 31998
64764 384
65148 113
65261 3
33280 33791
67071 192
67263 48
67311 1
34816 34815
69631 1536
71167 192
71359 48
71407 1
40959 36864
77823 1536
79359 192
79551 48
79599 1
40960 49151
90111 5120
95231 640
95871 113
53502 56574
110076 2176
112252 113
112365 3
59392 60924
120316 243
120559 1
61952 61696
123648 768
124416 192
124608 48
63217 63216
126433 1
63217 63218
126435 1
63484 63218
126702 192
126894 48
126942 2
63728 63727
127455 1
64239 64240
128479 1
65261 65264
130525 3
67311 67312
134623 1
71408 71407
142815 1
79599 79600
159199 1
90111 79600
169711 5120
174831 640
175471 113
169711 12288
181999 1536
183535 192
183727 48
183775 1
95231 90111
185342 3072
188414 384
188798 96
188894 2
185342 4224
189566 80
189646 3
189649 1
185342 4608
189950 192
190142 18
95231 95871
191102 576
191678 18
95871 95984
191855 1806
193661 80
193741 3
191855 5120
196975 768
197743 96
197839 1
191855 12288
204143 1806
205949 80
206029 3
110076 112252
222328 576
222904 24
222328 2112
224440 24
112368 112365
224733 1536
226269 243
224733 6144
230877 640
231517 113
231630 2
120316 112368
232684 1280
233964 160
234124 20
234144 2
234124 23
234124 24
234148 2
234124 29
234153 1
233964 192
234156 6
232684 3072
235756 384
236140 48
236188 6
232684 5120
237804 384
238188 48
238236 6
120560 120559
241119 1152
242271 67
124608 124656
249264 1152
250416 113
250529 1
134623 130528
265151 1536
266687 192
266879 35
142815 134624
277439 5120
282559 640
283199 96
283295 3
142816 142815
285631 5120
290751 640
291391 96
291487 3
285631 10240
295871 1280
297151 192
297343 19
181999 175584
357583 2560
360143 384
360527 48
360575 3
206032 206029
412061 10240
422301 1280
423581 192
423773 20
423793 1
226512 226269
452781 3072
455853 640
456493 68
456561 1
234146 234147
468293 1
234148 234147
468295 1
234148 234150
468298 2
234153 234154
468307 1
236188 236194
472382 6
238236 238242
476478 6
242338 242271
484609 67
250530 250529
501059 1
250530 265151
515681 1536
517217 192
517409 35
515681 12288
527969 1536
529505 192
529697 35
527969 3072
531041 384
531425 80
531505 3
297362 297343
594705 19
297362 357583
654945 2560
657505 384
657889 48
657937 3
654945 34816
689761 768
690529 160
690689 19
654945 40960
695905 6144
702049 384
702433 5
468293 456562
924855 10240
935095 1280
936375 192
936567 18
936567 19
468293 468294
936587 1
476478 476484
952962 6
484609 484676
969285 67
501059 484676
985735 12288
998023 1536
999559 192
999751 48
999799 1
531505 531508
1063013 3
594705 531508
1126213 19
1126213 40960
1167173 3072
1170245 384
1170629 96
1170725 5
702433 702438
1404871 6
1404877 1
1404871 9
1404871 3072
1407943 768
1408711 260
1408971 1
1404871 32769
1437640 3
1437643 1
1404871 63218
1468089 3
1404871 126436
1531307 1
1404871 189650
1594521 3
702438 924855
1627293 10240
1637533 1280
1638813 192
1639005 18
1627293 24576
1651869 3072
1654941 384
1655325 80
1655405 1
1627293 67312
1694605 2080
1696685 10
1696685 11
1696685 12
1696697 2
1627293 79600
1706893 6144
1713037 40
1713077 2
1627293 95984
1723277 6144
1729421 40
1729461 2
1627293 130528
1757821 2080
1759901 10
1627293 193744
1821037 2080
1823117 10
952968 969285
1922253 8448
1930701 136
1930837 3
1930840 1
1063013 1063016
2126029 36864
2162893 2080
2164973 12
2164985 2
1170725 1170730
2341455 67312
2408767 24
2408791 1
2341455 142816
2484271 12288
2496559 1806
2498365 6
2498371 1
2498365 8
2498365 9
2341455 159200
2500655 5120
2505775 768
2506543 20
2506563 1
1404871 1170730
2575601 49151
2624752 48
2624800 3
2624803 1
2575601 142816
2718417 12288
2730705 1806
2732511 6
2732517 1
1408971 1408972
2817943 20480
2838423 768
2839191 160
2839351 12
2839363 2
2839363 3
1468089 1468092
2936181 28926
2965107 640
2965747 48
2965795 2
1531308 1531307
3062615 18432
3081047 1152
3082199 72
3082271 3
3082274 1
1594524 1627293
3221817 12288
3234105 3072
3237177 768
3237945 48
3237993 12
3238005 1
3238005 2
3238005 3
1729461 1729463
3458924 12288
3471212 768
3471980 160
3472140 12
1823127 1823117
3646244 59392
3705636 640
3706276 20
3706296 2
1930841 2126029
4056870 112368
4169238 5120
4174358 192
4174550 40
2506564 2506563
5013127 67312
5080439 160
5080599 23
2732518 2732517
5465035 79600
5544635 4224
5548859 48
5548907 6
5548913 1
3082275 3221817
6304092 59392
6363484 1280
6364764 80
3472152 3646244
7118396 17408
7135804 768
7136572 113
7136685 3
3706298 4056870
7763168 297362
8060530 52223
8112753 320
8113073 9
4174590 5013127
9187717 297362
9485079 24576
9509655 320
9509975 5
9187717 594724
9782441 53502
9835943 1536
9837479 160
9837639 20
9837659 2
9187717 702438
9890155 67312
9957467 576
9958043 20
9958063 1
5080439 5013127
10093566 24576
10118142 640
10118782 40
10118822 3
5548913 5548914
11097827 71408
11169235 1806
11171041 136
11171177 3
11171180 1
11097827 657940
11755767 20480
11776247 1280
11777527 192
11777719 2
5548914 6304092
11853006 423794
12276800 24576
12301376 272
12301648 12
12301660 2
6364844 7118396
13483240 702438
14185678 6144
14191822 288
14192110 9
7136688 7763168
14899856 159200
15059056 8704
15067760 320
15068080 40
15068120 5
14899856 183776
15083632 113
15083745 8
14899856 297362
15197218 20480
15217698 768
15218466 160
14899856 702438
15602294 130528
15732822 3072
15735894 640
15736534 80
15736614 11
7763168 8060530
15823698 250530
16074228 3072
16077300 136
8113082 8113073
16226155 702438
16928593 28926
16957519 1280
16958799 160
16958959 12
16958971 3
9187717 8113082
17300799 594724
17895523 20480
17916003 2560
17918563 384
17918947 80
17919027 1
10118822 10118825
20237647 936588
21174235 3072
21177307 320
21177627 20
10118825 11097827
21216652 142816
21359468 12288
21371756 1536
21373292 95
21216652 266914
21483566 6144
21489710 288
21489998 17
11755767 11171181
22926948 112368
23039316 7183
23046499 113
23046612 11
22926948 531508
23458456 56574
23515030 80
23515110 3
11853006 11777721
23630727 297362
23928089 31998
23960087 384
23960471 96
23960567 2
14192119 14192110
28384229 531508
28915737 40960
28956697 6144
28962841 12
14899856 14192119
29091975 531508
29623483 53502
29676985 576
29677561 39
29091975 702438
29794413 134624
29929037 3072
29932109 576
29932685 6
16077436 16077300
32154736 20480
32175216 1280
32176496 132
16077436 16226155
32303591 702438
33006029 120560
33126589 2560
33129149 320
33129469 36
33129505 2
16958974 17300799
34259773 231632
34491405 576
34491981 29
34492010 1
34259773 702438
34962211 50176
35012387 768
35013155 144
35013299 12
17895523 17300799
35196322 297362
35493684 58622
35552306 384
35552690 40
17919028 17919027
35838055 130528
35968583 1806
35970389 160
35970549 8
35838055 657940
36495995 24576
36520571 3072
36523643 144
36523787 10
35838055 999800
36837855 61696
36899551 136
36899687 1
35838055 1408972
37247027 1280
37248307 113
37248420 6
17919028 20237647
38156675 1930841
40087516 191102
40278618 384
40279002 65
21489998 21490015
42980013 197840
43177853 768
43178621 192
43178813 29
42980013 1170730
44150743 59392
44210135 272
44210407 8
23046612 23046623
46093235 266914
46360149 2056
46362205 12
46362217 3
46362220 1
23960567 23960569
47921136 360578
48281714 28926
48310640 1280
48311920 192
48312112 24
48312136 2
47921136 2164987
50086123 126944
50213067 384
50213451 40
50213491 1
47921136 2408792
50329928 12288
50342216 2560
50344776 384
50345160 6
47921136 2506564
50427700 53502
50481202 12
50481214 1
47921136 3472152
51393288 95984
51489272 640
51489912 72
51489984 5
28384229 23960569
52344798 1170730
53515528 183776
53699304 768
53700072 40
53700112 3
52344798 1723277
54068075 1280
54069355 136
54069491 5
52344798 1930841
54275639 126944
54402583 384
54402967 35
52344798 4174590
56519388 120560
56639948 3072
56643020 12
56643032 2
56519388 206032
56725420 12288
56737708 384
56738092 20
56738112 2
56519388 594724
57114112 51200
57165312 640
57165952 96
57166048 9
28915737 28384229
57299966 175584
57475550 6144
57481694 159
29091975 28962853
58054828 277439
58332267 4608
58336875 48
58336923 3
58054828 531508
58586336 52223
58638559 40
58638599 1
29932691 29932685
59865376 169711
60035087 528
59865376 1594524
61459900 768
61460668 12
61460680 3
59865376 1930841
61796217 28926
61825143 576
61825719 48
61825767 5
29932691 32154736
62087427 702438
62789865 79600
62869465 5120
62874585 384
62874969 9
32176628 32303591
64480219 34816
64515035 1536
64516571 113
64516684 9
32303591 33006029
65309620 297362
65606982 24576
65631558 2304
65633862 24
65633886 3
65633889 1
65309620 360578
65670198 28926
65699124 640
65699764 72
65699836 3
65699839 1
33129505 33129507
66259012 702438
66961450 112368
67073818 4352
67078170 192
67078362 12
67078374 3
33129507 34259773
67389280 531508
67920788 24576
67945364 384
67945748 96
67945844 11
67389280 999800
68389080 16640
34962211 34492011
69454222 34816
69489038 1152
69490190 66
35013311 35196322
70209633 188798
70398431 72
70398503 3
70398506 1
35196322 35493684
70690006 5120
70695126 33
36523787 36523797
73047584 204143
73251727 1280
73253007 192
73253199 48
73253247 2
73047584 206032
73253616 12288
73265904 2049
73267953 2
36899687 36899688
73799375 297362
74096737 5120
74101857 640
74102497 40
74102537 1
37247027 36899688
74146715 277439
74424154 3072
74427226 768
74427994 47
37248426 37248420
74496846 702438
75199284 134624
75333908 243
75334151 9
38156675 37248426
75405101 59392
75464493 576
75465069 24
75405101 159200
75564301 2304
75566605 192
75566797 32
75405101 702438
76107539 112368
76219907 7183
76227090 640
76227730 96
76227826 11
76107539 197840
76305379 4224
76309603 24
76309627 1
75405101 1759911
77165012 20480
77185492 384
77185876 23
75405101 2624804
78029905 65264
78095169 768
78095937 8
38156675 40087516
78244191 527969
78772160 192
78772352 40
78772392 6
78244191 702438
78946629 4111
78950740 6
78950746 1
78244191 1170730
79414921 188414
79603335 160
79603495 24
79603519 2
78244191 1930841
80175032 95984
80271016 3072
80274088 544
80274632 10
40279002 40279067
80558069 285631
80843700 4352
80848052 80
80848132 8
80558069 1063016
81621085 24576
81645661 272
81645933 5
80558069 1594524
82152593 24576
82177169 3072
82180241 113
82180354 12
82180366 3
82180369 1
80558069 2506564
83064633 3072
83067705 320
83068025 35
42980013 40279067
83259080 20480
83279560 320
83279880 33
83259080 501060
83760140 9216
83769356 135
83259080 1531308
84790388 40960
84831348 2560
84833908 384
84834292 48
84834340 12
84834352 3
83259080 1759911
85018991 53502
85072493 257
83259080 2164987
85424067 36864
85460931 1536
85462467 2
85424067 65264
85489331 1280
85490611 48
85490659 3
85490662 1
83259080 2341455
85600535 6144
85606679 640
85607319 113
85607432 8
83259080 2408792
85667872 40960
85708832 1152
85709984 113
85710097 2
83259080 2506564
85765644 50176
85815820 320
85816140 24
85816164 3
85816167 1
43178842 43178813
86357655 702438
87060093 18432
87078525 1152
87079677 113
87079790 11
43178842 44150743
87329585 423794
87753379 6144
87759523 768
87760291 96
87760387 5
44210415 44210407
88420822 1170730
89591552 142816
89734368 8143
89742511 10
46093235 44210415
90303650 1280
90304930 80
90305010 8
90303650 291490
90595140 1536
90596676 80
90596756 6
90303650 999800
91303450 28926
91332376 2176
91334552 20
90303650 1170730
91474380 12288
91486668 4224
91490892 80
91490972 6
90303650 1531308
91834958 51200
91886158 576
91886734 48
91886782 12
91886794 2
90303650 1930841
92234491 71408
92305899 5120
92311019 768
92311787 96
92311883 12
92311895 2
46362220 46362221
92724441 36864
92761305 3072
92764377 768
92765145 40
92765185 2
92724441 702438
93426879 52223
93479102 384
93479486 48
93479534 10
46362221 47921136
94283357 297362
94580719 58368
94639087 40
94639127 5
94283357 702438
94985795 130528
95116323 1088
95117411 6
95117417 1
94985795 183535
95169330 80
95169410 6
95169416 1
94283357 999800
95283157 16896
95300053 72
95300125 3
94283357 1126232
95409589 28926
95438515 113
94283357 1170730
95454087 20480
95474567 640
95475207 24
95475231 3
95475234 1
47921136 48281714
96202850 142816
96345666 12288
96357954 3072
96361026 640
96361666 80
96361746 6
48312136 48312138
96624274 472388
97096662 272
97096934 6
97096940 1
96624274 1170730
97795004 20480
97815484 3072
97818556 113
97818669 3
97818672 1
97795004 142816
97937820 10240
97948060 1152
97949212 113
97949325 6
97949331 1
48312138 50086123
98398261 423794
98822055 10240
98832295 640
98832935 80
98833015 12
98833027 1
98398261 594724
98992985 4224
98997209 96
98997305 6
98398261 1170730
99568991 222928
99791919 1088
99793007 2
50213492 50329928
100543420 40960
100584380 4352
100588732 136
100588868 5
100543420 95984
100639404 2304
100641708 159
50427700 50481202
100908902 40960
100949862 1536
100951398 243
100951641 2
50481215 50481214
100962429 527969
101490398 1152
101491550 12
101491562 1
51489989 51489984
102979973 142816
103122789 12288
103135077 2112
103137189 12
102979973 236194
103216167 1536
103217703 20
51489989 52344798
103834787 112368
103947155 6144
103953299 243
103953542 3
103834787 594724
104429511 12288
104441799 2304
104444103 160
104444263 17
103834787 657940
104492727 4224
104496951 48
104496999 6
103834787 702438
104537225 142816
104680041 130
52344798 53515528
105860326 1126232
106986558 24576
107011134 4160
107015294 6
53700115 54068075
107768190 33792
107801982 768
107802750 113
107802863 11
54275639 54402583
108678222 7951
108686173 66
108678222 95984
108774206 6144
108780350 24
54402967 54403002
108805969 690708
109496677 4352
109501029 3
109501032 1
54403002 56519388
110922390 702438
111624828 112368
111737196 5120
111742316 272
111742588 12
110922390 969352
111891742 2560
111894302 384
111894686 48
110922390 985735
111908125 5120
111913245 768
111914013 192
111914205 24
111914229 1
110922390 1930841
112853231 58368
112911599 160
112911759 12
112911771 3
112911774 1
56738114 57114112
113852226 10240
113862466 1152
113863618 113
113863731 6
113863737 1
57166048 57166057
114332105 95231
114427336 192
114427528 29
114427557 1
57475550 57299966
114775516 112368
114887884 6144
114894028 768
114894796 160
114894956 1
57481853 57481694
114963547 360578
115324125 31998
115356123 384
115356507 72
115356579 3
115356582 1
58054828 57481853
115536681 423794
115960475 10240
115970715 384
115971099 23
58638599 58638600
117277199 5120
117282319 384
117282703 17
117277199 197840
117475039 5120
117480159 384
117480543 66
117277199 657940
117935139 3072
117938211 768
117938979 1
59865376 58638600
118503976 7183
118511159 640
118511799 72
118511871 1
118503976 297362
118801338 51200
118852538 264
118852802 3
118503976 702438
119206414 197840
119404254 640
119404894 96
119404990 12
119405002 2
60035087 59865376
119900463 67312
119967775 768
119968543 48
60035087 60035615
120070702 702438
120773140 33792
120806932 768
120807700 39
60035615 61459900
121495515 999800
122495315 57600
122552915 67
61460683 61796217
123256900 266914
123523814 2560
123526374 160
123526534 24
123526558 3
123526561 1
62789865 62087427
124877292 79600
124956892 6144
124963036 192
124963228 29
124877292 295871
125173163 768
125173931 48
125173979 9
62874969 62874978
125749947 232684
125982631 1152
125983783 23
64480219 62874978
127355197 360578
127715775 40960
127756735 1280
127758015 96
127758111 1
64480219 64515035
128995254 10240
129005494 68
65309620 64516693
129826313 412061
130238374 8704
130247078 272
130247350 3
129826313 702438
130528751 142816
130671567 288
130671855 23
130671567 1280
130672847 160
130673007 6
130673013 1
129826313 999800
130826113 40960
130867073 6144
130873217 192
130873409 24
130873433 3
130873436 1
65699840 66259012
131958852 134624
132093476 6144
132099620 384
132100004 48
66259012 66961450
133220462 594724
133815186 50176
133865362 640
133866002 3
133866005 1
67078377 67078374
134156751 65264
134222015 1536
134223551 160
134223711 6
134223717 1
67078377 67389280
134467657 297362
134765019 1536
134766555 131
67920788 67389280
135310068 423794
135733862 12288
135746150 2304
135748454 192
135748646 40
135748686 2
135733862 28926
135762788 48
135762836 9
67945748 67945364
135891112 320
135891432 48
135891480 10
67945855 67945844
135891699 12288
135903987 3072
135907059 29
135907088 2
68389080 68405720
136794800 79600
136874400 4608
136879008 320
136879328 48
136879376 3
136794800 702438
137497238 175584
137672822 4608
137677430 272
137677702 3
137677705 1
69454222 68405720
137859942 18432
137878374 384
137878758 113
137878871 12
137878883 1
137859942 206032
138065974 12288
138078262 320
138078582 33
137859942 657940
138517882 2304
138520186 113
138520299 12
138520311 1
137859942 702438
138562380 71408
138633788 768
138634556 96
138634652 12
138562380 130528
138692908 2560
138695468 192
138695660 20
138695680 1
69490256 70209633
139699889 24576
139724465 2560
139727025 320
139727345 29
139727374 1
70398506 70398507
140797013 242338
141039351 5120
141044471 384
70695159 70695126
141390285 360578
141750863 8256
141759119 5
141390285 517444
141907729 9216
141916945 320
141917265 8
141390285 1627293
143017578 9216
143026794 320
143027114 24
143027138 2
73799375 73267955
147067330 594724
147662054 31998
147694052 66
74428041 74496846
148924887 127456
149052343 272
149052615 10
75199284 74496846
149696130 594724
150290854 24576
150315430 1536
150316966 192
150317158 12
150317170 2
75333908 75199284
150533192 79600
150612792 5120
150617912 768
150618680 80
150618760 5
75566829 75566797
151133626 130528
151264154 1280
151265434 48
151265482 12
151265494 1
151133626 423794
151557420 17408
151574828 640
151575468 40
151575508 3
151575511 1
76227837 76305379
152533216 58622
152591838 640
152592478 72
152592550 3
76309627 76309628
152619255 266914
152886169 10240
152896409 113
152896522 6
152896528 1
77165012 76309628
153474640 472388
153947028 2176
153949204 48
153949252 6
77185899 77185876
154371775 690708
155062483 768
155063251 144
155063395 6
155063401 1
78095945 78244191
156340136 53502
156393638 2112
156395750 48
156395798 12
156395810 2
78772160 78244191
157016351 24576
157040927 3072
157043999 20
157044019 1
78950747 78950746
157901493 452781
158354274 2176
158356450 96
78950747 79414921
158365668 40960
158406628 7183
158413811 113
158413924 6
80558069 80274642
160832711 297362
161130073 24576
161154649 1056
161155705 11
83279913 83760140
167040053 20480
167060533 576
167061109 12
167061121 3
83769491 83769356
167538847 64764
167603611 320
167603931 24
167603955 3
167603958 1
167538847 702438
168241285 174831
168416116 319
84790388 83769491
168559879 423794
168983673 8704
168992377 258
168559879 594724
169154603 12288
169166891 3072
169169963 768
169170731 192
168559879 702438
169262317 206032
169468349 2078
85667872 85607440
171275312 61696
171337008 17
85765644 85815820
171581464 24576
171606040 3072
171609112 544
171609656 24
171609680 2
86357655 85816168
172173823 40960
172214783 5120
172219903 48
172219951 1
172173823 531508
172705331 24576
172729907 1280
172731187 6
172173823 1063016
173236839 36864
173273703 1536
173275239 144
173275383 11
86357655 87060093
173417748 456562
173874310 10240
173884550 576
173885126 48
173885174 12
173885186 2
87079801 87329585
174409386 95984
174505370 7183
174512553 640
174513193 80
174513273 9
174409386 249264
174658650 544
174659194 12
174659206 2
87760392 88420822
176181214 266914
176448128 2560
176450688 192
176450880 24
176181214 297362
176478576 2304
176480880 48
176480928 2
176181214 657940
176839154 12288
176851442 144
176851586 10
176181214 1170730
177351944 175584
177527528 768
177528296 192
177528488 19
176181214 1468092
177649306 9216
177658522 768
177659290 144
177659434 6
176181214 1723277
177904491 288
177904779 12
177904791 3
177904794 1
176181214 1729463
177910677 5120
177915797 192
177915989 36
89591552 88420822
178012374 702438
178714812 183776
178898588 48
178898636 10
89742521 89742511
179485032 501060
179986092 10240
179996332 1280
179997612 9
90303650 89742521
180046171 142816
180188987 9216
180198203 80
180198283 1
91886794 91886796
183773590 142816
183916406 5120
183921526 113
183921639 6
92311895 92311897
184623792 250530
184874322 4608
184878930 320
184879250 5
92765187 92765185
185530372 476484
186006856 6144
186013000 768
186013768 19
93426879 93479102
186905981 28926
186934907 1536
186936443 113
186936556 12
186936568 3
93479544 93479534
186959078 159200
187118278 5120
187123398 288
187123686 19
186959078 174831
187133909 160
187134069 29
187134098 1
186959078 357583
187316661 1536
187318197 95
93479544 94283357
187762901 702438
188465339 197840
188663179 640
188663819 48
188663867 12
188663879 2
187762901 999800
188762701 18432
188781133 1280
188782413 160
188782573 18
188762701 34816
188797517 1806
188799323 6
94283357 94580719
188864076 188896
189052972 9
95169417 95169416
190338833 20480
190359313 1088
190360401 40
190360441 1
95300125 95300128
190600253 95984
190696237 12288
190708525 96
190708621 6
96202850 95475235
191678085 468308
192146393 1280
192147673 192
192147865 10
96361746 96361752
192723498 17408
192740906 640
192741546 80
96624274 96361752
192986026 134624
193120650 7183
193127833 160
193127993 20
192986026 531508
193517534 10240
193527774 1152
193528926 23
192986026 657940
193643966 28926
193672892 96
193672988 11
97096940 97096941
194193881 360578
194554459 12288
194566747 2304
194569051 47
97949332 98398261
196347593 185342
196532935 1280
196534215 80
196534295 2
196347593 594724
196942317 58622
197000939 192
197001131 33
98398261 98822055
197220316 56574
197276890 320
197277210 3
98997311 98997305
197994616 423794
198418410 24576
198442986 4224
198447210 36
198447246 1
98997311 99568991
198566302 360578
198926880 10240
198937120 576
198937696 48
198937744 12
198937756 2
198566302 594724
199161026 40960
199201986 2560
199204546 72
199204618 5
99793009 100543420
200336429 285631
200622060 320
200622380 6
200622386 1
200336429 702438
201038867 79600
201118467 24
201118491 1
100951643 100962429
201914072 297362
202211434 9216
202220650 768
202221418 144
202221562 8
101490398 100962429
202452827 175584
202628411 1088
202629499 2
202452827 452781
202905608 2560
202908168 272
202908440 3
202908443 1
101491563 101491562
202983125 1437644
204420769 4608
204425377 160
204425537 19
102979973 101491563
204471536 360578
204832114 7951
204840065 96
204840161 12
204840173 3
204471536 531508
205003044 40960
205044004 6144
205050148 10
104537225 104680041
209217266 53502
209270768 2560
209273328 192
209273520 29
209273549 1
209217266 79600
209296866 9216
209306082 768
209306850 80
209306930 9
104680041 104680171
209360212 517444
209877656 1806
209879462 72
209879534 2
209360212 594724
209954936 10240
209965176 384
209965560 48
209965608 12
209360212 1063016
210423228 36864
210460092 384
210460476 20
105860326 104680171
210540497 95984
210636481 9216
210645697 768
210646465 160
210646625 12
210646637 3
210646640 1
210540497 297362
210837859 40960
210878819 5120
210883939 640
210884579 12
210884591 3
210540497 985735
211526232 9216
211535448 159
106986558 105860326
212846884 297362
213144246 53502
213197748 1536
213199284 144
213199428 6
107015294 107015300
214030594 206032
214236626 8448
214245074 136
214245210 3
107015300 107768190
214783490 142816
214926306 10240
214936546 768
214937314 144
214937458 12
214937470 1
107802874 108678222
216481096 456562
216937658 1806
216939464 144
216939608 6
216481096 594724
217075820 10240
217086060 768
217086828 24
217086852 1
216481096 702438
217183534 169711
217353245 1088
217354333 1
110922390 111624828
222547218 657940
223205158 17408
223222566 160
223222726 9
111624828 111737196
223362024 95984
223458008 12288
223470296 1152
223471448 48
223471496 12
223471508 3
223471511 1
111914230 111914229
223828459 206032
224034491 10240
224044731 384
224045115 65
223828459 702438
224530897 204143
224735040 1280
224736320 243
224736563 6
224736569 1
112853231 111914230
224767461 36864
224804325 2176
224806501 6
224806507 1
112911775 112911774
225823549 702438
226525987 12288
226538275 768
226539043 72
226539115 1
112911775 113852226
226764001 183776
226947777 95
226764001 266914
227030915 3072
227033987 768
227034755 144
227034899 8
226764001 702438
227466439 175584
227642023 5120
227647143 576
227647719 9
113863737 113863738
227727475 206032
227933507 4224
227937731 67
114332105 113863738
228195843 297362
228493205 5120
228498325 192
228498517 3
228498520 1
114427558 114775516
229203074 189950
229393024 96
229393120 12
229393132 1
114963547 115324125
230287672 71408
230359080 5120
230364200 640
230364840 19
115536681 115356583
230893264 501060
231394324 4160
231398484 12
231398496 3
231398499 1
115971122 115971099
231942221 357583
232299804 384
232300188 113
232300301 1
231942221 360578
232302799 50176
232352975 3
115971122 117277199
233248321 657940
233906261 3072
233909333 768
233910101 113
233910214 12
233910226 3
233910229 1
233248321 1126232
234374553 20480
234395033 3072
234398105 544
234398649 24
234398673 3
117282720 117475039
234757759 112368
234870127 3072
234873199 48
234873247 10
118503976 117938980
236442956 529732
236972688 768
236973456 96
236973552 11
118511871 118511872
237023743 71408
237095151 544
237095695 2
118801338 118511872
237313210 120316
237433526 72
119405004 119900463
239305467 175584
239481051 1536
239482587 136
239482723 5
120807739 121495515
242303254 531508
242834762 9216
242843978 384
242844362 96
242844458 12
242844470 3
242844473 1
242834762 58622
242893384 520
242303254 702438
243005692 175584
243181276 5120
243186396 243
243186639 8
121495515 122495315
243990830 702438
244693268 197840
244891108 2560
244893668 192
244893860 48
123256900 122552982
245809882 250530
246060412 10240
246070652 48
246070700 2
245809882 517444
246327326 1280
246328606 192
246328798 12
246328810 3
245809882 702438
246512320 49919
246562239 192
246562431 40
246562471 1
246512320 77823
246590143 1280
246591423 96
246591519 2
123526561 123526562
247053123 33280
247086403 384
247086787 80
247086867 6
247086873 1
124963257 125173163
250136420 40960
250177380 3072
250180452 320
250180772 40
250180812 6
250136420 120560
250256980 1806
250258786 113
125983783 125983806
251967589 266914
252234503 8256
252242759 8
127355197 125983806
253339003 242338
253581341 2176
253583517 80
253583597 6
253583603 1
253339003 297362
253636365 49648
127758111 127758112
255516223 476484
255992707 4224
255996931 80
255997011 1
129005494 129005562
258011056 412061
258423117 9216
258432333 384
258432717 113
258432830 1
129826313 129005562
258831875 242338
259074213 640
259074853 80
259074933 8
130826113 130673014
261499127 40960
261540087 6144
261546231 768
261546999 48
261547047 12
261547059 3
130873436 130873437
261746873 250530
261997403 12288
262009691 768
262010459 160
262010619 24
262010643 1
261746873 702438
262449311 197840
262647151 113
262647264 12
262647276 1
261746873 1063016
262809889 17408
262827297 260
132100004 132100052
264200056 702438
264902494 142816
265045310 12288
265057598 1806
265059404 72
265059476 3
265059479 1
133220462 132100052
265320514 285631
265606145 3072
265609217 768
265609985 192
265610177 23
265320514 360578
265681092 40960
265722052 6144
265728196 768
265728964 192
265320514 1126232
266446746 320
266447066 48
266447114 9
134765019 134467657
269232676 249264
269481940 768
269482708 192
269482900 11
134766555 134766686
269533241 297362
269830603 36864
269867467 1806
269869273 29
269869302 2
135762836 135762845
271525681 40960
271566641 1536
271568177 80
271568257 12
271568269 2
135907090 135907088
271814178 423794
272237972 20480
272258452 3072
272261524 320
272261844 5
271814178 702438
272516616 63996
272580612 192
272580804 48
272580852 2
136794800 135907090
272701890 127456
272829346 80
272829426 3
272701890 702438
273404328 142816
273547144 3072
273550216 67
138695681 138695680
277391361 7183
277398544 639
277391361 531508
277922869 53502
277976371 640
277977011 8
277391361 969352
278360713 5120
278365833 160
278365993 1
139699889 138695681
278395570 423794
278819364 10240
278829604 1806
278831410 113
278831523 3
139727374 139727375
279454749 412061
279866810 5120
279871930 768
279872698 192
279872890 36
140797013 139727375
280524388 53502
280577890 2304
280580194 48
280580242 3
280580245 1
280524388 517444
281041832 3072
281044904 192
281045096 48
281045144 2
141044855 141390285
282435140 657940
283093080 18432
283111512 1040
283112552 12
283112564 1
141917273 143017578
284934851 412061
285346912 3072
285349984 272
285350256 12
285350268 2
284934851 531508
285466359 24576
285490935 1280
285492215 68
285492283 2
284934851 999800
285934651 40960
285975611 113
285975724 1
143027140 143027138
286054278 1170730
287225008 90111
287315119 2112
287317231 48
287317279 11
287225008 95984
287320992 10240
287331232 1806
287333038 95
287225008 175584
287400592 5120
287405712 113
287405825 2
286054278 2936181
288990459 20480
289010939 2304
289013243 96
289013339 12
289013351 2
286054278 3472152
289526430 95984
289622414 5120
289627534 768
289628302 144
289628446 5
143027140 147067330
290094470 3082275
293176745 95984
293272729 3072
293275801 384
293276185 36
290094470 3706298
293800768 71408
293872176 5120
293877296 639
147662054 147067330
294729384 69631
294799015 768
294799783 191
147694118 147694052
295388170 484676
295872846 10240
295883086 544
295883630 20
295883650 1
295388170 1170730
296558900 24576
296583476 768
296584244 12
147694118 148924887
296619005 702438
297321443 3072
297324515 640
297325155 113
297325268 3
149052625 149696130
298748755 95984
298844739 5120
298849859 768
298850627 160
298850787 12
298748755 1126232
299874987 6144
299881131 320
299881451 29
299881480 2
149696130 150290854
299986984 456562
300443546 8448
300451994 96
300452090 3
300452093 1
150618765 150618760
301237525 297362
301534887 33792
301568679 113
301568792 5
151557420 151265495
302822915 90111
302913026 3072
302916098 576
302916674 40
302916714 3
302916717 1
152896528 152896529
305793057 360578
306153635 6144
306159779 576
306160355 32
153947028 153474640
307421668 266914
307688582 1536
307690118 12
307690130 1
153949258 153949252
307898510 90111
307988621 2112
307990733 5
155063402 155063401
310126803 95984
310222787 7183
310229970 384
310230354 48
310230402 1
155063402 156340136
311403538 24576
311428114 2560
311430674 192
311430866 40
311430906 3
311430909 1
157044020 157901493
314945513 952968
315898481 6144
315904625 80
315904705 3
315904708 1
158413924 158413930
316827854 1170730
317998584 159200
318157784 10240
318168024 68
318168092 2
160832711 158413930
319246641 1063016
320309657 24576
320334233 384
320334617 10
319246641 2164987
321411628 28926
321440554 2560
321443114 272
321443386 12
321443398 2
161130073 160832711
321962784 193744
322156528 2304
322158832 192
322159024 40
322159064 2
161130073 161154649
322284722 7183
322291905 528
322292433 8
161155705 161155716
322311421 79600
322391021 6144
322397165 520
322397685 3
322397688 1
322311421 1655406
323966827 16896
323983723 40
323983763 3
322311421 2164987
324476408 112368
324588776 4160
324592936 6
324592942 1
161155716 167040053
328195769 360578
328556347 24576
328580923 2304
328583227 144
328583371 12
328195769 484676
328680445 2560
328683005 384
328683389 40
328195769 3706298
331902067 191855
332093922 1536
332095458 160
332095618 17
328195769 5465035
333660804 58110
333718914 67
328195769 5548914
333744683 77823
333822506 576
333823082 24
333823106 1
169170923 169262317
338433240 120560
338553800 768
338554568 192
338554760 24
338554784 2
169468349 169262317
338730666 24576
338755242 3072
338758314 113
338758427 8
169470427 169468349
338938776 6144
338944920 768
338945688 144
338945832 12
338938776 1170730
340109506 120560
340230066 272
340230338 8
171275312 169470427
340745739 999800
341745539 5120
341750659 384
341751043 113
341751156 6
341751162 1
340745739 1170730
341916469 79600
341996069 3072
341999141 768
341999909 48
341999957 12
341999969 2
171609682 172173823
343783505 297362
344080867 56574
344137441 320
344137761 40
344137801 1
343783505 452781
344236286 384
344236670 18
343783505 476484
344259989 4608
344264597 48
344264645 1
172219952 172219951
344439903 159200
344599103 4608
344603711 384
344604095 113
344604208 10
172219952 172705331
344925283 476484
345401767 5120
345406887 520
345407407 5
172731187 172731193
345462380 50176
345512556 72
345512628 3
173236839 172731193
345968032 142816
346110848 10240
346121088 1806
346122894 68
345968032 222928
346190960 1040
346192000 6
346192006 1
173417748 173874310
347292058 266914
347558972 1536
347560508 192
347560700 36
174659206 174659208
349318414 702438
350020852 169711
350190563 1806
350192369 40
350192409 3
176181214 174659208
350840422 423794
351264216 12288
351276504 2176
351278680 72
351278752 6
176851596 176851586
353703182 10240
353713422 320
353713742 24
353703182 456562
354159744 5120
354164864 768
354165632 48
354165680 3
354165683 1
176851596 177351944
354203540 297362
354500902 33024
354533926 144
354534070 1
177659434 177659440
355318874 10240
355329114 768
355329882 24
355329906 1
178012374 177916025
355928399 95231
356023630 80
356023710 12
356023722 2
178714812 178012374
356727186 702438
357429624 79600
357509224 2304
357511528 113
357511641 9
179485032 178898646
358383678 360578
358744256 20480
358764736 1536
358766272 192
358766464 36
358766500 1
180198284 180198283
360396567 1639023
362035590 640
362036230 48
362036278 12
360396567 1759911
362156478 2560
362159038 384
362159422 48
360396567 2732518
363129085 28926
363158011 1536
363159547 192
363159739 40
363159779 3
183773590 180198284
363971874 1723277
365695151 1280
365696431 192
365696623 36
365696659 2
363971874 2732518
366704392 53502
366757894 528
366758422 6
366758428 1
183921639 183921645
367843284 531508
368374792 36864
368411656 1280
368412936 48
368412984 1
184623792 183921645
368545437 657940
369203377 20480
369223857 2560
369226417 320
369226737 34
184879255 184879250
369758505 531508
370290013 49408
370339421 6
370339427 1
185530372 186006856
371537228 456562
371993790 6144
371999934 768
372000702 160
372000862 18
186013787 186013768
372027555 204143
372231698 1536
372233234 67
187318292 187318197
374636489 197840
374834329 5120
374839449 768
374840217 24
374840241 2
187318292 187762901
375081193 702438
375783631 65264
375848895 1536
375850431 40
375850471 6
188465339 187762901
376228240 90111
376318351 384
376318735 48
376318783 12
376318795 2
188465339 188663179
377128518 16896
377145414 320
377145734 12
377145746 3
189052972 189052981
378105953 360578
378466531 24576
378491107 192
378491299 39
189052981 190338833
379391814 295871
379687685 384
379688069 40
379688109 6
190360442 190360441
380720883 222328
380943211 384
380943595 96
380943691 9
190708627 191678085
382386712 297362
382684074 2304
382686378 243
382686621 1
382386712 657940
383044652 10240
383054892 384
383055276 113
383055389 8
382386712 936588
383323300 9216
383332516 520
383333036 3
383333039 1
192147875 192147865
384295740 452781
384748521 1536
384750057 160
384750217 12
384750229 3
384750232 1
192723498 192147875
384871373 476484
385347857 4352
385352209 160
385352369 8
192741626 192986026
385727652 297362
386025014 36864
386061878 768
386062646 192
386062838 24
386062862 2
193528949 193643966
387172915 63728
387236643 48
387236691 8
193672999 193672988
387345987 6144
387352131 768
387352899 264
194554459 194193881
388748340 159200
388907540 7951
388915491 113
388915604 12
388915616 3
388915619 1
388748340 250530
388998870 10240
389009110 1280
389010390 160
389010550 12
389010562 2
194569098 194569051
389138149 193744
389331893 640
389332533 20
389332553 2
389138149 1126232
390264381 17408
390281789 192
390281981 3
390281984 1
198937758 199161026
398098784 175584
398274368 192
398274560 40
398274600 3
398274603 1
199204618 199204623
398409241 594724
399003965 53502
399057467 2304
399059771 113
399059884 3
399059887 1
398409241 657940
399067181 18432
399085613 1280
399086893 29
399086922 1
398409241 702438
399111679 130528
399242207 640
399242847 80
399242927 8
201038867 200622387
401661254 250530
401911784 1152
401912936 48
401912984 1
201118492 201118491
402236983 231632
402468615 768
402469383 160
402469543 6
202908444 202983125
405891569 297362
406188931 12288
406201219 3072
406204291 320
406204611 5
405891569 1126232
407017801 10240
407028041 768
407028809 136
407028945 6
202983125 204420769
407403894 484676
407888570 12288
407900858 544
407901402 29
407403894 1170730
408574624 142816
408717440 12288
408729728 1806
408731534 160
408731694 12
204471536 204425556
408897092 242338
409139430 4224
409143654 72
408897092 297362
409194454 50176
409244630 80
204832114 204471536
409303650 40960
409344610 4352
409348962 160
409349122 6
409349128 1
205050158 205050148
410100306 360578
410460884 40960
410501844 5120
410506964 160
410507124 10
410100306 1170730
411271036 112368
411383404 3072
411386476 640
411387116 6
411387122 1
410100306 2624804
412725110 20480
412745590 1280
412746870 96
412746966 8
410100306 3238008
413338314 79600
413417914 3072
413420986 80
413421066 10
205050158 209217266
414267424 1823127
416090551 95984
416186535 1806
416188341 144
416188485 12
414267424 2164987
416432411 71408
416503819 3072
416506891 144
416507035 5
414267424 3238008
417505432 197840
417703272 768
417704040 132
209273549 209273550
418547099 1536
418548635 113
418548748 12
418548760 3
209306930 209306939
418613869 6144
418620013 192
418620205 9
209360212 209877656
419237868 112368
419350236 1536
419351772 192
419351964 5
209965620 209965608
419931228 52223
419983451 383
211526232 210884594
422410826 484676
422895502 12288
422907790 1536
422909326 255
212846884 213144246
425991130 142816
426133946 12288
426146234 2304
426148538 160
426148698 12
426148710 3
213199434 213199428
426398862 206032
426604894 1280
426606174 243
426606417 6
426398862 360578
426759440 10240
426769680 1280
426770960 160
426771120 29
213199434 214030594
427230028 297362
427527390 1806
427529196 160
427529356 18
427230028 702438
427932466 183776
428116242 768
428117010 96
428117106 6
428117112 1
214245213 214245210
428490423 360578
428851001 40960
428891961 7183
428899144 320
428899464 48
428899512 9
214783490 214245213
429028703 250530
429279233 12288
429291521 144
429291665 12
429028703 657940
429686643 2049
429688692 3
429688695 1
214937470 214937471
429874941 1170730
431045671 57600
431103271 72
431103343 6
214937471 216481096
431418567 1759911
433178478 20480
433198958 2560
433201518 272
433201790 10
217354334 217354333
434708667 484676
435193343 7183
435200526 384
435200910 68
434708667 1823127
436531794 90111
436621905 2560
436624465 144
436624609 8
434708667 2965797
437674464 36864
437711328 3072
437714400 768
437715168 48
437715216 3
437715219 1
434708667 3706298
438414965 242338
438657303 6144
438663447 288
438663735 12
438663747 3
222547218 217354334
439901552 702438
440603990 10240
440614230 1806
440616036 192
440616228 34
439901552 1594524
441496076 28926
441525002 1280
441526282 80
441526362 3
439901552 1823127
441724679 71408
441796087 2560
441798647 96
441798743 11
439901552 1930841
441832393 28926
441861319 640
441861959 9
439901552 2408792
442310344 71408
442381752 2112
442383864 40
442383904 1
439901552 3234105
443135657 2560
443138217 384
443138601 96
443138697 8
439901552 3706298
443607850 297362
443905212 16896
443922108 384
443922492 113
443922605 12
443922617 1
439901552 4174590
444076142 594724
444670866 24576
444695442 1536
444696978 159
439901552 5465035
445366587 69631
445436218 1152
445437370 3
222547218 223205158
445752376 528
445752904 12
223828459 223471512
447299971 40960
447340931 3072
447344003 192
447344195 2
224034491 223828459
447862950 5120
447868070 768
447868838 192
447869030 5
224806507 224806508
449613015 456562
450069577 5120
450074697 768
450075465 48
450075513 3
225823549 224806508
450630057 999800
451629857 61952
451691809 1087
450630057 1531308
452161365 20480
452181845 1280
452183125 48
452183173 11
226525987 225823549
452349536 657940
453007476 12288
453019764 640
453020404 6
453020410 1
226947777 226947872
453895649 24576
453920225 544
453920769 3
227034907 227034899
454069806 360578
454430384 40960
454471344 4352
454475696 144
454475840 3
454471344 7183
454478527 640
454479167 29
454479196 2
228498520 228498521
456997041 423794
457420835 12288
457433123 2304
457435427 144
457435571 5
230893264 230364859
461258123 412061
461670184 6144
461676328 576
461676904 17
461258123 531508
461789631 2176
461791807 32
230893264 231394324
462287588 297362
462584950 28926
462613876 1806
462615682 160
462615842 23
231942221 231398500
463340721 423794
463764515 18432
463782947 1088
232352975 232352978
464705953 702438
465408391 142816
465551207 4352
465555559 113
465555672 12
233248321 232352978
465601299 594724
466196023 2304
466198327 40
466198367 1
233906261 233248321
467154582 360578
467515160 12288
467527448 1806
467529254 71
233910229 233910230
467820459 169711
467990170 4352
467994522 20
234873257 234873247
469746504 231632
469978136 768
469978904 144
469979048 12
469979060 1
469746504 999800
470746304 40960
470787264 4608
470791872 320
470792192 18
236442956 234873257
471316213 283298
471599511 576
471600087 34
471316213 1823127
473139340 40960
473180300 4608
473184908 34
236442956 236972688
473415644 56574
473472218 192
473472410 35
237095697 237313210
474408907 297362
474706269 12288
474718557 2080
474720637 24
237433598 237433526
474867124 1063016
475930140 58622
475988762 384
475989146 29
474867124 1170730
476037854 69631
476107485 136
476107621 2
474867124 1468092
476335216 34816
476370032 272
476370304 10
474867124 1531308
476398432 49664
476448096 17
474867124 1759911
476627035 36864
476663899 3072
476666971 384
476667355 96
476667451 6
237433598 239305467
476739065 360578
477099643 50176
477149819 68
477149887 2
476739065 1170730
477909795 130528
478040323 3072
478043395 32
239482728 239482723
478965451 594724
479560175 52223
479612398 320
479612718 48
479612766 3
478965451 1655406
480620857 6144
480627001 40
480627041 5
239482728 242303254
481785982 999800
482785782 28926
482814708 2304
482817012 243
482817255 10
481785982 1170730
482956712 169711
483126423 4608
483131031 29
481785982 1930841
483716823 110076
483826899 1536
483828435 144
483828579 5
481785982 2624804
484410786 40960
484451746 1088
484452834 48
484452882 11
242834762 242303254
485138016 197840
485335856 4224
485340080 47
485138016 360578
485498594 40960
485539554 288
485539842 8
485138016 476484
485614500 3072
485617572 768
485618340 96
485618436 12
485618448 2
243181276 243005692
486186968 71408
486258376 5120
486263496 768
486264264 192
486264456 36
486264492 2
243186647 243186639
486373286 531508
486904794 36864
486941658 2176
486943834 2
243990830 243186647
487177477 193744
487371221 640
487371861 10
487177477 250530
487428007 6144
487434151 768
487434919 160
487435079 6
487177477 657940
487835417 12288
487847705 1280
487848985 130
487177477 999800
488177277 34816
488212093 768
488212861 1
487177477 1170730
488348207 95984
488444191 768
488444959 192
488445151 24
488445175 2
487177477 1408972
488586449 2560
488589009 32
243990830 244693268
488684098 142816
488826914 8448
488835362 113
488835475 10
488684098 266914
488951012 768
488951780 96
488951876 12
488951888 1
488684098 702438
489386536 181999
489568535 1280
489569815 40
489569855 2
244893908 244893860
489787768 95984
489883752 768
489884520 144
489884664 12
245809882 244893908
490703790 12288
490716078 768
490716846 136
490716982 5
246562239 246512320
493074559 640
493075199 113
493075312 1
246591519 246591521
493183040 183776
493366816 288
493367104 12
493367116 2
246591521 247053123
493644644 297362
493942006 36864
493978870 2112
493980982 48
493981030 11
247086874 247086873
494173747 232684
494406431 191
494173747 702438
494876185 12288
494888473 1536
494890009 243
494890252 5
494876185 36864
494913049 3072
494916121 768
494916889 11
494173747 1170730
495344477 159200
495503677 6144
495509821 384
495510205 132
495510337 1
494173747 2164987
496338734 142816
496481550 6144
496487694 768
496488462 80
496488542 5
247086874 250136420
497223294 159200
497382494 8704
497391198 144
497223294 2498374
499721668 640
499722308 24
499722332 3
499722335 1
250180812 250180818
500361630 34816
500396446 1152
500397598 36
500397634 2
250258786 250258899
500517685 189566
500707251 40
500707291 6
251967589 250258899
502226488 1167173
503393661 2304
502226488 1170730
503397218 175584
503572802 2304
503575106 192
503575298 19
252242759 252242767
504485526 531508
505017034 34816
505051850 768
505052618 96
505052714 10
253339003 252242767
505581770 657940
506239710 10240
506249950 272
506250222 2
253686013 253636365
507322378 159200
507481578 8224
507489802 1
253686013 255516223
509202236 71408
509273644 5120
509278764 384
509279148 12
509279160 3
255992707 255516223
511508930 360578
511869508 6144
511875652 192
511875844 24
511875868 3
511875871 1
255997012 255997011
511994023 90111
512084134 384
512084518 113
512084631 12
512084643 3
512084646 1
511994023 531508
512525531 7951
512533482 160
512533642 5
511994023 702438
512696461 124656
512821117 768
512821885 40
258011056 255997012
514008068 423794
514431862 12288
514444150 3072
514447222 384
514447606 113
514447719 6
514447725 1
258831875 258432831
517264706 250530
517515236 10240
517525476 768
517526244 11
261547062 261547059
523094121 58110
523152231 243
523152474 5
261547062 261746873
523293935 10240
523304175 1280
523305455 48
523305503 9
261746873 261997403
523744276 20480
523764756 2112
523766868 48
523766916 12
523744276 169711
523913987 4352
523918339 113
523918452 12
523918464 3
262010644 262010643
524021287 95984
524117271 8448
524125719 80
524125799 9
262449311 262010644
524459955 236194
524696149 1280
524697429 96
524697525 1
262827557 264200056
527027613 969352
527996965 3072
528000037 113
528000150 9
527027613 1063016
528090629 6144
528096773 384
528097157 48
528097205 1
527027613 1823127
528850740 79600
528930340 5120
528935460 640
528936100 2
264200056 264902494
529102550 175584
529278134 1806
529279940 24
529279964 1
529102550 531508
529634058 59392
529693450 768
529694218 144
529694362 6
529694368 1
266447114 266447123
532894237 206032
533100269 7951
533108220 36
533108256 2
532894237 702438
533596675 71408
533668083 768
533668851 96
533668947 1
532894237 969352
533863589 10240
533873829 1806
533875635 130
532894237 1170730
534064967 112368
534177335 1056
534178391 12
534178403 3
532894237 2341455
535235692 40960
535276652 2304
535278956 192
535279148 24
535279172 1
266447123 269232676
535679799 2341455
538021254 8704
538029958 32
269481940 269232676
538714616 110076
538824692 1088
538825780 33
538714616 120560
538835176 320
538835496 24
269830603 269533241
539363844 277439
539641283 4608
539645891 192
539646083 48
269869302 269869304
539738606 282559
540021165 272
540021437 12
540021449 1
539738606 702438
540441044 185342
540626386 1280
271525681 269869304
541394985 476484
541871469 7183
541878652 113
541878765 11
541394985 1170730
542565715 28926
542594641 2560
542597201 384
542597585 113
542597698 12
541394985 1594524
542989509 18432
543007941 1536
543009477 243
543009720 10
272261844 272261849
544523693 134624
544658317 5120
544663437 113
544663550 12
544663562 3
272829429 272829426
545658855 110076
545768931 1806
545770737 40
545770777 2
545658855 423794
546082649 20480
546103129 160
546103289 6
273550216 273550283
547100499 360578
547461077 8448
547469525 96
547469621 3
547100499 702438
547802937 79600
547882537 384
547882921 113
547883034 8
547100499 1170730
548271229 53502
548324731 1152
548325883 80
547100499 2164987
549265486 24576
549290062 1806
549291868 192
549292060 29
549292089 1
547100499 2624804
549725303 36864
549762167 2560
549764727 192
549764919 35
547100499 3706298
550806797 79600
550886397 7183
550893580 640
550894220 113
550894333 11
273550283 277391361
550941644 79600
551021244 4224
551025468 5
550941644 702438
551644082 40960
551685042 3072
551688114 768
551688882 144
551689026 3
550941644 2732518
553674162 36864
553711026 1806
553712832 144
553712976 6
277977019 277977011
555954030 193744
556147774 1152
556148926 24
556148950 1
278360713 278365833
556726546 4608
556731154 272
556731426 11
279454749 279866810
559321559 124656
559446215 1536
559447751 136
559447887 3
280580246 281041832
561622078 222928
561845006 768
561845774 80
561845854 11
281045146 281045144
562090290 657940
562748230 18432
562766662 384
562767046 72
562767118 5
562090290 1170730
563261020 20480
563281500 2112
563283612 20
563283632 1
282435140 281045146
563480286 702438
564182724 12288
564195012 2304
564197316 6
283093080 282435140
565528220 297362
565825582 52223
565877805 640
565878445 113
565878558 3
565878561 1
283112564 283112565
566225129 297362
566522491 16640
566539131 3
566225129 1170730
567395859 142816
567538675 10240
567548915 384
567549299 24
567549323 3
567549326 1
566225129 1651869
567876998 1056
567878054 18
284934851 283112565
568047416 206032
568253448 8448
568261896 192
568262088 10
568047416 1170730
569218146 142816
569360962 1152
569362114 96
569362210 6
568047416 1823127
569870543 12288
569882831 1280
569884111 160
569884271 12
569884283 1
287225008 286054278
573279286 3072
573282358 544
573282902 3
287405827 287405825
574811652 10240
574821892 1536
574823428 255
287405827 288990459
576396286 702438
577098724 57342
577156066 192
577156258 17
289013351 289013353
578026704 360578
578387282 24576
578411858 3072
578414930 640
578415570 48
578415618 12
578415630 2
290094470 289628451
579722921 2341455
582064376 40960
582105336 6144
582111480 320
582111800 6
582111806 1
293176745 290094470
583271215 20480
583291695 3072
583294767 160
583294927 12
583294939 3
583294942 1
583271215 936588
584207803 12288
584220091 768
584220859 67
583271215 1531308
584802523 58622
584861145 640
584861785 113
584861898 10
583271215 1930841
585202056 18432
585220488 576
585221064 6
293276221 293800768
587076989 36864
587113853 384
587114237 96
587114333 3
587114336 1
293877935 294729384
588607319 594724
589202043 4608
589206651 192
589206843 47
588607319 657940
589265259 20480
589285739 3072
589288811 320
589289131 48
589289179 10
588607319 702438
589309757 130528
589440285 2560
589442845 384
589443229 11
294799015 294729384
589528399 40960
589569359 7183
589576542 384
589576926 24
589576950 2
297321443 296619005
593940448 120560
594061008 2304
594063312 160
594063472 12
594063484 2
593940448 175584
594116032 6144
594122176 72
594122248 1
593940448 197840
594138288 1536
594139824 68
594139892 1
297325271 297325268
594650539 159200
594809739 9216
594818955 12
594650539 360578
595011117 10240
595021357 1088
595022445 17
297325271 298748755
596074026 69631
596143657 1280
596144937 160
596145097 12
596145109 3
596074026 702438
596776464 142816
596919280 2304
596921584 72
596921656 2
298850787 298850799
597701586 999800
598701386 20480
598721866 144
598722010 12
298850799 299874987
598725786 999800
599725586 20480
599746066 640
599746706 48
599746754 6
599746760 1
300452094 300452093
600904187 79600
600983787 6144
600989931 640
600990571 19
600904187 197840
601102027 768
601102795 113
601102908 6
600904187 501060
601405247 9216
601414463 11
300452094 301237525
601689619 702438
602392057 95984
602488041 2056
602490097 6
301237525 301534887
602772412 283298
603055710 768
603056478 160
603056638 17
302822915 301568797
604391712 594724
604986436 8256
604994692 40
604994732 3
604391712 657940
605049652 136
605049788 1
605049652 12288
605061940 2112
605064052 23
604391712 702438
605094150 193744
605287894 1536
605289430 192
605289622 6
605289628 1
604391712 936588
605328300 4352
605332652 113
605332765 6
302916717 302916718
605833435 952968
606786403 7183
606793586 80
606793666 2
605833435 1170730
607004165 159200
607163365 768
607164133 160
607164293 29
607164322 1
605833435 1437644
607271079 5120
607276199 768
607276967 192
607277159 36
605833435 1531308
607364743 10240
607374983 768
607375751 144
607375895 12
607375907 1
605833435 2817943
608651378 18432
608669810 1280
608671090 2
305793057 302916718
608709775 1126232
609836007 768
609836775 192
609836967 24
609836991 1
608709775 1823127
610532902 61952
610594854 639
307421668 306160387
613582055 360578
613942633 40960
613983593 288
613983881 19
307690130 307690131
615380261 12288
615392549 3072
615395621 544
615396165 9
307990738 307990733
615981471 1531308
617512779 36864
617549643 3072
617552715 384
617553099 71
615981471 1594524
617575995 20480
617596475 1536
617598011 192
617598203 6
615981471 1759911
617741382 40960
617782342 3072
617785414 768
617786182 80
617786262 3
310126803 307990738
618117541 1729463
619847004 7183
619854187 47
310230402 310230403
620460805 40960
620501765 6144
620507909 320
620508229 24
620460805 501060
620961865 1806
620963671 192
620963863 12
310230403 311403538
621633941 531508
622165449 36864
622202313 1152
622203465 79
621633941 594724
622228665 33792
622262457 544
622263001 23
621633941 702438
622336379 90111
622426490 4608
622431098 160
622431258 17
311430909 311430910
622861819 2839366
625701185 79600
625780785 1152
625781937 113
311430910 314945513
626376423 2408792
628785215 16640
628801855 12
628801867 3
628801870 1
626376423 2965797
629342220 28926
629371146 1152
629372298 72
629372370 6
626376423 4174590
630551013 90111
630641124 3072
630644196 768
630644964 23
630551013 238242
630789255 1280
315898481 314945513
630843994 175584
631019578 5120
631024698 768
631025466 35
316827854 315904709
632732563 999800
633732363 17408
633749771 320
633750091 32
317998584 316827854
634826438 250530
635076968 4352
635081320 66
318168094 319246641
637414735 1170730
638585465 159200
638744665 9216
638753881 768
638754649 160
638754809 29
638754838 1
321443398 321443400
642886798 250530
643137328 5120
643142448 576
643143024 48
643143072 5
321962784 321443400
643406184 95984
643502168 640
643502808 72
322397688 322397689
644795377 95984
644891361 10240
644901601 576
644902177 24
644902201 3
644902204 1
323983766 324476408
648460174 360578
648820752 2176
648822928 12
324592942 324592943
649185885 1930841
651116726 142816
651259542 8704
651268246 263
324592943 328195769
652788712 134624
652923336 2560
652925896 8
652788712 702438
653491150 53502
653544652 1280
653545932 144
653546076 6
653546082 1
652788712 985735
653774447 288
653774735 3
652788712 1170730
653959442 71408
654030850 5120
654035970 768
654036738 113
654036851 10
652788712 3706298
656495010 28926
656523936 1536
656525472 192
656525664 40
656525704 3
328195769 328556347
656752116 291490
657043606 2304
657045910 80
657045990 9
656752116 297362
657049478 10240
657059718 1040
657060758 3
657060761 1
328683389 328683429
657366818 17408
657384226 48
657384274 12
657366818 2164987
659531805 134624
659666429 640
659667069 80
659667149 3
659667152 1
657366818 2732518
660099336 24576
660123912 1280
660125192 6
657366818 2936181
660302999 18432
660321431 1152
660322583 3
331902067 328683429
660585496 1063016
661648512 40960
661689472 1806
661691278 80
660585496 3082275
663667771 71408
663739179 1280
663740459 18
332095618 332095635
664191253 12288
664203541 1536
664205077 160
664205237 24
664205261 1
664191253 197840
664389093 5120
664394213 544
664394757 3
664394760 1
664191253 360578
664551831 17408
664569239 384
664569623 80
664569703 12
664569715 1
332095635 333660804
665756439 1170730
666927169 124656
667051825 768
667052593 96
667052689 12
667052701 3
333823106 333823107
667646213 1170730
668816943 95984
668912927 10240
668923167 1536
668924703 192
668924895 20
668924915 2
667646213 1437644
669083857 12288
669096145 2176
669098321 2
667646213 3472152
671118365 58622
671176987 320
671177307 48
671177355 10
667646213 4174590
671820803 266914
672087717 8704
672096421 288
672096709 24
672096733 1
333823107 338433240
672256347 1930841
674187188 142816
674330004 10240
674340244 1536
674341780 113
674341893 11
672256347 4174590
676430937 285631
676716568 2560
676719128 12
676719140 1
676430937 360578
676791515 4608
676796123 12
676796135 3
676796138 1
340109506 338945844
679055350 134624
679189974 5120
679195094 768
679195862 48
679195910 12
679195922 3
340230066 340109506
680339572 77823
680417395 160
680417555 12
680417567 3
340745739 340230346
680976085 266914
681242999 4608
681247607 320
681247927 48
680976085 1063016
682039101 40960
682080061 3072
682083133 639
341916469 341751163
683667632 142816
683810448 6144
683816592 768
683817360 160
683817520 20
341999971 341999969
683999940 594724
684594664 52223
684646887 640
684647527 80
684647607 8
683999940 702438
684702378 206032
684908410 12288
684920698 1806
684922504 136
684922640 2
683999940 1437644
685437584 6144
685443728 160
685443888 12
341999971 343783505
685783476 423794
686207270 768
686208038 48
686208086 5
685783476 1706893
687490369 1806
687492175 66
344439903 344264646
688704549 169711
688874260 4352
688878612 113
688878725 12
688878737 3
688878740 1
344599103 344439903
689039006 67312
689106318 576
689106894 39
344604218 344925283
689529501 702438
690231939 36864
690268803 2560
690271363 384
690271747 40
690271787 6
344925283 345401767
690327050 250530
690577580 3072
690580652 288
690580940 3
345512628 345512631
691025259 266914
691292173 6144
691298317 384
691298701 113
691298814 8
345968032 345512631
691480663 59392
691540055 1280
691541335 40
691541375 5
691480663 124608
691605271 32
346190960 346122962
692313922 59392
692373314 1280
692374594 48
692374642 2
346192007 346192006
692384013 702438
693086451 95984
693182435 10240
693192675 1536
693194211 24
693194235 1
692384013 999800
693383813 28926
693412739 1536
693414275 160
693414435 29
347560700 347560736
695121436 702438
695823874 10240
695834114 1536
695835650 192
695835842 40
695835882 3
695835885 1
695121436 969352
696090788 2560
696093348 384
696093732 80
696093812 5
695121436 1408972
696530408 12288
696542696 576
696543272 10
347560736 349318414
696879150 2164987
699044137 20480
699064617 320
699064937 48
699064985 10
699044137 71408
699115545 4352
699119897 144
350192409 350192412
700384821 159200
700544021 6144
700550165 160
700550325 3
700384821 169711
700554532 3072
700557604 272
700557876 10
700384821 238242
700623063 1536
700624599 243
700624842 9
700384821 266914
700651735 3072
700654807 271
350840422 350192412
701032834 702438
701735272 134624
701869896 2560
701872456 72
701872528 2
350840422 351264216
702104638 112368
702217006 7183
702224189 192
702224381 39
351278758 351278752
702557510 67312
702624822 527
353703182 351278758
704981940 423794
705405734 12288
705418022 2176
705420198 36
705420234 1
704981940 2126029
707107969 20480
707128449 640
707129089 80
707129169 11
355329907 355928399
711258306 285631
711543937 3072
711547009 113
711547122 12
711547134 1
356023722 356023724
712047446 53502
712100948 2560
712103508 243
712103751 6
356023724 356727186
712750910 60924
712811834 384
712812218 48
712812266 6
712750910 67312
712818222 1536
712819758 144
712819902 6
712750910 130528
712881438 768
712882206 48
712882254 11
712750910 654945
713405855 1152
713407007 80
713407087 8
357511641 357511650
715023291 297362
715320653 53502
715374155 384
715374539 48
715374587 12
715374599 1
715023291 412061
715435352 6144
715441496 640
715442136 1
357511650 358383678
715895328 71408
715966736 4608
715971344 384
715971728 8
715895328 702438
716597766 71408
716669174 320
716669494 29
716669523 1
715895328 1170730
717066058 53502
717119560 1536
717121096 96
717121192 3
717121195 1
358766500 358766501
717533001 1126232
718659233 34816
718694049 35
360396567 358766501
719163068 515681
719678749 576
719679325 48
719679373 12
719679385 2
719163068 1468092
720631160 28926
720660086 17
719163068 2164987
721328055 142816
721470871 12288
721483159 1280
721484439 160
721484599 11
362035590 360396567
722432157 159200
722591357 3072
722594429 768
722595197 192
722595389 23
362156478 362036290
724192768 71408
724264176 5120
724269296 768
724270064 12
724270076 1
363129085 362159470
725288555 123648
725412203 144
725412347 12
725412359 2
725288555 224733
725513288 384
725513672 131
725288555 423794
725712349 20480
725732829 576
725733405 48
725733453 12
725288555 702438
725990993 17408
726008401 768
726009169 40
726009209 5
363971874 363159782
727131656 360578
727492234 24576
727516810 3072
727519882 320
727520202 12
727520214 3
727520217 1
727131656 999800
728131456 12288
728143744 1536
728145280 264
728145544 5
727131656 2126029
729257685 2176
729259861 48
729259909 2
365695151 363971874
729667025 999800
730666825 24576
730691401 2176
730693577 10
366704392 365696661
732401053 142816
732543869 12288
732556157 48
732556205 10
732401053 702438
733103491 95984
733199475 3072
733202547 384
733202931 3
733103491 183776
733287267 257
366758429 367843284
734601713 197840
734799553 640
734800193 48
734800241 6
734800247 1
734601713 702438
735304151 130528
735434679 48
735434727 10
734601713 1170730
735772443 206032
735978475 1536
735980011 48
735980059 6
369758505 369226771
738985276 501060
739486336 384
739486720 113
739486833 12
739486845 2
738985276 999800
739985076 40960
740026036 1536
740027572 144
740027716 5
371537228 371993790
743531018 5120
743536138 768
743536906 68
743536974 1
743531018 53502
743584520 1536
743586056 144
743586200 8
743531018 206032
743737050 12288
743749338 1806
743751144 96
743751240 12
743751252 3
743751255 1
372233234 372233301
744466535 702438
745168973 142816
745311789 2176
745313965 12
745313977 2
374636489 372233301
746869790 360578
747230368 12288
747242656 1280
747243936 243
747244179 6
746869790 1594524
748464314 24576
748488890 1536
748490426 48
748490474 10
374840243 374840241
749680484 175584
749856068 319
375081193 374840243
749921436 250530
750171966 5120
750177086 192
750177278 12
749921436 484676
750406112 10240
750416352 1280
750417632 96
750417728 2
377128518 376318797
753447315 484676
753931991 9216
753941207 768
753941975 40
753942015 1
377145749 378105953
755251702 702438
755954140 112368
756066508 3072
756069580 192
756069772 40
756069812 5
755954140 159200
756113340 1280
756114620 159
378466531 378105953
756572484 297362
756869846 36864
756906710 1536
756908246 144
756908390 6
756908396 1
379687685 379391814
759079499 124656
759204155 768
759204923 6
759204929 1
379688115 380720883
760408998 181999
760590997 768
760591765 192
760591957 33
760408998 266914
760675912 3072
760678984 384
760679368 113
760679481 3
380943691 380943700
761887391 206032
762093423 12288
762105711 768
762106479 68
762106547 1
382686622 383044652
765731274 142816
765874090 8448
765882538 80
765882618 5
384295740 383333040
767628780 657505
768286285 320
768286605 48
768286653 3
768286656 1
384750233 384871373
769621606 423794
770045400 12288
770057688 3072
770060760 136
770060896 3
385347857 384871373
770219230 297362
770516592 48
770516640 8
386062864 386062862
772125726 702438
772828164 95984
772924148 3072
772927220 144
772927364 5
387353163 387352899
774706062 702438
775408500 34816
775443316 288
775443604 29
775443633 1
774706062 999800
775705862 31998
775737860 80
388915620 388915619
777831239 28926
777860165 1088
777861253 33
390264381 389332555
779596936 476484
780073420 3072
780076492 520
780077012 3
780077015 1
779596936 702438
780299374 36864
780336238 288
780336526 17
780299374 159200
780458574 1806
780460380 132
780460512 2
390281985 390281984
780563969 297362
780861331 40960
780902291 6144
780908435 768
780909203 136
780909339 3
780909342 1
780563969 1627293
782191262 4352
782195614 192
782195806 35
780563969 2164987
782728956 24576
782753532 2560
782756092 192
782756284 12
782756296 1
780563969 3082275
783646244 17408
783663652 384
783664036 40
783664076 5
783646244 95984
783742228 1152
783743380 20
780563969 4056870
784620839 95984
784716823 10240
784727063 768
780563969 5548914
786112883 159200
786272083 4608
786276691 384
786277075 80
786277155 3
780563969 6364844
786928813 250530
787179343 10240
787189583 544
787190127 10
786928813 297362
787226175 20480
787246655 3072
787249727 528
787250255 6
390281985 398098784
788380769 702438
789083207 159200
789242407 7183
789249590 160
789249750 12
789249762 2
788380769 2965797
791346566 18432
791364998 1536
791366534 192
791366726 23
788380769 4174590
792555359 531508
793086867 52991
793139858 47
788380769 6364844
794745613 702438
795448051 12288
795460339 1536
795461875 96
795461971 12
399003965 398409241
797413206 24576
797437782 768
797438550 192
797438742 12
797438754 3
797438757 1
797413206 594724
798007930 52223
798060153 192
798060345 24
798060369 1
399242927 399242935
798485862 206032
798691894 10240
798702134 1806
798703940 34
798485862 250530
798736392 3072
798739464 768
798740232 48
798740280 5
798485862 1594524
800080386 5120
800085506 640
800086146 113
800086259 9
399242935 401661254
800904189 36864
800941053 2304
800943357 192
800943549 40
800943589 1
800904189 702438
801606627 134624
801741251 384
801741635 3
800904189 969352
801873541 10240
801883781 528
801884309 11
401911784 401661254
803573038 20480
803593518 1152
803594670 48
803594718 12
803594730 3
402236983 401912985
804149968 24576
804174544 576
804175120 24
804175144 1
402468615 402236983
804705598 90111
804795709 1152
804796861 48
804796909 8
402469549 402469543
804939092 142816
805081908 5120
805087028 113
805087141 5
804939092 1170730
806109822 159200
806269022 2304
806271326 80
806271406 2
804939092 2732518
807671610 768
807672378 243
807672621 1
804939092 3238008
808177100 2080
808179180 12
808179192 1
402469549 405891569
808361118 702438
809063556 142816
809206372 3072
809209444 768
809210212 192
809210404 23
808361118 1930841
810291959 36864
810328823 768
810329591 257
808361118 2506564
810867682 6144
810873826 768
810874594 192
810874786 40
810874826 2
808361118 3472152
811833270 95984
811929254 10240
811939494 768
811940262 113
811940375 6
811833270 134624
811967894 29
811967923 2
407403894 407888570
815292464 206032
815498496 4352
815502848 160
815503008 23
815292464 297362
815589826 24576
815614402 3071
407901431 407901402
815802833 412061
816214894 2304
816217198 160
816217358 5
815802833 517444
816320277 5120
816325397 288
816325685 19
410507134 410507124
821014258 142816
821157074 7183
821164257 113
821164370 1
411387122 411387123
822774245 999800
823774045 40960
823815005 7183
823822188 384
823822572 95
412725110 411387123
824112233 594724
824706957 34816
824741773 1280
824743053 136
824743189 3
824743192 1
824112233 1170730
825282963 5120
825288083 384
825288467 12
825288479 3
825288482 1
413338314 412746974
826085288 60924
826146212 192
826146404 6
826146410 1
826085288 285631
826370919 2560
826373479 48
826373527 11
413421066 413421076
826842142 702438
827544580 112368
827656948 1088
827658036 40
827658076 6
414267424 413421076
827688500 142816
827831316 7183
827838499 640
827839139 24
827839163 2
827688500 594724
828283224 10240
828293464 48
828293512 12
828293524 1
827688500 1594524
829283024 28926
829311950 768
829312718 144
829312862 2
414267424 416090551
830357975 1759911
832117886 24576
832142462 1280
832143742 243
832143985 6
416188485 416188497
832376982 10240
832387222 1536
832388758 17
416432411 416188497
832620908 79600
832700508 9216
832709724 640
832710364 40
832710404 3
832620908 226512
832847420 3072
832850492 320
832850812 40
832850852 2
416507035 416507040
833014075 702438
833716513 53502
833770015 384
833770399 113
833770512 10
417505432 416507040
834012472 249264
834261736 68
417703272 417505432
835208704 190160
835398864 320
835399184 40
835399224 3
835399227 1
419351969 419351964
838703933 297362
839001295 17408
839018703 640
839019343 6
839019349 1
419983451 419983834
839967285 297362
840264647 10240
840274887 1280
840276167 160
840276327 19
839967285 412061
840379346 9216
840388562 192
840388754 12
840388766 2
839967285 1126232
841093517 36864
841130381 2560
841132941 384
841133325 36
841133361 1
839967285 2341455
842308740 33024
842341764 40
842341804 3
842341807 1
422410826 419983834
842394660 1531308
843925968 61952
843987920 384
843988304 68
843988372 1
842394660 2408792
844803452 49919
844853371 160
844853531 20
844853551 2
842394660 2817943
845212603 3072
845215675 640
845216315 11
422909326 422909581
845818907 423794
846242701 18432
846261133 1056
846262189 29
846262218 1
845818907 702438
846521345 31998
846553343 258
846553601 1
845818907 1468092
847286999 3072
847290071 40
847290111 3
845818907 1823127
847642034 20480
847662514 2560
847665074 288
847665362 23
845818907 2839366
848658273 28926
848687199 384
848687583 10
422909581 425991130
848900711 297362
849198073 36864
849234937 3072
849238009 384
849238393 48
849238441 9
848900711 702438
849603149 95984
849699133 520
849699653 2
848900711 1170730
850071441 95984
850167425 1806
850169231 160
850169391 3
850169394 1
425991130 426133946
852125076 40960
852166036 384
852166420 67
426148713 426398862
852547575 12288
852559863 3072
852562935 768
852563703 72
852563775 5
426604894 426398862
853003756 159200
853162956 6144
853169100 768
853169868 160
853170028 12
853170040 3
427230028 426771149
854001177 531508
854532685 3072
854535757 768
854536525 29
854536554 2
854001177 594724
854595901 40960
854636861 4352
854641213 160
854641373 12
854641385 2
427230028 427527390
854757418 57342
854814760 192
854814952 11
428116242 427932466
856048708 175584
856224292 5120
856229412 320
856229732 48
856229780 3
856229783 1
428490423 428851001
857341424 20480
857361904 2176
857364080 80
431103349 431418567
862521916 277439
862799355 1536
862800891 2
862521916 594724
863116640 768
863117408 160
863117568 1
433201800 433201790
866403590 1170730
867574320 71408
867645728 2560
867648288 96
867648384 11
433201800 434708667
867910467 702438
868612905 206032
868818937 5120
868824057 192
868824249 6
867910467 1170730
869081197 69631
869150828 768
869151596 144
869151740 12
869151752 2
435200910 435200978
870401888 230877
870632765 160
870632925 9
870401888 999800
871401688 53502
871455190 2560
871457750 68
871457818 2
870401888 1170730
871572618 53502
871626120 576
871626696 48
871626744 6
871626750 1
871572618 67312
871639930 1536
871641466 131
436531794 435200978
871732772 531508
872264280 53502
872317782 40
871732772 594724
872327496 28926
872356422 2560
872358982 384
872359366 40
436621905 436531794
873153699 18432
873172131 640
873172771 17
436624609 436624617
873249226 250530
873499756 12288
873512044 1806
873513850 160
873514010 24
437674464 436624617
874299081 24576
874323657 2560
874326217 320
874326537 47
437711328 437674464
875385792 7183
875392975 192
875393167 40
875393207 1
438663750 438663747
877327497 206032
877533529 12288
877545817 3072
877548889 384
877549273 6
877327497 531508
877859005 12288
877871293 3072
877874365 320
877874685 23
877327497 702438
878029935 175584
878205519 1536
878207055 8
440616228 440616262
881232490 452781
881685271 2112
881687383 24
881687407 3
440616262 441496076
882112338 702438
882814776 134624
882949400 6144
882955544 384
882955928 48
882955976 2
441496076 441525002
883021078 10240
883031318 1806
883033124 160
883033284 17
441861968 442310344
884172312 90111
884262423 576
884262999 24
884263023 2
442383905 442383904
884767809 90111
884857920 3072
884860992 384
884861376 6
884861382 1
442383905 443135657
885519562 484676
886004238 10240
886014478 1280
886015758 192
886015950 24
886015974 3
886015977 1
443138697 443138705
886277402 206032
886483434 6144
886489578 160
886489738 23
443138705 443607850
886746555 250530
886997085 12288
887009373 768
887010141 96
887010237 10
443905212 443607850
887513062 159200
887672262 3072
887675334 576
887675910 48
887675958 3
887675961 1
444670866 444076142
888747008 283298
889030306 1806
889032112 192
889032304 33
888747008 531508
889278516 53502
889332018 2304
889334322 20
889334342 1
444696978 444697137
889394115 40960
889435075 4224
889439299 113
889439412 1
445437373 445752376
891189749 130528
891320277 2560
891322837 272
891323109 9
891189749 197840
891387589 3072
891390661 48
891390709 1
445752916 445752904
891505820 130528
891636348 3072
891639420 384
891639804 113
891639917 3
891639920 1
891505820 242338
891748158 1536
891749694 96
891749790 12
891505820 297362
891803182 40960
891844142 1152
891845294 12
891845306 2
891505820 1170730
892676550 142816
892819366 10240
892829606 1536
892831142 48
892831190 12
892831202 3
447299971 445752916
893052887 36864
893089751 1280
893091031 48
893091079 10
893052887 297362
893350249 53502
893403751 768
893404519 192
893404711 3
447344197 447344195
894688392 468308
895156700 1536
895158236 72
895158308 1
447862950 447344197
895207147 360578
895567725 7183
895574908 319
895207147 472388
895679535 768
895680303 144
895680447 1
447869035 447869030
895738065 657940
896396005 16896
896412901 192
896413093 48
896413141 1
895738065 1170730
896908795 159200
897067995 640
897068635 48
897068683 12
897068695 1
896908795 175584
897084379 6144
897090523 96
897090619 1
895738065 1655406
897393471 12288
897405759 3072
897408831 768
897409599 48
897409647 1
447869035 449613015
897482050 1594524
899076574 24576
899101150 1152
899102302 20
899102322 1
450075516 450075513
900151029 277439
900428468 1088
900429556 40
900429596 3
900429599 1
900151029 468308
900619337 3072
900622409 640
900623049 47
450075516 450630057
900705573 594724
901300297 34816
901335113 528
901335641 12
901335653 1
451629857 450630057
902259914 159200
902419114 5120
902424234 192
902424426 12
902424438 3
451692896 452161365
903854261 423794
904278055 8320
904286375 48
904286423 12
904286435 3
452349536 453007476
905357012 142816
905499828 12288
905512116 1806
905513922 36
905357012 456562
905813574 7183
905820757 288
905821045 20
453020411 453020410
906040821 130528
906171349 3072
906174421 528
906174949 6
453895649 453020411
906916060 690708
907606768 1536
907608304 2
454479196 454479198
908958394 531508
909489902 20480
909510382 1280
909511662 160
909511822 9
908958394 1759911
910718305 12288
910730593 1806
910732399 160
910732559 24
910732583 3
910732586 1
454479198 456997041
911476239 1063016
912539255 40960
912580215 6144
912586359 768
912587127 192
912587319 40
912587359 3
912587362 1
456997041 457420835
914417876 297362
914715238 28926
914744164 768
914744932 48
914744980 12
457435571 457435576
914871147 456562
915327709 9216
915336925 192
915337117 48
915337165 1
914871147 1126232
915997379 9216
916006595 640
916007235 10
461258123 457435576
918693699 1655406
920349105 5120
920354225 768
920354993 2
918693699 1930841
920624540 124656
920749196 136
920749332 6
918693699 2164987
920858686 18432
920877118 320
920877438 12
920877450 2
462287588 461791839
924079427 702438
924781865 90111
924871976 24
462615842 462615865
925231707 65264
925296971 768
925297739 96
925297835 3
925297838 1
463782947 463784035
927566982 242338
927809320 6144
927815464 384
927815848 48
927815896 12
927815908 2
927566982 517444
928084426 192
928084618 35
464705953 463784035
928489988 702438
929192426 95984
929288410 8448
929296858 192
929297050 2
464705953 465408391
930114344 40960
930155304 136
930155440 3
930155443 1
930114344 206032
930320376 12288
930332664 768
930333432 96
930333528 1
465601299 465555684
931156983 206032
931363015 8448
931371463 113
931371576 11
931156983 468308
931625291 384
931625675 48
931625723 6
931625729 1
465601299 466196023
931797322 531508
932328830 36864
932365694 3072
932368766 384
932369150 48
932369198 3
932369201 1
467820459 467529325
935349784 112368
935462152 2304
935464456 144
935464600 5
467994542 467994522
935989064 134624
936123688 1806
936125494 12
936125506 1
935989064 1063016
937052080 53502
937105582 1088
937106670 9
469746504 467994542
937741046 1408972
939150018 3072
939153090 136
939153226 5
937741046 1729463
939470509 12288
939482797 1280
939484077 40
939484117 5
469746504 469978136
939724640 40960
939765600 2176
939767776 33
470792210 471316213
942108423 297362
942405785 33280
942439065 192
942439257 48
942439305 2
471600121 471600087
943200208 197840
943398048 5120
943403168 640
943403808 29
943200208 702438
943902646 206032
944108678 5120
944113798 576
944114374 40
944114414 3
944114417 1
471600121 473139340
944739461 702438
945441899 159200
945601099 2560
945603659 384
945604043 20
945604063 2
944739461 969352
945708813 2560
945711373 160
945711533 24
945711557 3
945711560 1
473184908 473184942
946369850 95984
946465834 2304
946468138 113
946468251 12
946468263 3
946468266 1
946369850 134624
946504474 6144
946510618 264
946510882 3
946510885 1
473415644 473184942
946600586 238242
946838828 1806
946840634 1
473472410 473472445
946944855 175584
947120439 48
947120487 1
474408907 473472445
947881352 515681
948397033 160
948397193 3
474720661 474867124
949587785 472388
950060173 3072
950063245 768
950064013 243
950064256 3
950064259 1
474867124 475930140
950797264 702438
951499702 61952
951561654 640
951562294 48
951562342 11
951499702 95231
951594933 192
951595125 11
477099643 476739065
953838708 291490
954130198 320
954130518 6
953838708 297362
954136070 40960
954177030 6144
954183174 48
954183222 9
477149889 477149887
954299776 193744
954493520 1152
954494672 24
954494696 3
477909795 477149889
955059684 112368
955172052 2560
955174612 96
955174708 12
955174720 3
478043395 478043427
956086822 79600
956166422 9216
956175638 543
956086822 297362
956384184 36864
956421048 132
956421180 2
478965451 478043427
957008878 594724
957603602 52223
957655825 320
957656145 48
957656193 1
957008878 1170730
958179608 181999
958361607 576
958362183 8
958179608 193744
958373352 3072
958376424 113
958376537 1
478965451 479560175
958525626 95984
958621610 640
958622250 96
958622346 12
958622358 1
479612766 479612769
959225535 456562
959682097 2560
959684657 192
959684849 20
959684869 2
959225535 702438
959927973 128480
960056453 320
960056773 48
960056821 3
480627046 481785982
962413028 297362
962710390 10240
962720630 160
962720790 1
962413028 702438
963115466 142816
963258282 8704
963266986 320
963267306 48
963267354 10
962413028 1759911
964172939 20480
964193419 2560
964195979 160
964196139 5
482785782 481785982
964571764 49535
964621299 29
482817255 482817265
965634520 69631
965704151 768
965704919 264
965705183 5
486943836 486943834
973887670 31998
973919668 18
487849115 488177277
976026392 297362
976323754 40960
976364714 6144
976370858 136
976370994 6
488212862 488348207
976561069 142816
976703885 6144
976710029 640
976710669 36
488951889 488951888
977903777 360578
978264355 34816
978299171 576
978299747 3
978299750 1
489884676 489884664
979769340 175584
979944924 3072
979947996 640
979948636 113
979948749 2
979769340 657940
980427280 24576
980451856 3072
980454928 192
980455120 20
980455140 2
490716982 490716987
981433969 531508
981965477 28926
981994403 131
981433969 702438
982136407 95984
982232391 192
982232583 20
982232603 1
490716987 493074559
983791546 1930841
985722387 112368
985834755 2560
985837315 320
985837635 10
983791546 2126029
985917575 28926
985946501 768
985947269 192
985947461 40
985947501 6
493981030 493981041
987962071 8320
987970391 71
495510338 496338734
991849072 206032
992055104 2176
992057280 113
992057393 2
991849072 484676
992333748 3072
992336820 768
992337588 144
992337732 12
496488547 496488542
992977089 360578
993337667 20480
993358147 1056
993359203 20
992977089 476484
993453573 3072
993456645 768
993457413 192
993457605 36
993457641 1
497223294 496488547
993711841 50176
993762017 272
993762289 1
497391198 497391342
994782540 702438
995484978 79600
995564578 10240
995574818 131
994782540 1823127
996605667 10240
996615907 320
996616227 48
996616275 12
499721668 497391342
997113010 1759911
998872921 31998
998904919 48
998904967 12
998904979 1
499722336 499722335
999444671 285631
999730302 2304
999732606 113
999732719 12
999732731 2
