152
1 1
2 1
3 3
6 3
9 1
10 10
9 10
19 3
22 2
24 24
48 48
96 96
192 192
384 384
768 768
1536 1536
3072 3072
6144 6144
12288 12288
24576 24576
49152 49152
98304 98304
196608 196608
393216 393216
786432 786432
1572864 1572864
3145728 3145728
6291456 3145728
9437184 1572864
11010048 786432
11796480 393216
12189696 196608
12386304 49152
12435456 24576
12460032 6144
12466176 3072
12469248 192
12469440 10
12469450 3
11010048 9437184
20447232 196608
20643840 98304
20742144 49152
20791296 24576
20815872 768
20816640 384
20817024 192
20817216 96
20817312 48
20817360 24
20817384 10
20817394 3
20817397 1
20817398 20817398
41634796 41634796
83269592 41634796
124904388 20817398
145721786 1572864
147294650 393216
147687866 98304
147786170 12288
147798458 6144
147804602 1536
147806138 768
147806906 384
147807290 192
147807482 48
147807530 24
147807554 10
147807564 6
147807570 2
124904388 41634796
166539184 6291456
172830640 1572864
174403504 786432
175189936 393216
175583152 98304
175681456 768
175682224 384
175682608 192
175682800 96
175682896 22
175682918 1
175682919 175682919
351365838 175682919
527048757 12469453
539518210 1572864
541091074 196608
541287682 98304
541385986 49152
541435138 12288
541447426 3072
541450498 768
541451266 96
541451362 24
541451386 9
527048757 41634796
568683553 9437184
578120737 393216
578513953 49152
578563105 12288
578575393 6144
578581537 3072
578584609 96
578584705 48
578584753 24
578584777 10
578584787 6
527048757 83269592
610318349 3145728
613464077 1572864
615036941 786432
615823373 393216
616216589 24576
616241165 12288
616253453 3072
616256525 384
616256909 192
616257101 48
616257149 19
616257168 2
610318349 20817398
631135747 12469453
643605200 1572864
645178064 393216
645571280 196608
645767888 12288
645780176 6144
645786320 1536
645787856 48
645787904 6
527048757 175682919
702731676 6291456
709023132 1572864
710595996 393216
710989212 98304
711087516 24576
711112092 12288
711124380 3072
711127452 768
711128220 384
711128604 96
711128700 48
711128748 10
702731676 83269592
786001268 12386304
798387572 12288
798399860 3072
798402932 768
798403700 48
798403748 24
798403772 19
