4007
1 1
2 1
3 2
5 1
5 2
5 3
8 1
5 6
11 1
7 6
8 7
15 1
11 9
20 1
11 12
23 1
13 12
25 2
13 15
15 16
31 2
31 3
21 23
44 1
24 23
47 1
24 25
49 2
27 25
28 27
55 2
55 3
34 33
67 2
67 3
47 45
92 1
47 48
95 1
49 48
97 2
49 51
51 52
103 3
58 57
115 3
69 70
139 2
139 3
96 95
191 1
96 97
193 2
99 97
100 99
199 3
106 103
209 5
118 115
233 5
141 142
283 3
191 192
199 202
401 5
383 286
669 97
766 1
767 767
1534 1
767 766
1533 106
1639 6
1533 214
1747 9
1533 286
1819 49
1533 406
1939 34
1973 8
1939 142
2081 13
2094 1
1533 669
2202 8
1533 767
2300 25
2325 1
2300 142
2442 1
2300 238
2538 23
2300 286
2586 93
2679 1
2300 406
2706 24
2706 93
2799 1
2706 214
2920 1
2300 669
2969 70
3039 3
3042 1
1533 1535
3068 97
3165 1
1639 1645
3284 6
1747 1645
3392 23
1747 1756
3503 34
3537 3
3540 1
1819 1756
3575 93
1819 1868
3687 106
3793 3
1973 1939
3912 13
1973 1981
3954 100
4054 1
2094 2081
4175 11
2202 2095
4297 21
2202 2210
4412 34
4446 5
2210 2300
4510 70
4580 5
2326 2325
4651 69
2326 2442
4768 70
4838 16
4854 2
2443 2538
4981 12
2561 2538
5099 31
5130 1
2586 2679
5265 5
2680 2706
5386 24
2730 2799
5529 21
5550 1
2799 2800
5599 93
5692 1
2800 2920
5720 115
5835 1
2969 2921
5890 70
5960 20
3043 3068
6111 13
6124 1
3068 3165
6233 34
6267 3
6270 1
3166 3165
6331 70
6401 16
6417 1
3166 3284
6450 115
6565 1
3392 3290
6682 33
3392 3415
6807 58
3503 3415
6918 97
7015 1
6918 118
7036 2
3541 3575
7116 52
3668 3575
7243 70
7313 8
3687 3668
7355 118
7473 2
3793 3796
7589 34
7623 7
3796 3912
7708 70
7778 8
3954 3925
7879 58
7937 6
4054 3954
8008 93
4175 4055
8230 28
8258 2
4186 4175
8361 58
8419 1
4297 4186
8483 97
8580 1
4318 4412
8730 13
4446 4451
8897 9
4510 4451
8961 106
9067 3
4580 4585
9165 70
4651 4720
9371 28
9399 2
4720 4768
9488 70
9558 3
9561 1
9558 9
9567 1
9558 11
4854 4856
9710 25
9735 1
4856 4981
9837 67
9904 1
4981 4993
9974 100
10074 1
5130 5099
10229 16
10245 1
5131 5265
10396 21
10417 1
5265 5270
10535 55
10590 1
5270 5386
10656 106
10762 3
5529 5410
10939 1
5551 5550
11101 15
5692 5599
11291 2
5720 5693
11413 58
5720 5835
11555 95
5836 5890
11726 103
11829 1
5980 5960
11940 70
12010 1
6111 5980
12091 100
12191 2
6233 6125
12358 16
12374 2
6271 6270
12541 16
12557 3
6331 6401
12732 13
6450 6418
12868 58
12926 5
6565 6450
13015 103
6682 6566
13248 58
6682 6715
13397 97
13494 1
6865 6807
13672 13
6865 6918
13783 93
7036 7016
14052 16
14052 21
7038 7116
14154 106
14260 1
7243 7168
14411 44
7321 7313
14634 16
7473 7355
14828 16
14844 2
7475 7473
14948 95
7623 7589
15212 28
15240 1
7630 7708
15338 100
15438 2
7786 7778
15564 70
15634 6
7879 7937
15816 25
7943 8008
15951 92
8101 8008
16109 118
16227 16
16243 3
8101 8230
16331 118
16449 1
8260 8361
16621 34
8419 8420
16839 21
16860 1
8580 8483
17063 5
8580 8581
17161 115
8730 8743
17473 12
8897 8743
17640 55
8961 8906
17867 34
17901 5
9067 8961
18028 70
18098 20
9070 9165
18235 96
9235 9165
18400 142
18542 3
9371 9235
18606 142
18748 12
9488 9401
18889 70
18959 16
18975 1
9567 9562
19129 1
9567 9568
19135 1
9569 9568
19137 55
19192 1
9710 9569
19279 118
19397 13
19410 1
9736 9837
19573 57
9904 9905
19809 34
19843 7
10074 9974
20048 23
10074 10075
20149 142
20291 2
10245 10246
20491 25
10396 10246
20642 97
20739 1
10535 10418
20953 12
20953 106
21059 1
10591 10590
21181 9
21190 1
10656 10762
10762 10765
21527 118
21645 1
10765 10939
21704 142
21846 28
21874 1
10940 11101
22041 58
22099 6
11101 11116
22217 118
22335 1
11116 11291
22407 142
22549 16
22565 3
11293 11413
22706 95
11471 11555
23026 9
11650 11555
23205 58
23263 7
11726 11650
23376 118
23494 12
11829 11830
23659 70
23729 13
23742 1
11940 12010
23950 31
12011 12091
24102 118
12191 12193
24384 70
24454 6
12193 12358
24551 142
24693 8
12376 12541
24917 25
24942 1
12560 12557
25117 69
12560 12732
25292 118
25410 20
12868 12745
25613 58
25671 3
25674 1
12931 12926
25857 58
25915 6
13015 13118
26133 34
26167 1
13118 13248
26366 49
26415 1
13248 13306
26554 106
26660 5
13494 13397
26891 24
13494 13495
26989 142
27131 34
27165 1
13672 13685
27357 58
27415 3
13876 13783
27659 12
27659 238
27897 28
14068 14073
28141 34
28175 5
14260 14154
28414 21
28435 1
14261 14411
28672 21
14455 14411
28866 70
28936 15
14634 14455
29089 118
29207 3
14650 14634
29284 142
29426 44
14846 14844
29690 34
29724 7
14948 15043
29991 2
15212 15043
30255 1
15241 15240
30481 34
30515 5
15338 15438
30776 9
15440 15564
31004 47
15634 15640
31274 44
15816 15640
31456 118
31574 12
15841 15951
31792 58
31850 5
15951 16043
31994 118
32112 13
16227 16109
32336 58
32394 2
16331 16246
32577 70
32647 21
16449 16450
32899 34
32933 8
16450 16621
33071 142
33213 2
16621 16655
33276 214
16861 16860
33721 45
16861 17063
33924 118
34042 1
17161 17068
34229 92
17161 17276
34437 142
34579 21
17276 17473
34749 118
34867 13
17640 17485
35125 34
35159 2
17695 17640
35335 106
35441 2
17867 17695
35562 142
35704 21
35725 1
35704 27
18028 17906
35934 70
36004 6
18098 18118
36216 70
36286 9
18331 18235
36566 15
18331 18400
36731 118
36849 16
36865 3
18606 18545
37151 5
18606 18748
37354 70
37424 21
18889 18760
37649 70
37719 16
18976 18975
37951 70
38021 5
19137 19136
38273 45
19193 19279
38472 139
19411 19410
38821 70
38891 13
38904 1
19411 19573
38984 214
39198 2
19809 19630
39439 57
19850 19843
39693 100
19850 20048
39898 193
20071 20149
40220 142
40362 28
20293 20291
40584 106
20293 20491
40784 3
40787 1
40784 9
40793 1
40784 202
40986 5
20642 20516
41158 118
41276 16
41292 1
20740 20739
41479 115
41594 2
20953 20740
41693 202
41895 5
21060 21059
42119 70
42189 16
21191 21190
42381 118
42499 12
21418 21191
42609 209
21418 21527
42945 142
43087 34
43121 5
21704 21646
43350 70
43420 15
21846 21874
43720 25
21875 22041
43916 139
44055 1
22105 22217
44322 45
44367 1
22336 22335
44671 9
44680 1
22407 22549
44956 34
44990 5
22568 22706
45274 34
45308 2
22706 22801
45507 118
45625 1
22801 23026
45827 115
45942 1
23205 23035
46240 21
23270 23263
46533 47
23494 23376
46870 28
46898 2
23506 23659
47165 55
47220 1
23742 23743
47485 58
23950 23743
47693 142
47835 31
23981 24102
48083 106
48189 1
24102 24220
48322 193
24384 24454
48838 3
24460 24551
49011 142
49153 15
24701 24693
49394 100
49494 2
24917 24701
49618 202
49820 5
25117 24943
50060 95
25117 25186
50303 34
50337 9
25186 25292
50478 8
25410 25292
50702 115
50817 1
25430 25613
51043 106
51149 2
25674 25675
51349 118
51467 16
51483 2
25857 25915
51772 48
25921 26133
52054 100
52154 2
26168 26167
52335 142
52477 16
26416 26415
26554 26416
52970 199
53169 1
26660 26665
53325 142
53467 34
53501 9
26891 26915
53806 45
26989 27131
54120 70
54190 3
27166 27357
54523 13
27415 27418
54833 47
27659 27418
55077 142
55219 6
27671 27897
55568 3
27925 27897
55822 96
27925 28141
56066 199
56265 1
28180 28414
56594 21
28435 28436
56871 93
56964 1
28436 28672
57108 202
57310 6
28866 28693
57559 106
57665 3
28936 28951
57887 118
58005 16
29207 29089
58296 70
58366 9
29426 29284
58710 20
29426 29470
58896 142
59038 48
29724 29690
59414 28
59442 1
29731 29991
59722 70
59792 9
29991 29993
59984 142
60126 34
30256 30255
60511 9
30256 30481
60737 142
60879 2
30520 30515
61035 202
61237 6
30776 30785
61561 45
31004 30785
61789 142
61931 34
61965 5
31274 31051
62325 9
62334 1
31318 31274
62592 106
62698 3
31456 31574
63030 34
63064 3
63067 1
31586 31792
63378 58
31850 31855
63705 100
31994 32112
64106 69
32125 32336
64461 70
64531 15
32396 32394
64790 118
64908 9
64917 1
32647 32577
65224 67
32899 32668
65567 97
65664 1
33071 32941
66012 28
33071 33213
66284 118
66402 13
66415 1
33490 33276
66766 27
66766 401
67167 3
67170 1
33721 33766
67487 58
67545 5
33766 33924
67690 238
67928 2
34043 34229
68272 34
68306 5
34229 34321
68550 142
68692 1
34579 34437
69016 58
69074 2
34600 34749
69349 106
69455 5
69349 118
69467 15
34880 34867
69747 97
69844 1
35125 34880
70005 214
70219 12
35335 35161
70496 118
70614 3
70617 1
35443 35562
71005 1
35704 35562
71266 118
71384 11
35731 35934
71665 118
71783 2
35934 36004
71938 34
71972 3
71975 1
36010 36004
72014 5
72014 15
72014 27
72014 142
72156 20
36286 36216
72502 58
72560 8
36295 36566
72861 100
36581 36731
73312 34
73346 9
36865 36868
73733 16
73749 1
36868 37151
74019 118
74137 9
37354 37156
74510 33
37445 37424
74869 70
74939 2
37649 37445
75094 238
75332 8
37951 37735
75686 52
75738 2
38021 38026
76047 93
76140 1
38026 38273
76299 238
76537 6
38472 38318
76790 142
76932 13
76945 1
38472 38611
77083 238
77321 28
77349 1
38821 38891
77712 34
77746 9
38905 38984
77889 238
78127 34
39200 39198
78398 142
78540 28
39439 39496
78935 34
78969 7
39496 39693
79189 196
39793 39898
79691 103
79794 1
39898 40091
79989 214
80203 3
40362 40220
80582 34
80616 2
40390 40584
80974 57
40690 40584
81274 142
81416 28
81444 1
40690 40784
81474 58
81532 8
40794 40986
81780 70
81850 9
81859 1
40991 41158
82149 118
82267 9
41292 41293
82585 106
82691 2
41594 41479
83073 34
83107 3
83110 1
41693 41596
83289 238
83527 3
41895 41900
83795 142
83937 13
42189 42119
84308 58
84366 5
42205 42381
84586 202
84788 5
42511 42609
85120 96
42818 42609
85427 209
85636 3
85639 1
43087 42945
86032 33
43126 43350
86476 15
43420 43435
86855 58
86913 5
43435 43720
87155 191
43745 43916
87661 106
87767 8
44056 44055
88111 93
88204 1
44322 44056
88378 238
88616 20
44671 44368
89039 28
89067 1
44680 44681
89361 139
89500 1
44681 44956
89637 286
89923 12
44995 45274
90269 100
90369 1
45310 45308
90618 142
90760 45
90805 1
45310 45507
90817 142
90959 34
90993 3
90996 1
45507 45625
91132 106
91238 5
45827 45626
91453 214
91667 13
91680 1
45943 45942
91885 233
92118 2
46240 46261
92501 58
92559 1
46261 46533
92794 202
92996 5
46533 46580
93113 286
93399 44
46898 46900
93798 70
93868 16
93884 2
47165 46900
94065 238
94303 27
47485 47221
94706 69
47485 47543
95028 193
47693 47835
95528 139
95667 1
48083 47866
95949 142
96091 25
48322 48190
96512 52
96564 1
48515 48322
96837 142
96979 34
97013 2
48515 48838
97353 106
97459 7
49011 48841
97852 58
97910 8
97852 238
98090 16
98106 3
49168 49153
98321 49
98370 1
49394 49168
98562 238
98800 25
49618 49496
99114 142
99256 24
49820 49825
99645 70
99715 21
49825 50060
99885 286
100171 21
100192 1
50337 50303
100640 11
50337 50346
100683 15
50478 50486
100964 142
101106 3
101109 1
50702 50817
101519 51
50818 51043
101861 142
102003 28
51151 51149
102300 193
51467 51483
102950 6
51485 51772
103257 142
103399 21
52054 51820
103874 11
52156 52154
104310 34
104344 7
52335 52477
104812 6
52493 52477
104970 286
105256 28
105284 2
52493 52831
105324 406
105730 25
53169 52970
106139 70
106209 16
53170 53325
106495 199
106694 2
53501 53510
107011 142
107153 15
53510 53806
107316 286
107602 34
107636 5
53851 54120
107971 142
108113 2
54193 54190
108383 202
108585 5
54523 54536
109059 7
54833 54536
109369 142
109511 31
109542 1
55077 54880
109957 58
110015 6
109957 238
110195 16
110211 1
55225 55219
110444 55
110499 1
55568 55225
110793 142
110935 45
55571 55822
111393 67
111460 1
55822 55918
111740 202
111942 1
56265 56066
112331 95
56265 56266
112531 70
112601 16
112531 238
112769 34
112803 7
56594 56266
112860 49
112909 1
56615 56594
113209 142
113351 44
56871 56964
113835 45
113880 1
57108 56965
114073 286
114359 9
57310 57316
114626 214
114840 16
57665 57668
115333 12
57887 57668
115555 238
115793 34
115827 8
58021 58296
116317 9
58366 58375
116741 70
116811 7
58375 58710
117085 214
117299 12
58896 58730
117626 142
117768 34
117802 3
59086 59038
118124 142
118266 34
59414 59086
118500 286
118786 9
118795 1
59443 59722
119165 118
119283 9
119292 1
59984 59801
119785 6
60160 60126
120286 3
120289 1
60511 60160
120671 118
120789 1
60520 60737
121257 34
60879 60881
121760 33
61035 61237
122272 24
122272 70
122342 1
61243 61237
122480 286
122766 34
61561 61606
123167 118
123285 20
61931 61789
123720 70
123790 21
62325 61970
124295 23
124295 45
124340 1
62335 62334
124669 142
124811 15
62592 62698
125290 45
62701 63030
125731 106
125837 8
63067 63068
126135 214
126349 7
63436 63378
126814 52
126866 2
63705 63436
127141 238
127379 2
63805 63705
127510 383
127893 2
64106 64175
128281 118
128399 11
64175 64461
128636 286
128922 3
128925 1
64790 64546
129336 106
129442 1
64918 64917
129835 118
129953 8
65224 64918
130142 286
130428 52
65291 65567
130858 142
65664 65665
131329 192
66012 65665
131677 286
131963 70
132033 9
132042 1
66040 66284
132324 238
132562 3
132565 1
66416 66415
132831 238
133069 21
66766 66793
133559 55
133614 1
66793 67167
133960 142
134102 34
134136 5
67487 67171
134658 9
134667 1
67545 67550
135095 100
135195 1
67928 67690
135618 106
135724 1
67930 68272
136202 52
136254 1
68311 68306
136617 142
136759 27
68550 68692
137242 70
137312 6
69016 68693
137709 142
69076 69074
138150 233
138383 2
69460 69455
138915 5
69460 69467
138927 16
69482 69747
139229 214
139443 13
69845 70005
139850 142
139992 1
70231 70219
140450 70
140520 11
70496 70231
140727 286
141013 57
70618 70617
141235 214
141449 3
141452 1
141235 286
141521 70
141591 16
141607 3
71006 71005
142011 139
142150 1
71266 71384
142650 34
142684 9
71665 71395
143060 142
143202 34
71938 71785
143723 57
71975 71976
143951 20
72156 72041
144197 118
144315 9
144324 1
72502 72176
144678 193
72568 72560
145128 286
145414 3
145417 1
72961 72861
145822 142
145964 2
73312 72961
146273 238
146511 3
146514 1
73355 73346
146701 286
146987 70
147057 8
73749 73750
147499 115
147614 2
74137 74019
148156 12
74510 74146
148656 58
148714 7
74543 74510
149053 214
149267 8
74869 74939
149808 21
149829 1
75094 74941
150035 286
150321 58
150379 7
75340 75332
150672 238
150910 33
75740 75738
151478 23
75740 76047
151787 238
152025 34
152059 1
76299 76141
152440 142
152582 34
152616 3
152619 1
76537 76543
153080 100
153180 1
76543 76790
153333 214
153547 16
153563 1
76932 76790
153722 21
76946 77083
154029 238
154267 34
154301 5
77350 77349
154699 142
154841 28
154869 1
77350 77712
155062 286
155348 70
155418 16
155434 1
77755 77889
155644 286
155930 70
156000 1
78398 78161
156559 9
78568 78540
157108 28
78568 78935
157503 202
79189 78976
158165 106
158271 3
158274 1
79189 79385
158574 238
158812 34
79385 79691
159076 286
159362 55
159417 1
79989 79795
159784 202
159986 5
80203 80206
160409 142
160551 13
160564 1
80582 80206
160788 286
161074 58
161132 8
80618 80974
161592 118
161710 6
80974 81031
162005 286
162291 2
81416 81444
162860 11
81780 81540
163320 118
163438 12
81860 82149
164009 21
82267 82276
164543 67
164610 1
82276 82585
164861 233
165094 1
164861 286
165147 45
165192 1
83073 82693
165766 9
165775 1
83111 83110
166221 139
83527 83289
166816 118
166934 11
83530 83795
167325 202
167527 3
167530 1
83937 83950
167887 214
168101 16
168117 1
84308 84366
168674 31
168705 1
84586 84371
168957 286
169243 52
84788 84793
169581 286
169867 16
169883 2
85120 84793
169913 142
170055 21
85216 85120
170336 139
170475 1
85427 85636
171063 5
85639 85640
171279 286
171565 96
86065 86032
172097 142
172239 16
86476 86065
172541 142
172683 28
172541 286
172827 23
86491 86855
173346 100
86913 86918
173831 209
174040 3
87346 87155
174501 139
174640 1
87661 87346
175007 233
92501 92120
184621 142
184763 34
184763 45
97015 97013
194028 286
194314 51
98090 98106
196196 9
105324 105286
210610 286
210896 70
107641 107971
215612 406
216018 5
112617 112769
225386 9
122342 122343
244685 15
136617 136255
272872 286
143723 143780
287503 142
287645 21
148714 148721
297435 100
297535 1
156568 157108
313676 406
314082 70
314152 8
159417 159418
318835 142
318977 34
319011 9
172255 172541
344796 286
345082 34
345116 9
175007 175240
350247 7243
357490 6
175240 184621
359861 142
360003 45
196205 196196
392401 8230
400631 3
400634 1
196205 210610
406815 13118
419933 7
210966 210896
421862 401
422263 2
421862 406
422268 214
422482 16
216018 216023
432041 9235
441276 9
441285 1
225386 225395
450781 12091
462872 34
225395 244685
470080 2680
472760 16
244685 244700
489385 4856
494241 16
494257 3
489385 14261
503646 15
489385 26133
515518 9
515527 1
244700 272872
517572 2730
520302 58
520360 5
517572 5551
523123 21
517572 8101
525673 47
525720 525720
1051440 525720
1577160 175240
1577160 525720
2102880 71976
2174856 33
2102880 1752400
3855280 319020
4174300 238
3855280 2174889
6030169 143971
6174140 47
4174300 3855280
8029580 144197
8173777 58
8173835 1
4174300 4174538
8348838 1752400
10101238 72176
10173414 70
10173484 1
4174538 6030169
10204707 1752400
11957107 216023
12173130 3
12173133 1
6174187 6174140
12348327 1752400
14100727 72041
14172768 15
6174187 8029580
14203767 1752400
15956167 216023
16172190 238
16172428 3
16172431 1
8173836 8348838
16522674 1577160
18099834 72176
18172010 70
18172080 1
8348838 10101238
18450076 1577160
20027236 144325
20171561 142
20171703 27
10204707 11957107
22161814 9562
22171376 3
11957107 12173130
24130237 40788
24171025 3
12173134 12348327
24521461 1577160
26098621 72041
26170662 15
14100727 12348327
26449054 1577160
28026214 143971
28170185 141
15956167 14203767
30159934 9974
30169908 67
16172190 15956167
32128357 41158
32169515 106
32169621 3
16522674 16172432
32695106 1051440
33746546 422498
34169044 214
34169258 15
18099834 16522674
34622508 1051440
35673948 494260
36168208 669
36168877 45
18172081 18450076
36622157 1051440
37673597 494260
38167857 669
38168526 45
18450076 20027236
38477312 1577160
40054472 113395
40167867 286
40168153 67
20171703 20171730
40343433 1752400
42095833 72029
42167862 7
22161814 20171730
42333544 1752400
44085944 81540
44167484 34
22171379 22171376
44342755 1752400
46095155 71976
46167131 34
46167165 2
24130237 22171379
46301616 1752400
48054016 112769
48166785 31
24171028 24521461
48692489 1051440
49743929 422498
50166427 34
50166461 3
50166464 1
26098621 24521461
50620082 1051440
51671522 494260
52165782 286
52166068 45
52166113 1
26170677 26449054
52619731 1051440
53671171 494260
54165431 286
54165717 45
54165762 1
28026214 26449054
54475268 1577160
56052428 112910
56165338 70
56165408 3
56165411 1
28170326 28170185
56340511 1752400
58092911 72041
58164952 106
58165058 3
30159934 28170326
58330260 1752400
60082660 81860
60164520 142
60164662 48
30169908 30169975
60339883 1752400
62092283 72041
62164324 34
62164358 1
30169975 32128357
62298332 1752400
64050732 113209
64163941 67
32169624 32695106
64864730 1051440
65916170 244700
66160870 2730
66163600 57
34169044 33746546
67915590 244700
68160290 2969
68163259 47
34169273 34622508
68791781 1051440
69843221 319020
70162241 669
70162910 45
36168208 35673948
71842156 319020
72161176 767
72161943 406
72162349 238
72162587 16
72162603 1
36622157 36168922
72791079 1051440
73842519 319020
74161539 669
74162208 45
37673597 38167857
75841454 319020
76160474 767
76161241 406
76161647 238
76161885 16
76161901 1
38168571 38477312
76645883 1051440
77697323 462906
78160229 767
78160996 406
78161402 142
78161544 7
38477312 40054472
78531784 1577160
80108944 52156
80161100 100
40168220 40343433
80511653 1577160
82088813 72029
82160842 7
42095833 40343433
82439266 1577160
84016426 143971
84160397 100
84160497 1
42333544 42167869
84501413 1577160
86078573 81540
86160113 34
42333544 44085944
86419488 1577160
87996648 162871
88159519 238
88159757 34
88159791 5
44342755 44167518
88510273 1577160
90087433 71976
90159409 34
90159443 2
46095155 44342755
90437910 1577160
92015070 143971
92159041 52
92159093 1
46167167 46301616
92468783 1577160
94045943 112769
94158712 31
48054016 46301616
94355632 1752400
96108032 50346
96158378 13
96158391 1
48692489 48166816
96859305 1051440
97910745 244700
98155445 2586
98158031 9
98158040 1
50166427 49743929
99910356 244700
100155056 2586
100157642 48
50620082 50166465
100786547 1051440
101837987 319020
102157007 286
102157293 45
102157338 1
52165782 51671522
103837304 319020
104156324 406
104156730 238
104156968 20
52166114 52619731
104785845 1051440
105837285 319020
106156305 286
106156591 45
106156636 1
53671171 54165431
107836602 319020
108155622 406
108156028 238
108156266 20
54475268 54165763
108641031 1051440
109692471 462906
110155377 406
110155783 142
110155925 9
110155934 1
56052428 54475268
110527696 1577160
112104856 50702
112155558 25
112155583 1
56340511 56165412
112505923 1577160
114083083 72041
114155124 106
114155230 3
58092911 56340511
114433422 1577160
116010582 144197
116154779 103
58330260 58165061
116495321 1577160
118072481 81860
118154341 142
118154483 48
60082660 58330260
118412920 1577160
119990080 164030
120154110 70
60339883 60164710
120504593 1577160
122081753 72041
122153794 34
122153828 1
62092283 60339883
122432166 1577160
124009326 143971
124153297 142
124153439 34
124153473 5
62298332 62164359
124462691 1577160
126039851 113209
126153060 67
62298332 64050732
126349064 1752400
128101464 51151
128152615 142
128152757 16
128152773 3
64864730 64164008
129028738 1051440
130080178 72176
130152354 70
130152424 1
65916170 66160870
132077040 74941
132151981 93
66163657 67915590
134079247 72176
134151423 286
134151709 13
134151722 1
67915590 68160290
136075880 75340
136151220 142
136151362 9
136151371 1
68163306 68791781
136955087 1051440
138006527 144325
138150852 142
138150994 27
70162241 69843221
140005462 145128
140150590 70
140150660 9
140150669 1
71842156 70162955
142005111 145128
142150239 70
142150309 9
142150318 1
72161176 71842156
144003332 146515
144149847 118
144149965 3
72791079 72162604
144953683 1051440
146005123 144325
146149448 142
146149590 27
73842519 74161539
148004058 145128
148149186 70
148149256 9
148149265 1
74162253 75841454
150003707 145128
150148835 70
150148905 9
150148914 1
75841454 76160474
152001928 146515
152148443 118
152148561 3
76161902 76645883
152807785 1051440
153859225 287666
154146891 767
154147658 406
154148064 142
154148206 7
78160229 77697323
155857552 287666
156145218 2586
156147804 58
78161551 78531784
156693335 1051440
157744775 400635
158145410 2095
158147505 6
78531784 80108944
158640728 1051440
159692168 450781
160142949 4186
160147135 25
80161200 80511653
160672853 1051440
161724293 422498
162146791 16
162146807 2
80511653 82088813
162600466 1051440
163651906 494260
164146166 286
164146452 6
82160849 82439266
164600115 1051440
165651555 494260
166145815 286
166146101 6
82439266 84016426
166455692 1577160
168032852 112860
168145712 44
84160498 84501413
168661911 1051440
169713351 432041
170145392 13
86078573 84501413
170579986 1051440
171631426 503661
172135087 9905
172144992 58
172145050 3
172145053 1
86419488 86160147
172579635 1051440
173631075 503661
174134736 9905
174144641 58
174144699 3
174144702 1
87996648 86419488
174416136 1577160
175993296 150943
176144239 106
176144345 7
88510273 88159796
176670069 1051440
177721509 422482
178143991 9
178144000 1
90087433 88510273
178597706 1051440
179649146 494260
180143406 238
180143644 6
90159445 90437910
180597355 1051440
181648795 494260
182143055 238
182143293 6
90437910 92015070
182452980 1577160
184030140 112803
184142943 5
92159094 92468783
184627877 1051440
185679317 462906
186142223 286
186142509 70
186142579 16
186142595 2
92468783 94045943
186514726 1577160
188091886 50346
188142232 13
188142245 1
94158743 94355632
188514375 1577160
190091535 50346
190141881 13
190141894 1
94355632 96108032
190463664 1577160
192040824 100698
192141522 21
192141543 1
96859305 96158392
193017697 1051440
194069137 72041
194141178 15
98155445 97910745
196066190 74543
196140733 106
196140839 3
99910356 98158041
198068397 72041
198140438 52
198140490 1
99910356 100155056
200065412 74543
200139955 142
200140097 34
200140131 9
100157690 100786547
200944237 1051440
201995677 143971
202139648 141
101837987 102157007
203994994 144325
204139319 118
204139437 1
102157339 103837304
205994643 144325
206138968 118
206139086 1
104156324 103837304
207993628 144871
208138499 233
208138732 3
208138735 1
104156988 104785845
208942833 1051440
209994273 143971
210138244 141
105837285 106156305
211993590 144325
212137915 118
212138033 1
106156637 107836602
213993239 144325
214137564 118
214137682 1
108155622 107836602
215992224 144871
216137095 233
216137328 3
216137331 1
108156286 108641031
216797317 1051440
217848757 287666
218136423 406
218136829 142
218136971 9
218136980 1
110155377 109692471
219847848 287666
220135514 767
220136281 286
220136567 58
220136625 5
110155935 110527696
220683631 1051440
221735071 400635
222135706 406
222136112 142
222136254 25
112104856 110527696
222632552 1051440
223683992 450781
224134773 767
224135540 383
224135923 5
112505923 112155584
224661507 1051440
225712947 422498
226135445 118
226135563 13
226135576 1
112505923 114083083
226589006 1051440
227640446 494260
228134706 406
228135112 106
228135218 8
114155233 114433422
228588655 1051440
229640095 494260
230134355 406
230134761 106
230134867 8
116010582 114433422
230444004 1577160
232021164 113351
232134515 9
116154882 116495321
232650203 1051440
233701643 432041
234133684 406
234134090 70
234134160 13
118072481 116495321
234567802 1051440
235619242 503661
236122903 10765
236133668 142
236133810 12
118412920 118154531
236567451 1051440
237618891 503661
238122552 10765
238133317 142
238133459 12
118412920 119990080
238403000 1577160
239980160 152620
240132780 286
240133066 52
240133118 2
120504593 120154180
240658773 1051440
241710213 422498
242132711 58
120504593 122081753
242586346 1051440
243637786 494260
244132046 286
244132332 70
244132402 16
122153829 122432166
244585995 1051440
245637435 494260
246131695 286
246131981 70
246132051 16
124009326 122432166
246441492 1577160
248018652 112910
248131562 142
248131704 12
124462691 124153478
248616169 1051440
249667609 462906
250130515 767
250131282 70
250131352 13
124462691 126039851
250502542 1577160
252079702 51151
252130853 142
252130995 16
252131011 3
126349064 126153127
252502191 1577160
254079351 51151
254130502 142
254130644 16
254130660 3
126349064 128101464
254450528 1577160
256027688 102493
256130181 118
256130299 13
128152776 129028738
257181514 525720
257707234 422498
258129732 214
258129946 15
129028738 130080178
259108916 525720
259634636 494260
260128896 669
260129565 45
130152424 130152425
260304849 1752400
262057249 71976
262129225 34
132077040 130152425
262229465 1752400
263981865 146987
264128852 55
264128907 1
132151981 132152074
264304055 1752400
266056455 72041
266128496 58
266128554 3
132152074 134079247
266231321 1752400
267983721 144325
268128046 142
268128188 16
268128204 2
134151722 134151723
268303445 1752400
270055845 71976
270127821 34
136075880 134151723
270227603 1752400
271980003 147499
272127502 2
136151372 136955087
273106459 525720
273632179 494260
274126439 669
274127108 45
136955087 138006527
274961614 1051440
276013054 113395
276126449 286
276126735 67
138150994 138151021
276302015 1752400
278054415 72029
278126444 7
140005462 138151021
278156483 1752400
279908883 216023
280124906 767
280125673 406
280126079 21
140150670 140150669
280301339 1752400
282053739 71976
282125715 34
140150670 142005111
282155781 1752400
283908181 216023
284124204 767
284124971 406
284125377 21
142150318 142150319
284300637 1752400
286053037 71976
286125013 34
144003332 142150319
286153651 1752400
287906051 216023
288122074 2586
288124660 34
288124694 2
144953683 144149968
289103651 525720
289629371 494260
290123631 669
290124300 45
146005123 144953683
290958806 1051440
292010246 113395
292123641 286
292123927 67
146149617 146149590
292299207 1752400
294051607 72029
294123636 7
146149617 148004058
294153675 1752400
295906075 216023
296122098 767
296122865 406
296123271 21
148149265 148149266
296298531 1752400
298050931 71976
298122907 34
150003707 148149266
298152973 1752400
299905373 216023
300121396 767
300122163 406
300122569 21
150148915 150148914
300297829 1752400
302050229 71976
302122205 34
150148915 152001928
302150843 1752400
303903243 216023
304119266 2586
304121852 34
304121886 2
152148564 152807785
304956349 1051440
306007789 113395
306121184 286
306121470 67
154146891 153859225
308006116 114856
308120972 214
155857552 154148213
310005765 114856
310120621 214
156145218 155857552
312002770 117626
312120396 70
312120466 16
312120482 2
156693335 156147862
312841197 1051440
313892637 225395
314118032 2095
314120127 6
157744775 158145410
315890185 225395
316115580 4186
316119766 16
158640728 158147511
316788239 1051440
317839679 273158
318112837 6566
318119403 28
159692168 160142949
319835117 273158
320108275 10765
320119040 34
320119074 6
160147160 160672853
320820013 1051440
321871453 244700
322116153 2561
322118714 15
162146791 161724293
323871084 244700
324115784 2586
324118370 8
162146809 162600466
324747275 1051440
325798715 319020
326117735 286
326118021 6
164146166 163651906
327798072 319020
328117092 406
328117498 142
328117640 34
328117674 2
164146458 164600115
328746573 1051440
329798013 319020
330117033 286
330117319 6
166145815 165651555
331797370 319020
332116390 406
332116796 142
332116938 34
332116972 2
166146107 166455692
332601799 1051440
333653239 462906
334116145 406
334116551 70
334116621 2
168032852 166455692
334488544 1577160
336065704 50486
336116190 70
336116260 12
168661911 168145756
336807667 1051440
337859107 244700
338103807 12091
338115898 23
169713351 170145392
339858743 244700
340103443 12091
340115534 34
340115568 2
170579986 170145405
340725391 1051440
341776831 319020
342095851 19279
342115130 70
342115200 16
342115216 3
171631426 172135087
343766513 345125
344111638 3166
344114804 58
344114862 6
172145054 172579635
344724689 1051440
345776129 319020
346095149 19279
346114428 70
346114498 16
346114514 3
174134736 173631075
347765811 345125
348110936 3166
348114102 58
348114160 6
174416136 174144703
348560839 1051440
349612279 494260
350106539 7243
350113782 33
175993296 174416136
350409432 1577160
351986592 126868
352113460 3
352113463 1
176144352 176670069
352814421 1051440
353865861 244700
354110561 2538
354113099 13
354113112 1
177721509 178143991
355865500 244700
356110200 2561
356112761 1
178597706 178144001
356741707 1051440
357793147 319020
358112167 238
358112405 6
179649146 180143406
359792552 319020
360111572 406
360111978 70
360112048 12
180143650 180597355
360741005 1051440
361792445 319020
362111465 238
362111703 6
182143055 181648795
363791850 319020
364110870 406
364111276 70
364111346 12
182452980 182143299
364596279 1051440
365647719 462906
366110625 286
366110911 96
184030140 182452980
366483120 1577160
368060280 50346
368110626 28
368110654 2
184627877 184142948
368770825 1051440
369822265 287666
370109931 286
370110217 70
370110287 16
370110303 2
185679317 186142223
371821540 287666
372109206 669
372109875 70
372109945 9
186142597 186514726
372657323 1051440
373708763 400635
374109398 202
374109600 3
186514726 188091886
374606612 1051440
375658052 450781
376108833 406
376109239 13
188514375 188142246
376656621 1051440
377708061 400635
378108696 202
378108898 3
190091535 188514375
378605910 1051440
379657350 450781
380108131 406
380108537 13
190141895 190463664
380605559 1051440
381656999 450781
382107780 406
382108186 13
190463664 192040824
382504488 1577160
384081648 26168
384107816 31
384107847 1
193017697 192141544
385159241 525720
385684961 422498
386107459 34
386107493 3
386107496 1
193017697 194069137
387086834 525720
387612554 494260
388106814 286
388107100 45
388107145 1
194141178 194141193
388282371 1752400
390034771 72019
390106790 5
196066190 194141193
390207383 1752400
391959783 146515
392106298 142
392106440 3
392106443 1
196140839 196140842
392281681 1752400
394034081 71976
394106057 34
394106091 2
196140842 198068397
394209239 1752400
395961639 143971
396105610 118
396105728 13
396105741 1
198140491 198140490
396280981 1752400
398033381 71976
398105357 34
198140491 200065412
398205903 1752400
399958303 146701
400105004 34
400105038 2
200140140 200944237
401084377 525720
401610097 494260
402104357 286
402104643 45
402104688 1
201995677 200944237
402939914 1051440
403991354 112910
404104264 70
404104334 3
404104337 1
202139789 202139648
404279437 1752400
406031837 72041
406103878 106
406103984 3
203994994 202139789
406134783 1752400
407887183 216023
408103206 406
408103612 24
204139438 204139437
408278875 1752400
410031275 71976
410103251 34
204139438 205994643
410134081 1752400
411886481 216023
412102504 406
412102910 24
206139086 206139087
412278173 1752400
414030573 71976
414102549 34
207993628 206139087
414132715 1752400
415885115 216023
416101138 767
416101905 286
416102191 34
416102225 7
208942833 208138736
417081569 525720
417607289 494260
418101549 286
418101835 45
418101880 1
208942833 209994273
418937106 1051440
419988546 112910
420101456 70
420101526 3
420101529 1
210138244 210138385
420276629 1752400
422029029 72041
422101070 106
422101176 3
210138385 211993590
422131975 1752400
423884375 216023
424100398 406
424100804 24
212138033 212138034
424276067 1752400
426028467 71976
426100443 34
213993239 212138034
426131273 1752400
427883673 216023
428099696 406
428100102 24
214137683 214137682
428275365 1752400
430027765 71976
430099741 34
214137683 215992224
430129907 1752400
431882307 216023
432098330 767
432099097 286
432099383 34
432099417 7
216137332 216797317
432934649 1051440
433986089 112910
434098999 70
434099069 3
434099072 1
217848757 218136423
435985180 113395
436098575 142
436098717 5
219847848 218136981
437984829 113395
438098224 142
438098366 5
219847848 220135514
439983362 114626
440097988 31
440098019 1
220683631 220136630
440820261 1051440
441871701 225395
442097096 406
442097502 142
442097644 25
222135706 221735071
443870777 225395
444096172 767
444096939 286
444097225 93
222136279 222632552
444768831 1051440
445820271 273158
446093429 3537
446096966 1
224134773 223683992
447818765 273158
448091923 4651
448096574 34
448096608 8
224135928 224661507
448797435 1051440
449848875 244700
450093575 2680
450096255 9
450096264 1
225712947 226135445
451848392 244700
452093092 2800
452095892 21
452095913 1
226589006 226135577
452724583 1051440
453776023 319020
454095043 406
454095449 106
454095555 8
228134706 227640446
455775152 319020
456094172 767
456094939 238
456095177 34
456095211 1
228588655 228135226
456723881 1051440
457775321 319020
458094341 406
458094747 106
458094853 8
230134355 229640095
459774450 319020
460093470 767
460094237 238
460094475 34
460094509 1
230444004 230134875
460578879 1051440
461630319 462906
462093225 767
462093992 142
462094134 25
230444004 232021164
462465168 1577160
464042328 51467
464093795 13
232650203 232134524
464784727 1051440
465836167 244700
466080867 12560
466093427 28
466093455 2
234133684 233701643
467835327 244700
468080027 13015
468093042 58
468093100 6
234134173 234567802
468701975 1051440
469753415 319020
470072435 20293
470092728 27
236122903 235619242
471742145 350247
472092392 12
236133822 236567451
472701273 1051440
473752713 319020
474071733 20293
474092026 27
238122552 237618891
475741443 350247
476091690 12
238133471 238403000
476536471 1051440
477587911 494260
478082171 9165
478091336 15
238403000 239980160
478383160 1577160
479960320 130480
480090800 199
480090999 1
240133120 240658773
480791893 1051440
481843333 244700
482088033 2586
482090619 28
482090647 2
241710213 242132711
483842924 244700
484087624 2586
484090210 70
484090280 16
484090296 2
242132769 242586346
484719115 1051440
485770555 319020
486089575 286
486089861 70
486089931 16
243637786 244132046
487769832 319020
488088852 669
488089521 70
488089591 5
244585995 244132418
488718413 1051440
489769853 319020
490088873 286
490089159 70
490089229 16
246131695 245637435
491769130 319020
492088150 669
492088819 70
492088889 5
246132067 246441492
492573559 1051440
493624999 462906
494087905 406
494088311 214
494088525 16
494088541 2
246441492 248018652
494460144 1577160
496037304 50818
496088122 70
248131716 248616169
496747885 1051440
497799325 287666
498086991 767
498087758 70
498087828 13
249667609 250130515
499798124 287666
500085790 1645
500087435 55
250131365 250502542
500633907 1051440
501685347 400635
502085982 767
502086749 383
502087132 7
252079702 250502542
502582244 1051440
503633684 450781
504084465 2300
504086765 23
252502191 252131014
504633205 1051440
505684645 400635
506085280 767
506086047 383
506086430 7
252502191 254079351
506581542 1051440
507632982 450781
508083763 2300
508086063 23
254130663 254450528
508581191 1051440
509632631 450781
510083412 2300
510085712 23
254450528 256027688
510478216 1577160
512055376 29993
512085369 15
256130312 257181514
513311826 525720
513837546 244700
514082246 2730
514084976 57
258129732 257707234
515836966 244700
516081666 2969
516084635 47
258129961 259108916
517238877 525720
517764597 319020
518083617 669
518084286 45
260128896 259634636
519763532 319020
520082552 767
520083319 406
520083725 238
520083963 16
520083979 1
260304849 260129610
520434459 1577160
522011619 71976
522083595 34
260304849 262057249
522362098 1577160
523939258 143971
524083229 49
262229465 262129259
524358724 1577160
525935884 146987
526082871 55
526082926 1
263981865 262229465
526211330 1752400
527963730 118796
528082526 49
528082575 1
264128908 264304055
528432963 1577160
530010123 72041
530082164 58
530082222 3
264304055 266056455
530360510 1577160
531937670 144197
532081867 7
266128557 266231321
532359878 1577160
533937038 144325
534081363 142
534081505 16
534081521 2
267983721 266231321
534215042 1752400
535967442 113395
536080837 286
536081123 49
268303445 268128206
536431651 1577160
538008811 71976
538080787 34
268303445 270055845
538359290 1577160
539936450 143971
540080421 49
270227603 270127855
540355458 1577160
541932618 147499
542080117 2
270227603 271980003
542207606 1752400
543960006 119293
544079299 406
544079705 58
544079763 5
273106459 272127504
545233963 525720
545759683 319020
546078703 669
546079372 45
273632179 274126439
547758618 319020
548077638 767
548078405 406
548078811 238
548079049 16
548079065 1
274127153 274961614
549088767 525720
549614487 462906
550077393 767
550078160 406
550078566 142
550078708 7
274961614 276013054
550974668 1051440
552026108 52156
552078264 100
276126802 276302015
552428817 1577160
554005977 72029
554078006 7
278054415 276302015
554356430 1577160
555933590 143971
556077561 100
556077661 1
278156483 279908883
558065366 11940
558077306 5
279908883 280124906
560033789 43126
560076915 45
280301339 280126100
560427439 1577160
562004599 71976
562076575 34
280301339 282053739
562355078 1577160
563932238 143971
564076209 49
282155781 283908181
566063962 11940
566075902 5
283908181 284124204
568032385 43126
568075511 45
284300637 284125398
568426035 1577160
570003195 71976
570075171 34
284300637 286053037
570353674 1577160
571930834 143971
572074805 49
286153651 287906051
574059702 14650
574074352 142
574074494 9
288122074 287906051
576028125 45943
576074068 70
576074138 13
576074151 1
288124696 289103651
577228347 525720
577754067 319020
578073087 669
578073756 45
290123631 289629371
579753002 319020
580072022 767
580072789 406
580073195 238
580073433 16
580073449 1
290958806 290124345
581083151 525720
581608871 462906
582071777 767
582072544 406
582072950 142
582073092 7
292010246 290958806
582969052 1051440
584020492 52156
584072648 100
292299207 292123994
584423201 1577160
586000361 72029
586072390 7
292299207 294051607
586350814 1577160
587927974 143971
588071945 100
588072045 1
295906075 294153675
590059750 11940
590071690 5
296122098 295906075
592028173 43126
592071299 45
296123292 296298531
592421823 1577160
593998983 71976
594070959 34
298050931 296298531
594349462 1577160
595926622 143971
596070593 49
299905373 298152973
598058346 11940
598070286 5
300121396 299905373
600026769 43126
600069895 45
300122590 300297829
600420419 1577160
601997579 71976
602069555 34
302050229 300297829
602348058 1577160
603925218 143971
604069189 49
303903243 302150843
606054086 14650
606068736 142
606068878 9
303903243 304119266
608022509 45943
608068452 70
608068522 13
608068535 1
304956349 304121888
609078237 525720
609603957 462906
610066863 767
610067630 406
610068036 142
610068178 7
306007789 304956349
610964138 1051440
612015578 52156
612067734 100
306121470 306121537
612243007 1752400
613995407 72041
614067448 34
614067482 1
306121537 308006116
614127653 1752400
615880053 184808
616064861 2210
616067071 58
616067129 3
308120972 308121186
616242158 1752400
617994558 72176
618066734 47
310005765 308121186
618126951 1752400
619879351 184808
620064159 2210
620066369 58
620066427 3
310120835 310120621
620241456 1752400
621993856 72176
622066032 47
310120835 312002770
622123605 1752400
623876005 184808
624060813 4856
624065669 58
624065727 1
312841197 312120484
624961681 1051440
626013121 52156
626065277 100
314118032 313892637
628010669 54193
628064862 142
628065004 21
628065025 1
315890185 314120133
630010318 54193
630064511 142
630064653 21
630064674 1
316115580 315890185
632005765 58375
632064140 142
632064282 34
632064316 8
316788239 316119782
632908021 1051440
633959461 104351
634063812 142
634063954 16
634063970 3
318112837 317839679
635952516 110980
636063496 118
636063614 8
318119431 319835117
637954548 108590
638063138 118
638063256 15
320108275 319835117
639943392 119293
640062685 233
640062918 2
320820013 320119080
640939093 1051440
641990533 72029
642062562 7
322116153 321871453
643987606 74543
644062149 69
323871084 322118729
645989813 72041
646061854 13
324115784 323871084
647986868 74543
648061411 103
648061514 2
324118378 324747275
648865653 1051440
649917093 143971
650061064 100
650061164 1
326117735 325798715
651916450 144325
652060775 34
652060809 5
326118027 327798072
653916099 144325
654060424 34
654060458 5
328117092 327798072
655915164 144871
656060035 70
656060105 7
328117676 328746573
656864249 1051440
657915689 143971
658059660 100
658059760 1
330117033 329798013
659915046 144325
660059371 34
660059405 5
330117325 331797370
661914695 144325
662059020 34
662059054 5
332116390 331797370
663913760 144871
664058631 70
664058701 7
332116974 332601799
664718773 1051440
665770213 287666
666057879 406
666058285 70
666058355 2
333653239 334116145
667769384 287666
668057050 767
668057817 142
668057959 47
334488544 334116623
668605167 1051440
669656607 400635
670057242 406
670057648 7
336065704 334488544
670554248 1051440
671605688 450781
672056469 767
672057236 67
672057303 1
336807667 336116272
672923939 1051440
673975379 81540
674056919 34
338103807 337859107
675962914 93443
676056357 238
676056595 7
338115921 339858743
677974664 81540
678056204 47
339858743 340103443
679962186 93443
680055629 238
680055867 33
340115570 340725391
680840961 1051440
681892401 162871
682055272 238
682055510 34
682055544 5
341776831 342095851
683872682 175240
684047922 7243
684055165 33
343766513 342115219
685881732 172850
686054582 238
686054820 27
343766513 344111638
687878151 175240
688053391 767
688054158 286
688054444 52
344724689 344114868
688839557 1051440
689890997 162871
690053868 238
690054106 34
690054140 5
346095149 345776129
691871278 175240
692046518 7243
692053761 33
346114517 347765811
693880328 172850
694053178 238
694053416 27
348110936 347765811
695876747 175240
696051987 767
696052754 286
696053040 52
348114166 348560839
696675005 1051440
697726445 319020
698045465 7243
698052708 33
350106539 349612279
699718818 319020
700037838 14455
700052293 97
350113815 350409432
700523247 1051440
701574687 472776
702047463 4510
702051973 58
702052031 8
351986592 350409432
702396024 1577160
703973184 78398
704051582 106
352814421 352113464
704927885 1051440
705979325 71976
706051301 34
706051335 2
353865861 354110561
707976422 74543
708050965 21
355865500 354113113
709978613 72019
710050632 3
356110200 355865500
711975700 74543
712050243 34
712050277 7
356112762 356741707
712854469 1051440
713905909 143971
714049880 52
714049932 1
358112167 357793147
715905314 144197
716049511 70
716049581 1
358112411 359792552
717904963 144197
718049160 70
718049230 1
360111572 359792552
719904124 144678
720048802 70
720048872 8
360741005 360112060
720853065 1051440
721904505 143971
722048476 52
722048528 1
361792445 362111465
723903910 144197
724048107 70
724048177 1
363791850 362111709
725903559 144197
726047756 70
726047826 1
363791850 364110870
727902720 144678
728047398 70
728047468 8
364111358 364596279
728707637 1051440
729759077 287666
730046743 286
730047029 96
366110625 365647719
731758344 287666
732046010 669
732046679 95
366111007 366483120
732594127 1051440
733645567 400635
734046202 214
734046416 7
366483120 368060280
734543400 1051440
735594840 450781
736045621 406
736046027 45
368770825 368110656
736881481 1051440
737932921 112769
738045690 31
370109931 369822265
739932196 112910
740045106 238
740045344 25
740045369 1
371821540 370110305
741931845 112910
742044755 238
742044993 25
742045018 1
372109206 371821540
743930746 113881
744044627 34
744044661 7
372657323 372109954
744767277 1051440
745818717 225395
746044112 202
746044314 3
373708763 374109398
747818161 225395
748043556 406
748043962 3
748043965 1
374109603 374606612
748716215 1051440
749767655 273158
750040813 2800
750043613 2
376108833 375658052
751766885 273158
752040043 3166
752043209 55
376109252 376656621
752765873 1051440
753817313 225395
754042708 202
754042910 3
378108696 377708061
755816757 225395
756042152 406
756042558 3
756042561 1
378605910 378108901
756714811 1051440
757766251 273158
758039409 2800
758042209 2
379657350 380108131
759765481 273158
760038639 3166
760041805 55
380605559 380108550
760714109 1051440
761765549 273158
762038707 2800
762041507 2
381656999 382107780
763764779 273158
764037937 3166
764041103 55
382504488 382108199
764612687 1051440
765664127 360048
766024175 16621
766040796 11
384081648 382504488
766586136 1051440
767637576 400635
768038211 2210
768040421 34
768040455 1
385159241 384107848
769267089 525720
769792809 244700
770037509 2586
770040095 9
770040104 1
386107459 385684961
771792420 244700
772037120 2586
772039706 48
387086834 386107497
773194331 525720
773720051 319020
774039071 286
774039357 45
774039402 1
388106814 387612554
775719368 319020
776038388 406
776038794 238
776039032 20
388107146 388282371
776389517 1577160
777966677 72019
778038696 5
390034771 388282371
778317142 1577160
779894302 143971
780038273 70
780038343 7
390207383 390106795
780314178 1577160
781891338 146515
782037853 142
782037995 3
782037998 1
390207383 391959783
782167166 1752400
783919566 117805
784037371 238
784037609 34
784037643 5
392281681 392106444
784388125 1577160
785965285 71976
786037261 34
786037295 2
394034081 392281681
786315762 1577160
787892922 143971
788036893 52
788036945 1
394106093 394209239
788315332 1577160
789892492 143971
790036463 118
790036581 13
790036594 1
395961639 394209239
790170878 1752400
791923278 112910
792036188 55
792036243 1
396280981 396105742
792386723 1577160
793963883 71976
794035859 34
396280981 398033381
794314362 1577160
795891522 143971
796035493 49
398205903 398105391
796311294 1577160
797888454 146701
798035155 34
798035189 2
399958303 398205903
798164206 1752400
799916606 118124
800034730 106
800034836 3
800034839 1
401084377 400105040
801189417 525720
801715137 319020
802034157 286
802034443 45
802034488 1
402104357 401610097
803714454 319020
804033474 406
804033880 238
804034118 20
402104689 402939914
805044603 525720
805570323 462906
806033229 406
806033635 142
806033777 9
806033786 1
402939914 403991354
806931268 1051440
807982708 50702
808033410 25
808033435 1
404104338 404279437
808383775 1577160
809960935 72041
810032976 106
810033082 3
404279437 406031837
810311274 1577160
811888434 144197
812032631 103
407887183 406134783
814021966 10417
407887183 408103206
815990389 41596
816031985 47
408103636 408278875
816382511 1577160
817959671 71976
818031647 34
410031275 408278875
818310150 1577160
819887310 143971
820031281 49
411886481 410134081
822020562 10417
411886481 412102504
823988985 41596
824030581 47
412102934 412278173
824381107 1577160
825958267 71976
826030243 34
414030573 412278173
826308746 1577160
827885906 143971
828029877 49
415885115 414132715
830017830 11726
830029556 16
830029572 3
415885115 416101138
831986253 42945
832029198 25
832029223 1
417081569 416102232
833183801 525720
833709521 319020
834028541 286
834028827 45
834028872 1
418101549 417607289
835708838 319020
836027858 406
836028264 238
836028502 20
418101881 418937106
837038987 525720
837564707 462906
838027613 406
838028019 142
838028161 9
838028170 1
418937106 419988546
838925652 1051440
839977092 50702
840027794 25
840027819 1
420101530 420276629
840378159 1577160
841955319 72041
842027360 106
842027466 3
420276629 422029029
842305658 1577160
843882818 144197
844027015 103
423884375 422131975
846016350 10417
423884375 424100398
847984773 41596
848026369 47
424100828 424276067
848376895 1577160
849954055 71976
850026031 34
426028467 424276067
850304534 1577160
851881694 143971
852025665 49
427883673 426131273
854014946 10417
427883673 428099696
855983369 41596
856024965 47
428100126 428275365
856375491 1577160
857952651 71976
858024627 34
430027765 428275365
858303130 1577160
859880290 143971
860024261 49
431882307 430129907
862012214 11726
862023940 16
862023956 3
431882307 432098330
863980637 42945
864023582 25
864023607 1
432934649 432099424
865034073 525720
865559793 462906
866022699 406
866023105 142
866023247 9
866023256 1
433986089 432934649
866920738 1051440
867972178 50702
868022880 25
868022905 1
434099072 434099073
868198145 1752400
869950545 71976
870022521 34
435985180 434099073
870084253 1752400
871836653 184808
872021461 669
872022130 70
872022200 3
872022203 1
436098722 436098717
872197439 1752400
873949839 72014
437984829 436098722
874083551 1752400
875835951 184808
876020759 669
876021428 70
876021498 3
876021501 1
438098371 438098366
876196737 1752400
877949137 72014
439983362 438098371
878081733 1752400
879834133 184808
880018941 1819
880020760 34
880020794 6
440820261 440098020
880918281 1051440
881969721 50702
882020423 25
882020448 1
441871701 442097096
883968797 51151
884019948 142
884020090 8
442097669 443870777
885968446 51151
886019597 142
886019739 8
444096172 443870777
887966949 52335
888019284 106
888019390 6
444768831 444097318
888866149 1051440
889917589 101110
890018699 286
890018985 58
890019043 2
446093429 445820271
891913700 104970
892018670 24
447818765 446096967
893915732 102493
894018225 118
448091923 447818765
895910688 107168
896017856 118
896017974 16
896017990 2
448096616 448797435
896894051 1051440
897945491 72041
898017532 106
898017638 3
450093575 449848875
899942450 74543
900016993 286
900017279 11
451848392 450096265
901944657 72176
902016833 106
452093092 451848392
903941484 75094
904016578 9
904016587 1
452724583 452095914
904820497 1051440
905871937 144197
906016134 103
454095043 453776023
907871066 144678
908015744 142
454095563 455775152
909870715 144678
910015393 142
455775152 456094172
911869324 145822
912015146 34
912015180 3
912015183 1
456095212 456723881
912819093 1051440
913870533 144197
914014730 103
457775321 458094341
915869662 144678
916014340 142
459774450 458094861
917869311 144678
918013989 142
460093470 459774450
919867920 145822
920013742 34
920013776 3
920013779 1
460578879 460094510
920673389 1051440
921724829 287666
922012495 767
922013262 142
922013404 25
462093225 461630319
923723544 287666
924011210 1868
462094159 462465168
924559327 1051440
925610767 400635
926011402 767
926012169 406
926012575 142
926012717 9
926012726 1
464042328 462465168
926507496 1051440
927558936 450781
928009717 2586
928012303 70
928012373 3
464093808 464784727
928878535 1051440
929929975 81860
930011835 142
930011977 48
466080867 465836167
931917034 94330
932011364 286
932011650 24
467835327 466093457
933928784 82276
934011060 238
934011298 25
467835327 468080027
935915354 95528
936010882 70
936010952 20
468093106 468701975
936795081 1051440
937846521 164030
938010551 70
469753415 470072435
939825850 175240
940001090 9165
940010255 15
471742145 470092755
941834900 175007
942009907 12
472092392 471742145
943834537 175007
944009544 24
472092404 472701273
944793677 1051440
945845117 164030
946009147 70
473752713 474071733
947824446 175240
947999686 9165
948008851 15
475741443 474092053
949833496 175007
950008503 12
476091690 475741443
951833133 175007
952008140 24
476091702 476536471
952628173 1051440
953679613 319020
953998633 9165
954007798 15
478082171 477587911
955670082 319020
955989102 18331
956007433 28
956007461 1
478383160 478091351
956474511 1051440
957525951 472776
957998727 8361
958007088 23
479960320 478383160
958343480 1577160
959920640 86065
960006705 55
480791893 480091000
960882893 1051440
961934333 72041
962006374 34
962006408 1
481843333 482088033
963931366 74543
964005909 142
964006051 7
482090649 483842924
965933573 72041
966005614 93
483842924 484087624
967930548 74543
968005091 238
968005329 27
484719115 484090298
968809413 1051440
969860853 143971
970004824 142
970004966 34
970005000 5
486089575 485770555
971860130 144325
972004455 199
486089947 487769832
973859779 144325
974004104 199
487769832 488088852
975858684 145128
976003812 139
976003951 1
488089596 488718413
976808009 1051440
977859449 143971
978003420 142
978003562 34
978003596 5
489769853 490088873
979858726 144325
980003051 199
491769130 490089245
981858375 144325
982002700 199
492088150 491769130
983857280 145128
984002408 139
984002547 1
492573559 492088894
984662453 1051440
985713893 287666
986001559 406
986001965 214
986002179 16
986002195 2
493624999 494087905
987712904 287666
988000570 767
988001337 406
988001743 103
494088543 494460144
988548687 1051440
989600127 400635
990000762 669
990001431 58
990001489 6
496037304 494460144
990497448 1051440
991548888 450781
991999669 767
992000436 669
992001105 34
992001139 5
496747885 496088192
992836077 1051440
993887517 113209
994000726 67
498086991 497799325
995886316 114073
996000389 52
996000441 1
499798124 498087841
997885965 114073
998000038 52
998000090 1
499798124 500085790
999883914 115793
999999707 33
