1395
1 1
2 1
3 1
2 3
3 2
5 1
3 4
3 4
7 1
5 4
5 5
5 6
5 6
11 1
7 6
7 6
7 7
7 8
15 1
9 8
17 1
9 10
19 1
11 10
11 12
23 1
13 12
13 13
15 14
29 1
15 16
16 15
31 1
18 19
37 1
20 21
41 2
23 24
25 26
51 2
29 30
31 30
31 32
63 1
63 4
32 37
69 2
69 4
37 38
75 3
41 38
79 4
41 43
84 5
47 43
90 7
47 51
98 2
98 3
98 5
53 51
104 3
104 5
59 53
112 1
63 64
64 67
131 1
69 67
136 1
136 3
75 73
148 1
148 3
78 79
79 83
162 1
84 83
167 1
84 89
89 90
179 1
179 2
90 97
187 2
187 4
187 6
98 97
195 2
98 100
198 1
104 107
107 109
216 3
112 109
221 2
112 113
225 2
225 4
225 8
225 14
113 127
240 1
240 11
240 13
240 17
132 131
136 132
268 1
268 3
137 139
276 1
276 3
276 5
276 7
139 148
287 6
149 151
300 7
157 151
308 1
308 3
308 5
308 9
167 163
330 1
167 168
335 2
173 168
341 6
341 8
179 173
352 1
179 180
180 181
361 6
187 181
368 5
187 189
376 2
376 3
189 191
380 3
193 191
384 2
193 195
388 1
199 198
397 1
397 4
397 12
199 211
410 1
410 9
410 11
216 211
427 4
427 6
219 216
435 4
219 221
440 3
223 225
448 1
227 229
456 1
456 3
456 5
233 229
462 1
462 3
462 5
462 8
239 240
240 241
481 6
481 8
481 10
251 241
492 2
492 7
492 11
251 253
504 5
257 263
520 1
520 3
269 271
540 1
540 2
271 276
279 277
556 1
279 281
560 3
283 281
564 1
564 5
287 283
570 1
570 7
293 287
580 7
293 300
593 1
593 6
593 8
307 300
607 6
309 308
617 2
313 317
630 1
630 11
630 13
630 14
317 330
647 6
647 7
647 12
331 330
335 337
672 1
672 5
337 341
678 5
678 7
341 347
688 3
349 352
352 353
705 4
359 353
712 7
359 361
720 7
367 361
728 5
367 368
735 4
373 368
741 2
741 5
376 373
749 2
379 378
380 379
759 2
384 383
767 2
384 386
770 3
388 389
777 1
397 389
786 1
397 398
795 2
401 398
799 1
799 10
409 401
810 1
411 410
821 2
821 6
821 8
411 419
830 9
421 427
848 5
848 7
848 9
431 427
858 1
858 5
433 431
864 1
439 435
874 3
874 4
440 439
879 2
440 443
883 4
456 449
905 2
905 6
457 459
916 3
463 465
928 1
467 465
470 467
937 2
937 4
937 10
470 479
949 4
949 5
479 481
960 7
487 481
968 3
487 489
976 1
491 492
492 494
986 4
986 5
494 499
993 4
993 6
504 503
1007 2
504 509
1013 6
1013 8
509 520
1029 2
1029 4
1029 4
1029 10
520 521
523 521
1044 5
1044 7
1044 17
1044 18
523 540
1063 6
541 542
1083 4
547 542
1089 2
1089 4
1089 8
547 556
1103 6
557 560
563 560
565 564
577 571
1148 3
1148 5
577 580
1157 6
587 580
1167 4
587 593
1180 1
594 593
594 599
1193 5
601 599
1200 1
601 607
1208 5
1208 9
613 607
1220 3
1220 9
613 617
1230 1
619 617
1236 1
619 630
1249 10
631 641
1272 5
1272 7
1272 11
643 644
1287 2
647 644
1291 6
647 653
1300 1
1300 3
654 653
1307 5
654 659
1313 6
661 659
1320 1
1320 7
1320 8
678 683
1361 6
685 688
691 688
1379 2
691 701
1392 7
705 701
1406 3
712 709
1421 2
1421 6
1421 8
712 719
1431 2
720 719
720 727
1447 1
1447 4
1447 6
728 727
1455 3
1455 4
735 733
1468 3
741 739
1480 1
1480 3
741 743
1484 3
746 743
1489 4
746 749
1495 4
751 757
1508 3
759 761
1520 3
767 761
1528 3
770 773
1543 6
777 773
1550 3
777 778
1555 4
786 778
1564 3
1564 7
786 787
1573 6
795 787
1582 1
799 797
1596 1
799 800
1599 2
1599 8
809 800
1609 4
809 810
1619 1
811 810
1621 6
811 821
1632 5
829 827
1656 1
829 830
1659 4
1659 8
839 830
839 848
1687 6
1687 10
1687 12
853 855
1708 1
859 858
1717 4
859 863
1722 1
864 865
1729 4
874 865
1739 2
1739 8
874 877
1751 2
878 879
1757 2
887 883
1770 7
1770 13
1770 17
1770 19
887 905
1792 9
1792 19
907 911
1818 5
916 911
1827 4
928 919
932 929
1861 6
932 937
1869 2
1869 4
939 937
1876 1
1876 3
947 941
1888 1
947 949
1896 4
1896 5
953 954
1907 6
960 967
1927 4
1927 6
976 971
1947 2
1947 4
983 986
1969 4
990 986
1976 3
993 991
1984 3
993 997
1990 3
999 997
1996 1
1996 3
1996 7
999 1007
2006 5
1009 1007
2016 1
1009 1013
2022 5
2022 7
1019 1013
2032 7
1029 1021
2050 3
1029 1031
2060 3
1033 1033
2066 3
1039 1041
2080 1
2080 3
1041 1044
2085 2
2085 4
1044 1049
2093 6
1051 1049
2100 11
1051 1061
2112 1
1062 1063
2125 4
2125 6
1063 1069
2132 5
2132 9
2132 11
1083 1069
2152 1
2152 9
1087 1089
2176 3
1097 1103
2200 3
2200 7
1103 1109
2212 1
2212 9
1109 1117
2226 11
2226 13
1117 1123
2240 3
2240 11
1123 1129
2252 15
2252 17
2252 21
1148 1129
2277 4
2277 10
2277 16
2277 20
1151 1153
2304 5
1157 1153
2310 1
1167 1163
2330 3
1167 1171
2338 1
2338 3
2338 9
1180 1171
2351 6
1187 1181
2368 3
2368 9
1193 1187
2380 1
2380 3
2380 9
1193 1198
2391 2
1200 1198
2398 1
1208 1201
2409 2
2409 8
1213 1208
2421 2
1220 1217
2437 4
1220 1223
2443 4
1229 1230
1236 1231
1237 1236
2473 4
1237 1249
2486 17
1259 1249
2508 13
1259 1272
2531 8
2531 12
1272 1277
2549 2
1279 1277
2556 1
1287 1289
2576 3
1291 1297
2588 3
2588 5
1301 1303
2604 5
1307 1303
2610 7
1307 1312
2619 2
1313 1319
2632 1
1320 1321
2641 6
1327 1328
2655 2
2655 4
2655 8
2655 16
2655 21
2676 1
2655 26
2681 2
2655 32
1361 1328
2689 4
2689 10
2689 18
2689 21
2710 1
2689 24
2689 30
1361 1367
2728 1
2728 3
1367 1373
2740 1
2740 9
1373 1379
2752 1
1381 1379
2760 7
1381 1392
2773 4
2773 16
1392 1399
2791 6
2791 10
2791 12
1406 1409
2815 4
1421 1409
2830 3
2830 7
2830 13
1427 1423
2850 1
1427 1429
2856 1
1431 1429
2860 1
1439 1433
2872 7
1439 1447
2886 1
1448 1447
2895 2
1448 1451
2899 4
1453 1455
2908 1
1458 1459
1459 1468
1468 1471
1471 1480
2951 2
2951 6
1480 1481
2961 2
1483 1484
2967 2
1487 1484
1495 1499
2994 5
2994 7
3001 3001
6002 2006
8008 1
2999 3001
6000 2011
6000 2017
6000 2039
6000 2053
8053 6
6000 2069
6000 2081
6000 2087
6000 2089
6000 2093
6000 2100
8100 1
6000 2111
6000 2113
8113 4
8113 10
6000 2143
8143 4
6000 2161
8161 6
8161 10
6000 2179
8179 12
6000 2207
8207 2
6000 2213
8213 6
6000 2221
6000 2226
8226 5
8226 7
6000 2237
6000 2243
6000 2252
8252 11
6000 2269
6000 2273
6000 2287
8287 4
6000 2293
6000 2297
6000 2311
8311 6
8311 18
6000 2351
8351 2
6000 2357
8357 6
6000 2368
8368 1
6000 2377
6000 2383
8383 4
6000 2389
6000 2417
8417 2
6000 2423
8423 6
8423 8
6000 2443
6000 2447
6000 2459
8459 2
6000 2467
6000 2486
8486 15
6000 2508
8508 5
6000 2521
8521 6
6000 2531
8531 6
6000 2539
6000 2543
6000 2557
8557 6
8557 16
6000 2579
8579 2
6000 2593
8593 4
8593 6
6000 2609
6000 2621
8621 2
8621 6
8621 8
6000 2641
6000 2647
6000 2663
8663 6
6000 2677
6000 2681
6000 2689
6000 2693
6000 2699
6000 2707
6000 2713
6000 2719
6000 2731
8731 6
6000 2741
8741 6
6000 2753
6000 2760
8760 1
6000 2777
8777 2
8777 6
6000 2803
8803 4
6000 2819
8819 2
6000 2830
8830 1
6000 2837
8837 2
6000 2843
8843 6
6000 2861
8861 2
8861 6
6000 2887
8887 6
6000 2917
8917 6
6000 2927
8927 2
8927 6
6000 2939
8939 2
6000 2951
6000 2963
6000 2969
6000 2971
6000 2999
6000 3001
9001 6
9001 10
9001 12
9001 26
9027 2
9001 38
9039 2
9001 41
9042 1
9001 47
9048 1
9001 53
9054 5
9001 64
9065 2
9001 90
9001 101
9102 1
9001 107
9108 1
9001 113
9114 13
9001 132
9001 136
9001 149
9150 1
9001 151
9152 5
9001 157
9158 3
9001 168
9169 4
9001 180
9001 181
9182 5
9001 198
9001 199
9200 3
9200 9
9001 219
9220 1
9001 225
9226 1
9001 233
9234 5
9001 240
9001 253
9254 3
9001 276
9001 279
9280 1
9001 281
9282 1
9001 287
9288 5
9001 309
9310 1
9001 317
9318 1
9318 5
9001 335
9336 1
9001 337
9338 3
9001 341
9342 1
9001 347
9348 1
9001 368
9369 2
9001 376
9001 389
9390 1
9390 7
9001 401
9402 1
9001 411
9412 1
9412 7
9001 419
9420 1
9001 427
9428 3
9001 431
9432 1
9001 435
9436 1
9436 3
9001 459
9460 1
9001 462
9001 465
9466 1
9001 470
9471 2
9471 8
9001 489
9490 1
9001 494
9495 2
9001 509
9510 1
9001 520
9001 523
9524 9
9524 15
9001 542
9543 4
9001 547
9548 3
9001 580
9581 6
9001 599
9600 1
9001 607
9608 5
9001 617
9618 1
9001 619
9620 3
9620 9
9001 630
9001 641
9642 1
9001 647
9648 1
9001 659
9660 1
9001 673
9674 3
9001 678
9001 688
9001 691
9692 5
9001 712
9713 6
9001 720
9001 728
9729 4
9001 735
9736 3
9001 741
9742 1
9001 746
9747 2
9001 761
9762 5
9001 767
9768 1
9001 778
9779 2
9001 786
9001 787
9788 3
9001 800
9801 2
9001 810
9001 811
9812 5
9001 827
9828 1
9001 830
9831 2
9831 8
9001 848
9849 2
9001 855
9856 1
9001 858
9001 865
9866 5
9001 881
9882 1
9001 883
9884 3
9001 887
9888 13
9001 905
9906 1
9001 919
9920 3
9001 928
9001 929
9930 1
9001 939
9940 1
9001 947
9948 1
9001 960
9961 6
9001 971
9972 1
9973 9973
19946 64
20010 1
9972 9973
19945 75
20020 1
19945 78
19945 84
19945 101
20046 1
19945 104
20049 2
19945 113
20058 5
20058 13
19945 139
20084 5
19945 151
20096 5
19945 162
19945 168
20113 4
19945 173
20118 5
19945 181
20126 3
19945 198
19945 199
20144 3
20144 5
19945 216
19945 227
20172 1
19945 229
20174 3
19945 233
20178 5
19945 253
20198 3
19945 271
20216 3
19945 283
20228 3
19945 287
20232 1
19945 300
20245 4
19945 313
20258 3
19945 317
20262 7
19945 341
20286 1
19945 352
19945 378
19945 380
20325 2
19945 388
19945 389
20334 7
19945 401
20346 1
20346 7
19945 411
20356 1
20356 3
19945 421
20366 3
19945 443
20388 1
19945 448
19945 449
20394 5
19945 462
19945 465
20410 1
19945 481
20426 5
19945 494
20439 2
20439 4
19945 523
20468 9
20468 11
20468 15
19945 560
20505 2
19945 564
19945 571
20516 5
19945 587
20532 1
19945 594
20539 4
19945 601
20546 3
20546 5
19945 617
20562 1
19945 647
20592 1
19945 654
19945 661
20606 5
19945 678
20623 4
19945 691
20636 3
20636 5
19945 712
20657 6
19945 735
20680 1
19945 746
20691 2
19945 761
20706 1
19945 770
20715 2
19945 773
20718 1
19945 786
19945 797
20742 1
19945 800
20745 2
20745 4
20745 8
19945 811
20756 3
19945 823
20768 3
19945 827
20772 1
19945 839
20784 5
19945 859
20804 3
19945 864
19945 887
20832 17
19945 911
20856 1
19945 928
19945 932
20877 2
19945 941
20886 1
19945 949
20894 3
19945 954
20899 4
19945 976
19945 983
20928 1
19945 993
20938 1
19945 999
20944 3
19945 1013
20958 1
20958 5
19945 1033
20978 3
20978 5
19945 1051
20996 5
19945 1063
21008 3
21008 5
19945 1069
21014 3
21014 5
21014 9
19945 1083
21028 3
19945 1109
21054 5
21054 7
19945 1117
21062 5
19945 1129
21074 15
19945 1153
21098 3
19945 1157
21102 5
19945 1171
21116 5
19945 1193
21138 1
19945 1198
19945 1201
21146 3
19945 1208
21153 4
19945 1217
21162 1
19945 1223
21168 1
19945 1231
21176 3
19945 1237
21182 5
21182 9
21182 11
19945 1259
21204 7
19945 1272
21217 4
19945 1279
21224 3
19945 1301
21246 1
19945 1321
21266 3
19945 1328
21273 4
21273 10
19945 1367
21312 1
21312 5
19945 1373
21318 1
21318 5
19945 1392
21337 4
19945 1399
21344 3
19945 1431
21376 1
19945 1433
21378 1
21378 5
19945 1439
21384 7
19945 1451
21396 1
19945 1455
21400 1
19945 1459
21404 3
19945 1471
21416 3
19945 1487
21432 1
19945 1520
21465 2
19945 1531
21476 5
21476 11
19945 1543
21488 3
21488 5
19945 1553
21498 1
19945 1555
21500 3
19945 1571
21516 1
19945 1573
21518 3
21518 5
19945 1583
21528 1
19945 1609
21554 3
19945 1613
21558 1
21558 5
19945 1621
21566 3
19945 1632
19945 1637
21582 5
21582 7
21582 17
19945 1656
19945 1663
21608 3
19945 1667
21612 1
19945 1669
21614 3
19945 1699
21644 3
21644 5
19945 1709
21654 7
19945 1723
21668 5
19945 1733
21678 5
19945 1753
21698 3
19945 1759
21704 9
19945 1777
21722 5
19945 1792
21737 2
19945 1801
21746 5
19945 1811
21756 1
19945 1818
21763 4
19945 1827
21772 1
19945 1831
21776 11
19945 1847
21792 7
21792 11
19945 1871
21816 1
19945 1876
19945 1889
21834 5
19945 1896
19945 1901
21846 5
19945 1913
21858 1
21858 5
21858 13
19945 1933
21878 3
19945 1947
21892 1
19945 1951
21896 15
19945 1984
19945 1990
21935 2
19945 1997
21942 1
19945 2016
19945 2032
19945 2039
21984 7
19945 2050
21995 2
19945 2053
21998 5
