2491
1 1
2 1
3 1
2 3
5 1
4 3
7 1
4 5
9 1
6 5
11 1
6 7
13 1
8 7
15 1
8 9
17 1
10 9
19 1
10 11
21 1
12 11
23 1
12 13
25 1
14 13
27 1
14 15
29 1
16 15
31 1
16 17
33 1
18 17
35 1
18 19
37 1
20 19
39 1
20 21
21 22
43 1
23 22
45 1
23 24
24 25
49 1
26 25
51 1
26 27
29 28
57 1
29 30
59 1
31 30
32 31
33 34
34 35
69 1
36 35
71 1
38 37
41 40
81 1
41 43
84 1
44 43
45 44
89 1
47 46
93 1
47 49
96 2
50 51
51 52
103 1
53 52
105 2
105 4
57 53
110 1
110 3
58 57
115 1
60 61
61 63
124 2
124 3
63 67
130 2
69 67
136 2
71 70
72 75
147 5
81 75
156 3
81 82
163 1
84 82
166 2
87 89
93 90
183 3
96 98
194 3
194 4
98 101
199 2
199 4
107 109
216 2
113 115
228 1
116 121
237 4
237 5
121 124
127 126
253 1
127 130
130 132
262 4
136 132
268 3
136 138
274 3
152 147
299 1
299 8
156 152
308 1
308 3
308 6
156 159
315 3
166 168
334 3
334 7
168 176
344 2
344 14
176 183
359 3
359 6
183 186
369 8
369 9
199 198
201 203
404 9
404 11
404 12
216 203
419 8
419 11
229 237
466 2
466 5
466 9
241 237
478 1
245 253
498 1
262 257
519 7
274 277
551 7
299 300
599 7
309 308
617 1
318 315
633 11
344 341
685 1
358 346
704 4
362 365
727 6
369 365
734 5
369 377
746 8
404 397
801 3
801 15
413 404
817 8
427 430
857 1
857 10
430 466
896 7
896 14
896 17
479 498
977 6
977 19
551 526
1077 26
551 558
1109 23
599 558
1157 20
1157 34
606 617
1223 10
618 633
1251 14
644 633
1277 17
1277 34
704 708
1412 6
727 708
1435 12
727 733
1460 6
746 739
1485 2
746 754
1500 8
1500 11
1500 32
801 754
1555 13
1555 34
857 825
1682 4
1682 14
1682 32
867 896
1763 1
1763 10
910 913
1823 33
1823 40
1077 996
2073 3
2073 16
2073 19
2073 58
1132 1157
2289 36
1177 1191
2368 33
1251 1233
2484 8
2484 12
1265 1251
2516 6
1435 1418
2853 28
1435 1447
2882 3
1460 1466
2926 19
1511 1508
3019 23
1589 1568
3157 32
3157 50
1682 1589
3271 58
1696 1714
3410 60
1763 1714
3477 4
1773 1823
3596 9
1856 1863
3719 23
3719 41
3760 1
3719 90
3719 94
3813 1
2289 2131
2325 2289
4614 9
2853 2522
5375 141
5516 5
5375 242
5617 2
5375 245
5620 1
5375 254
5629 2
2945 3019
5964 61
3189 3207
6396 12
6396 60
3207 3271
6478 53
6531 2
6478 98
6576 1
3271 3329
6600 93
6600 113
6600 116
6716 4
3605 3719
7324 14
7324 26
3719 3742
7461 29
3814 3813
7627 75
7702 1
7627 183
7810 2
7627 186
7813 3
7627 199
7826 1
7627 262
7889 2
7627 299
7627 378
8005 14
7627 404
8031 4
3814 4420
8234 186
4614 4623
9237 59
9237 237
9474 3
9237 633
9870 10
9237 739
9976 3
5375 4623
9998 254
9998 300
10298 4
9998 526
10524 2
5521 5516
11037 3
5631 5629
11260 186
11446 1
11260 229
11489 1
5964 5631
11595 266
5964 6025
11989 36
11989 116
6025 6396
12421 41
12421 277
12698 7
6408 6396
12804 30
6533 6531
13064 8
6577 6600
13177 93
6716 6720
13436 17
7324 6720
14044 127
14171 1
14044 378
14422 8
7461 7490
14951 47
7703 7702
15405 45
7703 7810
15513 36
8031 8019
16050 5
8234 8035
16269 378
8234 8420
16654 346
17000 9
16654 359
17013 2
16654 739
17393 6
16654 983
17637 6
9296 9237
18533 194
9296 9474
18770 37
9477 9474
18951 254
9477 9870
19347 152
19499 2
9998 9979
19977 101
20078 1
10252 10298
20550 20
10302 10298
20600 198
10526 10524
21050 63
21113 3
21050 138
21188 2
11260 11040
22300 257
22557 2
22300 277
22577 4
12105 12025
24130 159
12462 12698
25160 39
13072 13064
26136 5
13270 13177
26447 132
26579 1
13436 13453
26889 346
27235 10
26889 479
27368 4
14171 14172
28343 194
28537 1
14172 14422
28594 201
28795 1
14422 14430
28852 309
14951 14998
29949 168
30117 7
16055 16269
32324 63
32387 1
32324 274
32598 2
16654 16647
33301 218
16654 17000
33654 90
33744 1
18533 17643
36176 237
36413 2
18807 18951
37758 50
19499 19501
39000 277
39277 1
21050 20798
41848 307
21190 21188
42378 81
21190 22300
43490 754
44244 4
22581 22577
45158 218
45158 996
46154 16
22581 24130
46711 277
46988 17
46711 754
47465 16
24130 24289
48419 599
49018 4
24289 25160
49449 51
26579 26447
53026 1
26889 26580
53469 644
54113 3
27235 26889
54124 277
54401 16
27372 27368
54740 526
55266 4
54740 825
55565 24
28852 29161
58013 63
58076 1
29161 29949
59110 430
59540 15
59110 499
59609 11
59110 858
59968 8
30124 30117
60241 1863
62104 30
32324 30124
62448 163
62448 300
62748 2
62448 754
63202 27
62448 1589
64037 16
62448 1714
64162 6
62448 1863
64311 176
64487 4
33301 32600
65901 825
66726 17
36176 33745
69921 468
70389 1
69921 754
69921 1277
71198 11
69921 1589
71510 87
71597 1
36413 36176
72589 156
72745 1
39277 39278
78555 558
78555 754
79309 18
78555 1311
79866 25
41848 42155
84003 29
84003 416
84419 2
43490 42459
85949 245
86194 5
44244 44248
88492 708
89200 9
44248 45158
89406 378
89784 2
89406 644
90050 24
45158 45376
90534 318
90852 8
49022 49449
98471 430
98901 7
49449 49500
98949 825
53026 49500
102526 644
103170 22
54113 53469
107582 16
55565 55589
111154 277
111431 14
55589 58013
113602 2289
58076 58077
116153 138
59110 58077
117187 359
117546 1
60241 59976
120217 754
120971 43
62104 60241
122345 727
63202 62750
125952 163
63202 63229
126431 141
126572 3
126431 526
126957 3
63229 64037
127266 369
127635 7
64491 64487
128978 801
129779 2
128978 1294
130272 10
65901 64491
130392 867
131259 6
66726 66743
133469 75
133544 1
133469 1773
135242 43
66743 69921
136664 1763
70675 70390
141065 334
141399 2
71598 72589
144187 277
144464 9
144187 754
144941 35
72746 78555
151301 4623
155924 427
156351 1
79113 78555
157668 337
158005 3
79866 79891
159757 618
160375 3
159757 3814
163571 262
79891 84003
163894 71
163894 1714
165608 45
84421 84419
168840 825
169665 19
85949 84421
170370 241
170370 913
171283 14
170370 996
171366 27
86199 88492
174691 2522
177213 159
177372 2
90852 90860
181712 1568
183280 20
181712 6720
188432 85
90860 98471
189331 2325
191656 38
189331 6720
196051 404
196455 8
98901 98471
197372 277
197649 9
103170 103192
206362 2853
209215 13
206362 3814
210176 318
210494 9
107582 103192
210774 2522
213296 176
213472 5
210774 3207
213981 8
111154 107598
218752 913
219665 1
113602 115891
229493 197
122345 121014
243359 5
125952 123072
249024 2516
251540 5
126115 126431
252546 69
126572 126575
253147 271
127266 127635
254901 136
131265 131259
262524 746
263270 4
135285 136664
271949 1696
273645 9
271949 2522
274471 257
274728 2
271949 3019
274968 17
271949 3042
274991 36
138427 136664
275091 67
275158 1
275091 3481
278572 30
151301 144976
296277 6720
302997 334
303331 1
158008 158005
316013 644
316657 11
159757 158008
317765 1277
319042 13
168840 165653
334493 2401
336894 5
174691 171393
346084 3157
349241 26
177213 174691
351904 996
352900 14
183300 188432
371732 3042
188517 189331
377848 913
378761 39
191694 191656
383350 2522
385872 277
386149 21
197372 196463
393835 996
394831 57
197649 197658
395307 4420
399727 147
213989 213981
427970 2289
430259 13
218752 213989
432741 3761
436502 16
229493 219666
449159 1311
450470 63
450533 2
229493 229690
459183 1109
460292 21
459183 1568
460751 11
459183 2522
461705 218
461923 2
243359 229690
473049 1823
474872 29
473049 6025
479074 257
479331 3
243359 243364
486723 2401
489124 61
486723 3329
490052 63
243364 249024
492388 2522
494910 59
492388 3814
496202 430
496632 13
492388 4623
497011 53
497064 3
492388 6533
498921 10
249024 251540
500564 404
500968 1
500564 1233
501797 5
254901 255037
509938 1233
511171 17
255037 262524
517561 2853
520414 14
517561 7338
524899 5
262524 263270
525794 82
278572 275159
553731 3042
556773 105
278602 278572
557174 12421
569595 16
303331 303332
606663 8234
614897 176
615073 6
316013 303332
619345 1077
620422 24
619345 11595
630940 85
631025 1
319042 319055
638097 6408
644505 14
319055 334493
653548 11260
664808 75
664883 1
336894 336899
673793 8420
682213 754
682967 9
346084 336899
682983 8420
691403 419
691822 1
346084 349241
695325 1696
697021 16
351904 349267
701171 2496
352914 352900
705814 6720
712534 30
705814 10526
716340 378
716718 15
374774 371732
746506 867
747373 11
377848 378761
756609 606
757215 2
383350 378800
762150 3207
765357 30
386170 386149
772319 5631
777950 218
393835 386170
780005 6720
786725 257
395307 394888
790195 913
791108 61
791169 1
399874 399727
799601 3207
802808 2
799601 21190
820791 141
820932 1
799601 22581
822182 804
822986 3
799601 25199
824800 708
825508 9
399874 427970
827844 12462
840306 203
840509 7
827844 19501
847345 245
847590 4
827844 24289
852133 468
852601 1
436518 436502
873020 9296
882316 43
873020 10302
883322 116
473049 461925
934974 9880
944854 90
489124 486723
975847 2401
978248 35
501802 501797
1003599 2496
1006095 14
1003599 5631
1009230 257
1009487 4
501802 509938
1011740 3207
1014947 23
1011740 8420
1020160 218
1020378 5
517561 511188
1028749 1714
1030463 30
1028749 6600
1035349 31
525794 525876
1051670 4623
1056293 67
525876 553731
1079607 644
1080251 9
556878 557174
1114052 4623
1118675 41
557174 569595
1126769 6025
1132794 113
569595 569611
1139206 12025
1151231 59
1139206 21190
1160396 526
1160922 3
606663 569611
1176274 22581
1198855 419
1199274 4
638097 631026
1269123 3761
1272884 21
1269123 6720
1275843 111
644505 644519
1289024 2496
1291520 1
682213 682967
1365180 606
1365786 4
682983 682976
1365959 4420
1370379 105
716718 716733
1433451 8420
1441871 369
1442240 5
747384 747373
1494757 2131
1496888 47
1494757 6478
1501235 21
1494757 6720
1501477 526
1502003 1
747384 756609
1503993 3814
1507807 404
1508211 7
1503993 8035
1512028 28
765387 765357
1530744 3477
1534221 1
778168 780005
1558173 3814
1561987 277
1562264 11
802810 820791
1623601 8420
1632021 558
1632579 31
827844 825517
1653361 903
1654264 3
840306 827844
1668150 10252
1678402 31
873020 852602
1725622 1191
1726813 10
882316 873020
1755336 6025
1761361 147
1761508 2
883322 883438
1766760 18951
1785711 111
1766760 27372
1794132 430
1794562 19
934974 883438
1818412 2368
1820780 2
1818412 39278
1857690 1589
1859279 50
934974 944854
1879828 6025
1885853 365
1886218 3
1879828 8420
1888248 734
1888982 3
944854 944944
1889798 6025
1895823 201
1889798 11595
1901393 116
978248 978283
1956531 9477
1966008 245
1966253 3
1956531 9880
1966411 2
1956531 18533
1975064 85
1956531 22581
1979112 1132
1980244 7
978283 1003599
1981882 11595
1993477 6
1020378 1020383
2040761 7827
2048588 16
1035349 1035380
2070729 13270
2083999 164
1035380 1051670
2087050 10302
2097352 113
2097465 1
1080260 1080251
2160511 32600
2193111 318
2193429 13
1132907 1139206
2272113 6720
2278833 203
2279036 6
1160925 1176274
2337199 2492
2339691 3
1199274 1199278
2398552 6720
2405272 176
2405448 2
2398552 54417
2452969 89
1269123 1199278
2468401 22581
2490982 18
2468401 29161
2497562 203
2497765 7
2468401 55589
2523990 1460
2525450 4
2468401 65901
2534302 734
2535036 2
1275954 1289024
2564978 14998
2579976 16
1291521 1291520
2583041 18727
2601768 34
2583041 55589
2638630 526
2639156 22
1291521 1365180
2656701 37808
2694509 22
1370379 1370484
2740863 39278
2780141 2496
2782637 9
1442240 1442245
2884485 45376
2929861 186
1442245 1494757
2937002 21190
2958192 499
2958691 13
2937002 49500
2986502 996
2987498 58
1503993 1502004
3005997 3814
3009811 199
3010010 1
1512028 1508218
3020246 430
3020676 17
1558173 1534222
3092395 16654
3109049 337
1562275 1562264
3124539 53027
3177566 156
3177722 1
1632610 1632579
3265189 3814
3269003 369
3269372 6
1668150 1678402
3346552 526
3347078 22
1678402 1678433
3356835 13177
3370012 70
1755336 1726823
3482159 1460
3483619 4
3482159 4623
3486782 29
3482159 9477
3491636 203
3491839 1
1766760 1785711
3552471 1223
3553694 2
1794581 1818412
3612993 5631
3618624 116
3618740 3
1859329 1859279
3718608 3814
3722422 138
3722560 1
1859329 1879828
3739157 22581
3761738 341
3762079 1
1885853 1879828
3765681 3481
3769162 1
1895823 1889798
3785621 378
3785999 5
1901509 1901393
3802902 46711
3849613 40
1956531 1901509
3858040 19347
3877387 63
3858040 49500
3907540 996
3908536 51
1975064 1966413
3941477 4420
3945897 156
1981882 1993477
3975359 176
3975535 2
2040761 1993483
4034244 20079
4054323 277
4054600 21
4034244 24289
4058533 166
4058699 1
4034244 39278
4073522 1686
4075208 5
2160511 2097466
4257977 26580
4284557 126
2193442 2272113
4465555 60241
4525796 1500
4527296 1
2339691 2339694
4679385 28594
4707979 9
2339694 2398552
4738246 14172
4752418 53
4752471 2
2405450 2405448
4810898 45376
4856274 739
4857013 3
2453058 2468401
4921459 33745
4955204 499
2601768 2583041
5184809 5521
5190330 90
5190420 2
2601768 2601802
5203570 24289
5227859 318
5228177 8
2638630 2601802
5240432 3814
5244246 11
2639156 2639178
5278334 7324
5285658 6
2639178 2656701
5295879 48419
5344298 277
5344575 1
2740863 2694531
5435394 45376
5480770 315
5481085 2
5435394 46170
5481564 359
5481923 1
5435394 72746
5508140 4614
5512754 1
2782637 2782646
5565283 41848
5607131 257
5607388 2
5565283 49500
5614783 2945
5617728 51
2937002 2930047
5867049 11490
5878539 98
2958192 2937002
5895194 6025
5901219 229
2958691 2958704
5917395 10526
2987556 2987498
5975054 6408
5981462 46
5975054 10252
5985306 8
3020693 3020676
6041369 5521
6046890 19
3092395 3020693
6113088 45376
6158464 138
6158602 1
6113088 55589
6168677 1714
6170391 37
6168677 2325
6171002 36
3124539 3177566
6302105 49500
6351605 2289
6353894 14
3265189 3177723
6442912 71598
6514510 913
6515423 35
6442912 90074
6532986 277
6533263 1
3347078 3347100
6694178 4623
6698801 727
6699528 3
3370082 3370012
6740094 33745
6773839 2401
6776240 12
3491840 3552471
7044311 16055
7060366 105
7044311 37808
7082119 237
3618743 3618740
7237483 11861
7249344 67
7249411 1
3849613 3802902
7652515 30124
7682639 132
7682771 3
3877450 3877387
7754837 9296
7764133 132
7764265 1
3877450 3907540
7784990 5631
7790621 194
7790815 2
3941477 3908587
7850064 6720
7856784 419
7850064 8420
7858484 526
7859010 20
3975535 3975537
7951072 6025
7957097 218
7957315 6
7951072 55589
8006661 257
8006918 2
3975537 4034244
8009781 4420
8014201 72
4054600 4054621
8109221 3042
8112263 17
4075213 4075208
8150421 155924
8306345 378
8306723 16
4075213 4257977
8333190 49500
8382690 644
8383334 11
4465555 4284683
8750238 19347
8769585 58
8750238 86199
8836437 1294
8837731 15
8750238 171393
8921631 3042
8924673 94
4525796 4465555
8991351 25199
9016550 378
4857016 4921459
9778475 90860
9869335 6025
9875360 94
9875454 1
4921459 4955204
9876663 5521
9882184 71
4955204 4955703
9910907 19501
9930408 18
4955703 5184809
10140512 66743
10207255 526
10207781 20
5227859 5203570
10431429 7926
10439355 75
10439430 2
10431429 22581
10454010 1191
10455201 20
5295879 5344298
10640177 6025
10646202 166
5344576 5344575
10689151 71510
10760661 8
5435394 5344576
10779970 39278
10819248 2401
10821649 7
5512754 5512755
11025509 46170
11071679 430
5512755 5565283
11078038 72746
11150784 277
11151061 5
5867049 5617779
11484828 138427
11623255 419
11623674 2
5985314 5985306
11970620 1311
11971931 46
11970620 33745
12004365 1589
12005954 18
5985314 6041369
12026683 44248
12070931 430
12071361 8
6113088 6046909
12159997 45376
12205373 176
12205549 3
6171038 6302105
12473143 107598
12580741 1863
12582604 186
12582790 5
6353894 6353908
12707802 86199
12794001 419
12794420 7
6442912 6353908
12796820 66743
12863563 257
12863820 1
6442912 6514510
12957422 25199
12982621 344
12982965 1
6533264 6533263
13066527 88492
13155019 479
13155498 6
6699531 6740094
13439625 10526
13450151 378
13450529 13
6776252 6776240
13552492 18951
13571443 186
13571629 4
13552492 55589
13608081 1277
13609358 3
13552492 64491
13616983 1191
13618174 3
13552492 197372
13749864 141
6776252 7044311
13820563 151301
13971864 3481
13975345 82
13975427 1
13820563 160378
13980941 2926
13983867 6
13820563 219666
14040229 3814
14044043 59
7082356 7082119
14164475 103192
14267667 3605
14271272 13
7249412 7249411
14498823 11490
14510313 51
14498823 103192
14602015 1714
14603729 11
14498823 120217
14619040 526
14619566 13
14498823 197658
14696481 3481
14699962 63
14700025 3
14498823 206362
14705185 1589
14706774 43
14498823 378800
14877623 4420
14882043 109
7652515 7249412
14901927 63229
14965156 754
14965910 23
7652515 7682639
15335154 17015
15352169 203
15352372 2
7754837 7682774
15437611 43490
15481101 369
7764266 7764265
15528531 15549
15544080 378
15544458 11
7859030 7859010
15718040 44248
15762288 413
8112280 8150421
16262701 28796
16291497 52
8383334 8383345
16766679 48419
16815098 430
16815528 6
8750238 8383345
17133583 55589
17189172 1589
17190761 49
17133583 63229
17196812 618
17197430 13
17133583 72746
17206329 427
17206756 2
17133583 374774
17508357 2522
17510879 183
8924673 8924767
17849440 39278
17888718 1532
17890250 11
9016928 9016550
18033478 160378
18193856 2522
18196378 166
18196544 1
9778475 9016928
18795403 136664
18932067 1714
18933781 17
18795403 243364
19038767 2522
19041289 268
19041557 2
18795403 399874
19195277 22581
19217858 1311
19219169 89
18795403 427970
19223373 1589
19224962 82
19225044 1
18795403 569611
19365014 6025
19371039 365
19371404 3
10640177 10455221
21095398 18951
21114349 53
21114402 2
10760661 10689151
21449812 27372
21477184 499
21477683 7
11151066 11484828
22635894 36415
22672309 1191
22673500 6
22635894 66743
22702637 644
22703281 9
22635894 169684
22805578 218
22805796 9
11623676 11623674
23247350 45376
23292726 727
23293453 1
23247350 127642
23374992 8
23247350 128978
23376328 152
23376480 3
11970620 11623676
23594296 111445
23705741 1233
23706974 11
23594296 249024
23843320 1863
23845183 141
23845324 1
12026683 12005972
24032655 16269
24048924 254
24049178 2
12159997 12071369
24231366 21190
24252556 271
24252827 1
12205549 12205552
24411101 66743
24477844 2945
24480789 23
24411101 177374
24588475 1589
24590064 87
24411101 188517
24599618 268
24599886 1
12473143 12205552
24678695 42459
24721154 644
24721798 40
24678695 144976
24823671 4623
24828294 203
24828497 10
24678695 219666
24898361 2522
24900883 147
12796820 12794427
25591247 2496
25593743 1
13155504 13439625
26595129 69921
26665050 58
26595129 229690
26824819 8234
26833053 53
13983873 13983867
27967740 28852
27996592 300
14044102 14164475
28208577 44248
28252825 499
28253324 12
28208577 127642
28336219 1191
28337410 1
14498823 14271285
28770108 90860
28860968 6720
28867688 378
28868066 18
28770108 210774
28980882 2289
28983171 17
14510364 14602015
29112379 54740
29167119 519
29167638 5
14619579 14619566
29239145 66743
29305888 116
14696481 14619579
29316060 44248
29360308 299
14965933 14965910
29931843 319055
30250898 8420
30259318 478
30250898 14430
30265328 23
14965933 15335154
30301087 352914
30654001 13453
30667454 203
30667657 5
15352372 15352374
30704746 66743
30771489 430
30771919 23
15762288 15762701
31524989 319055
31844044 10526
31854570 277
31854847 21
15762701 16262701
32025402 474901
32500303 2131
32502434 69
16291497 16291549
32583046 197658
32780704 7926
32788630 27
16815528 16815534
33631062 181712
33812774 606
33813380 5
17133583 17189172
34322755 3042
34325797 75
34325872 4
17206756 17206758
34413514 177374
34590888 2945
34593833 41
34593874 1
17206758 17508357
34715115 111445
34826560 277
34826837 10
34715115 160378
34875493 1435
34876928 4
17890261 17890250
35780511 36415
35816926 479
35817405 3
35780511 44248
35824759 558
35825317 32
18933798 19038767
37972565 72746
38045311 1418
38046729 12
19041559 19041557
38083116 107598
38190714 644
38191358 36
19041559 19195277
38236836 13453
38250289 141
38250430 3
19371407 19371404
38742811 352914
39095725 9296
39105021 90
38742811 399874
39142685 913
39143598 59
38742811 791170
39533981 7827
39541808 4
21477690 21477683
42955373 525876
43481249 21190
43502439 71
21477690 22635894
44113584 66743
44180327 686
44181013 6
44113584 944944
45058528 12834
45071362 96
45058528 13177
45071705 33
23247350 22805805
46053155 394888
46448043 63
46448106 3
23376483 23594296
46970779 177374
47148153 1863
47150016 111
23705741 23594296
47300037 9477
47309514 365
24032655 23845325
47877980 45158
47923138 47
24721838 24721798
49443636 89406
49533042 71
24901030 24900883
49801913 229690
50031603 12105
50043708 237
50043945 3
49801913 620446
50422359 804
25591247 24901030
50492277 39278
50531555 1294
50532849 13
50492277 486723
50979000 2092
50981092 27
50492277 557174
51049451 9237
51058688 2
25593744 26595129
52188873 852602
53041475 17643
53059118 825
53059943 22
26665108 26665050
53330158 39278
53369436 1773
53371209 18
26833053 26833106
53666159 191694
53857853 1223
53859076 7
27967740 26833106
54800846 352914
55153760 10526
55164286 163
54800846 1056360
55857206 1508
55858714 2
28208577 27996892
56205469 165653
56371122 746
56371868 1
28337411 28337410
56674821 123072
56797893 1686
56799579 2
28337411 28770108
57107519 113602
57221121 1294
57222415 14
57107519 271949
57379468 1532
57381000 1
29931843 29360607
59292450 430272
59722722 739
59723461 1
59292450 460313
59752763 67
59752830 1
59292450 716733
60009183 22581
60031764 754
60032518 16
30250898 29931843
60182741 117547
60300288 708
60300996 6
30654001 30301087
60955088 121014
61076102 1109
61077211 16
30704746 30667662
61372408 49449
61421857 41
61421898 1
30771919 30771942
61543861 747384
62291245 4420
62295665 87
31854868 32025402
63880270 181712
64061982 404
64062386 2
63880270 399727
64279997 67
64280064 1
32583046 32502503
65085549 253418
65338967 337
32788657 32788630
65577287 486723
66064010 558
66064568 15
32788657 33631062
66419719 255037
66674756 3814
66678570 499
66679069 15
66419719 399874
66819593 13270
66832863 15
66419719 664884
67084603 8420
67093023 53
67093076 1
33812774 33631062
67443836 90860
67534696 4623
67539319 558
67539877 19
35780511 34876932
70657443 336899
70994342 8234
71002576 9
35825349 37972565
73797914 165653
73963567 1714
73965281 16
38250433 38742811
76993244 171393
77164637 825
77165462 11
39095725 38742811
77838536 27372
77865908 430
77866338 12
39533981 39143657
78677638 158008
78835646 746
78836392 3
39541812 39541808
79083620 716733
79800353 17399
79817752 156
79817908 1
79083620 1199278
80282898 60241
80343139 1773
80344912 5
79083620 1370484
80454104 33745
80487849 1589
80489438 75
80489513 5
79083620 1562275
80645895 39278
80685173 996
80686169 72
80686241 1
79083620 3269378
82352998 24130
42955373 39541812
82497185 303332
82800517 4623
82805140 558
82805698 33
82497185 1901509
84398694 33745
84432439 754
84433193 7
82497185 1993483
84490668 6396
84497064 4
82497185 3858040
86355225 3605
86358830 71
43502510 43502439
87004949 263274
87268223 983
45058528 44181019
89239547 156352
89395899 1191
89397090 15
45071738 45071705
90143443 59976
90203419 262
90203681 1
90143443 86199
90229642 20
46448109 46448106
92896215 278602
93174817 10526
93185343 378
93185721 7
46970779 46448109
93418888 163894
93582782 38
93418888 525876
93944764 21190
93965954 896
93966850 1
47309514 47309879
94619393 336899
94956292 6025
94962317 61
94962378 1
47309879 47877980
95187859 317765
95505624 166
95505790 1
47923138 47923185
95846323 883438
96729761 44248
96774009 199
49443636 47923185
97366821 399874
97766695 16269
97782964 277
97783241 10
49801913 49533113
99335026 399874
99734900 19501
99754401 346
99754747 3
50979000 50532862
101511862 151301
101663163 817
101663980 3
51058688 51058690
102117378 296277
102413655 1294
102414949 14
52188873 51058690
103247563 42459
103290022 526
103290548 12
103247563 1080260
104327823 4623
104332446 746
104333192 3
103247563 1199278
104446841 46711
104493552 274
104493826 1
103247563 1275954
104523517 11040
104534557 75
104534632 5
53371227 53666159
107037386 263274
107300660 3329
107303989 58
107037386 352914
107390300 17399
107407699 63
107407762 1
53859083 53859076
107718159 319055
108037214 13453
108050667 168
108050835 7
54800846 53859083
108659929 762150
109422079 2522
109424601 277
109424878 10
108659929 820933
109480862 1157
109482019 3
55164286 55164449
110328735 501802
110830537 6025
110836562 51
55857206 55164449
111021655 511188
111532843 3814
111536657 359
111537016 2
56371868 56371869
112743737 66743
112810480 2131
112812611 121
57381001 57381000
114762001 1176274
115938275 19347
115957622 43
59722722 59292450
119015172 177374
119192546 3470
119196016 6
61077211 61077227
122154438 98949
122253387 754
122254141 32
61372408 61077227
122449635 191694
122641329 479
122641808 15
61543861 62291245
123835106 557174
124392280 1773
124394053 25
62295665 62295752
124591417 1291521
125882938 64491
125947429 558
125947987 17
124591417 1534222
126125639 12462
126138101 186
126138287 5
62295752 63880270
126176022 1118716
127294738 1589
127296327 17
65085549 64280065
129365614 430272
129795886 2368
129798254 11
66064583 66064568
132129151 144976
132274127 3814
132277941 404
66064583 66419719
132484302 213989
132698291 1555
132699846 4
71002576 71002585
142005161 2601802
144606963 22581
144629544 1277
144630821 11
73965297 73965281
147930578 2740863
150671441 19501
150690942 101
73965297 76993244
150958541 2740863
153699404 32324
153731728 35
79817908 79817909
159635817 336899
159972716 4623
159977339 132
159977471 2
79817909 80282898
160100807 160378
160261185 1157
160262342 16
80489513 80489518
160979031 121014
161100045 346
161100391 4
80686242 82352998
163039240 620446
163659686 5375
163665061 10
82377128 82497185
164874313 317765
165192078 127
82805731 82805698
165611429 1199278
166810707 55589
166866296 156
166866452 2
84497068 86355225
170852293 229690
171081983 12105
171094088 201
171094289 1
87268223 87004949
174273172 98949
174372121 346
174372467 3
174273172 210774
174483946 2496
174486442 16
87269206 89239547
176508753 1512056
178020809 14044
178034853 14
89397105 90143443
179540548 113602
179654150 1265
179655415 6
90229662 90229642
180459304 22581
180481885 996
180482881 58
180459304 123072
180582376 98
180582474 2
180459304 978283
181437587 3814
181441401 599
181442000 2
92896215 90229662
183125877 1993483
185119360 3410
185122770 47
93966850 93966851
187933701 188517
188122218 558
188122776 19
94619393 93966851
188586244 8420
188594664 644
188595308 31
96774208 97366821
194141029 883438
195024467 47481
195071948 526
195072474 11
97783251 99335026
197118277 436518
197554795 7827
197562622 52
197118277 620446
197738723 9880
197748603 41
197748644 1
99754747 99754750
199509497 682983
200192480 3042
200195522 85
200195607 1
101663163 101511862
203175025 42459
203217484 479
203217963 4
101663983 102117378
203781361 520428
204301789 3809
204305598 3
103290560 103290548
206581108 278602
206859710 7891
206867601 19
103290560 104327823
207618383 934974
208553357 2325
208555682 26
104493827 104523517
209017344 3814
209021158 430
209021588 22
104534637 104534632
209069269 177374
209246643 1103
209247746 5
209069269 653548
209722817 8420
209731237 397
209731634 5
209069269 1820782
210890051 22581
210912632 277
210912909 4
104534637 107037386
211572023 1993483
213565506 45158
213610664 141
213610805 2
108050842 108659929
216710771 883438
217594209 12834
217607043 201
217607244 1
216710771 944944
217655715 28343
217684058 41
109482022 110328735
219810757 219666
220030423 229
111021655 110836613
221858268 55270
221913538 168
221913706 5
111537018 112743737
224280755 399874
224680629 2289
224682918 9
112812732 112812611
225625343 1726823
227352166 11040
227363206 201
115957665 119015172
234972837 2097466
237070303 7350
237077653 69
119196022 119196016
238392038 383350
238775388 1177
238776565 5
238392038 1820782
240212820 4623
240217443 176
240217619 6
119196022 122154438
241350460 2097466
243447926 8035
243455961 69
243447926 54417
243502343 45
124394078 124591417
248985495 168840
249154335 644
249154979 10
125882938 124591417
250474355 486723
250961078 1311
250962389 40
250474355 883438
251357793 42155
251399948 124
251400072 1
125947987 125948004
251895991 28852
251924843 138
251924981 1
127296327 127296344
254592671 1442245
256034916 49500
256084416 2131
256086547 156
256086703 1
254592671 1857690
256450361 126
129365614 127296344
256661958 174691
256836649 1863
256838512 203
256838715 5
256661958 189331
256851289 867
256852156 22
256661958 1199278
257861236 37808
257899044 245
257899289 1
132699846 132699850
265399696 1442245
266841941 39278
266881219 1077
266882296 8
132699850 142005161
274705011 2160511
276865522 29161
276894683 277
276894960 2
274705011 3124539
277829550 17015
277846565 241
274705011 3769163
278474174 9296
278483470 13
274705011 3975537
278680548 686
278681234 1
274705011 6171038
280876049 123072
280999121 499
280999620 7
147930578 144630832
292561410 1901509
294462919 37808
294500727 218
294500945 4
150671441 147930578
298602019 2097466
300699485 22300
300721785 121
300721906 2
150690942 150691043
301381985 219666
301601651 1823
301603474 17
150958541 150691043
301649584 1785822
303435406 5617
153731763 159635817
313367580 489185
313856765 166
313367580 4752473
318120053 14951
318135004 14
159972716 159635817
319608533 107598
319716131 3157
319719288 6
161100391 161100395
322200786 303332
322504118 5631
322509749 176
322509925 6
322200786 1291521
323492307 65901
323558208 686
323558894 13
165192078 165192205
330384283 386170
330770453 7350
330777803 96
330777899 1
165192205 165611429
330803634 209228
331012862 754
331013616 2
170852293 171081983
341934276 90860
342025136 2522
342027658 141
174372470 174483946
348856416 6720
348863136 254
348863390 1
174486442 174486458
348972900 79891
349052791 3814
349056605 164
349056769 1
348972900 1291521
350264421 27372
350291793 746
350292539 5
181437587 180582476
362020063 631026
362651089 1714
362652803 3
181442000 181442002
362884002 336899
363220901 218
363221119 9
183125877 181442002
364567879 944944
365512823 754
365513577 10
188595308 188595339
377190647 4527297
381717944 72746
381790690 2945
381793635 20
195024467 194141029
389165496 219666
389385162 7627
389392789 3
197118277 195072485
392190762 1981882
394172644 2092
394174736 1
200195608 200195607
400391215 1623601
402014816 6025
402020841 115
200195608 203175025
403370633 653548
404024181 6025
404030206 186
404030392 7
207618383 206867620
414486003 827844
415313847 10302
415324149 203
415324352 2
208553357 207618383
416171740 399874
416571614 7350
416578964 63
416579027 1
209731634 209731639
419463273 557174
420020447 9998
420030445 127
210890051 209731639
420621690 1160925
421782615 9296
421791911 152
421792063 1
213565506 211572023
425137529 1080260
426217789 14430
426232219 101
426232320 1
213610807 216710771
430321578 1901509
432223087 6025
432229112 346
432229458 7
219810757 217684099
437494856 197658
437692514 1856
437694370 5
220030652 221858268
441888920 59620
441948540 277
441948817 5
221913711 221913706
443827417 1562275
445389692 59620
445449312 104
221913711 224280755
446194466 2193442
448387908 46711
448434619 121
448434740 2
227363206 227363407
454726613 210774
454937387 1589
454938976 39
454726613 1370484
456097097 19977
456117074 75
456117149 1
454726613 2884485
457611098 17643
457628741 686
457629427 15
454726613 3265189
457991802 913
457992715 15
454726613 6353908
461080521 27372
461107893 686
461108579 13
227363407 234972837
462336244 820933
463157177 754
463157931 7
462336244 840516
463176760 18
462336244 3739157
466075401 12705
466088106 47
466088153 1
462336244 6776252
469112496 177374
469289870 1714
469291584 43
462336244 7790817
470127061 20798
470147859 218
470148077 5
240217625 241350460
481568085 2497772
484065857 9296
484075153 71
243502388 248985495
492487883 1442245
493930128 20798
493950926 69
249154989 249154979
498309968 399874
498709842 17643
498727485 141
498727626 5
257899289 257899290
515798579 2740863
518539442 6600
518546042 10
265399696 257899290
523298986 1820782
525119768 1157
525120925 17
523298986 4955703
528254689 33745
528288434 1265
528289699 3
265399696 266841941
532241637 160378
532402015 2945
532404960 13
532241637 786982
533028619 1077
533029696 25
