5375
1 1
2 1
3 2
5 1
3 5
8 1
8 2
5 6
11 1
8 9
17 1
10 9
19 1
12 11
23 1
12 17
29 3
32 1
29 5
18 17
35 1
20 19
39 1
24 23
47 1
32 33
65 1
34 33
67 1
36 35
71 1
40 39
79 1
48 47
95 1
66 65
131 1
68 67
135 1
72 71
143 1
80 79
159 1
96 95
191 1
96 131
227 29
256 1
227 33
132 131
263 1
136 135
271 1
144 143
287 1
160 159
319 1
192 191
383 1
256 257
513 3
260 257
517 3
264 263
527 1
272 271
543 1
288 287
575 1
320 319
639 1
384 383
767 1
384 513
897 96
993 33
517 520
1037 3
527 528
1055 1
543 544
1087 1
575 576
1151 1
639 640
1279 1
767 768
1535 1
1026 993
2019 36
2055 1
1037 1026
2063 1
1037 1040
2077 3
1055 1056
2111 1
1087 1088
2175 1
1151 1152
2303 1
1279 1280
2559 1
1535 1536
3071 1
2019 2055
4074 29
4103 1
2055 2056
4111 1
2063 2064
4127 1
2111 2112
4223 1
2175 2176
4351 1
2303 2304
4607 1
2559 2560
5119 1
3071 3072
6143 1
4104 4103
8207 1
4112 4111
8223 1
4128 4127
8255 1
8255 65
4223 4224
8447 1
4351 4352
8703 1
4607 4608
9215 65
9215 96
9311 33
9215 257
4608 5119
9727 65
9727 96
9823 33
9727 272
9999 2
9999 3
10002 1
9727 320
10047 18
9727 384
10111 18
5120 5119
10239 18
10239 272
10511 2
10239 768
11007 18
5120 6143
11263 768
12031 18
6143 6144
12287 1536
13823 272
14095 2
8704 9215
17919 272
18191 2
9472 9727
19199 18
9856 9823
19679 48
19727 2
10002 10001
10065 10047
20112 18
10129 10111
20240 18
10257 10239
20496 18
10513 10511
21024 2
11025 11007
22032 18
12031 12049
24080 18
14095 14097
28192 2
28192 1026
28192 1536
29728 2
29728 272
30000 3
19729 20003
39732 272
40004 1
40004 2
40004 3
40007 1
20112 20130
40242 18
20240 20258
40498 18
20496 20514
41010 18
21024 21026
42050 2
22032 22050
44082 18
24080 24098
48178 18
48178 1040
49218 2
48178 1536
49714 18
49714 288
50002 3
30003 30000
60003 3
40004 40005
80009 1
40516 40498
81014 18
41028 41010
82038 18
42052 42050
84102 2
44100 44082
88182 18
88182 1040
89222 2
88182 1536
89718 288
90006 3
50002 50005
100007 3
60003 60006
120009 3
80009 60006
140015 19729
159744 272
160016 1
140015 20003
81032 81014
162046 18
82056 82038
164094 18
84104 84102
168206 2
168206 1536
169742 272
170014 3
90009 90006
180015 3
100010 100007
200017 3
200020 1
200017 5
200017 11
200017 513
200530 2
200017 1026
201043 1
200017 2019
202036 32
200017 4074
204091 24
204115 1
200017 10003
210020 1
100010 120009
220019 1026
221045 1
220019 2019
222038 32
220019 4074
224093 24
224117 1
220019 12049
232068 3
220019 14097
234116 320
234436 24
234460 2
234460 3
234463 1
234436 29
234465 1
234436 48
234484 10
234116 1280
235396 80
235476 10
234116 2304
236420 80
236500 10
220019 18193
238212 320
238532 24
238556 2
120012 120009
240021 4352
244373 80
244453 10
240021 14097
254118 320
254438 24
254462 2
120012 140015
260027 14097
274124 320
274444 20
274464 2
140015 159744
299759 14097
313856 576
314432 36
314468 2
180018 200017
380035 14097
394132 320
394452 24
394476 2
220019 210021
430040 4352
434392 80
434472 10
224117 224118
448235 6144
454379 96
454475 9
232068 232071
464139 320
464459 24
464483 2
234463 234462
468925 1
234463 234464
468927 1
235486 235476
470962 10
240021 238558
478579 320
478899 24
478923 2
244453 244463
488916 10
254462 254464
508926 2
274466 274464
548930 3
548930 4074
553004 24
548930 10003
299759 274466
574225 80
574305 3
574308 1
574305 5
574305 6
574305 8
574305 12
574225 10065
584290 20
574225 20003
594228 80
594308 3
313856 299759
613615 640
614255 48
614303 10
314468 314470
628938 24098
653036 1280
654316 1
380035 314470
694505 39732
734237 80
734317 8
380035 394132
774167 160
774327 2
394476 394478
788954 19729
808683 80
808763 8
594308 594311
1188619 288
1188907 17
808763 808771
1617534 8704
1626238 320
1626558 48
1626606 11
808771 1188619
1997390 314470
2311860 2304
2314164 72
2314236 2
1188924 1188907
2377831 100010
2477841 19729
2497570 40
2497610 2
1617534 1188924
2806458 224118
3030576 6144
3036720 160
3036880 29
3036909 1
1626617 1626606
3253223 234494
3487717 160
3487877 20
3487897 1
3253223 314470
3567693 18193
3585886 544
3586430 6
1997390 1626617
3624007 434482
4058489 5120
4063609 768
4064377 96
4064473 29
4064502 1
2377831 2477841
4855672 30003
4885675 9344
4895019 96
4895115 11
2806458 2497612
5304070 314470
5618540 30003
5648543 768
5649311 96
5649407 17
3036909 3036910
6073819 120012
6193831 768
6194599 48
6194647 6
6194653 1
3253223 3487717
6740940 60006
6800946 2304
6803250 96
6803346 24
6803370 3
3487898 3487897
6975795 60006
7035801 14097
7049898 2064
7051962 3
7051965 1
4058489 3624007
7682496 274466
7956962 6144
7963106 1056
7964162 12
4064503 4064502
8129005 594311
8723316 14097
8737413 1536
8738949 24
8738973 3
8738976 1
4855672 4064503
8920175 654317
9574492 24098
9598590 1536
9600126 144
9600270 8
9598590 3072
9601662 80
9601742 5
4895115 4895126
9790241 24098
9814339 3072
9817411 384
9817795 12
9817807 2
5304070 4895126
10199196 508928
10708124 12287
10720411 48
10720459 3
10720462 1
5649407 5649424
11298831 224118
11522949 640
11523589 24
6073819 5649424
11723243 464485
12187728 288
12188016 9
6194653 6194654
12389307 314470
12703777 13823
12717600 96
12717696 33
6194654 6740940
12935594 204116
13139710 5120
13144830 640
13145470 6
13145476 1
6803373 6975795
13779168 60006
13839174 1152
13840326 48
13840374 9
7051965 7051966
14103931 614313
14718244 576
14718820 24
14718844 2
7051966 7682496
14734462 314470
15048932 28194
15077126 640
15077766 48
15077814 10
7956962 7682496
15639458 170017
15809475 3072
15812547 96
15812643 32
7964174 8129005
16093179 90009
16183188 8704
16191892 48
16191940 11
16093179 164112
16257291 384
16257675 80
16257755 5
16093179 628938
16722117 21026
16743143 272
16743415 9
8737413 8723316
17460729 1536
17462265 272
17462537 10
8738977 8920175
17659152 160
17659312 11
17659152 434482
18093634 5120
18098754 272
18099026 6
8920175 9574492
18494667 508928
19003595 18193
19021788 320
19022108 20
9790241 9601747
19391988 10257
19402245 33
9817809 10199196
20017005 314470
20331475 49732
20381207 72
20381279 6
20017005 734325
20751330 3072
20754402 897
20755299 68
20755367 2
10720463 10720462
21440925 299759
21740684 9472
21750156 227
21750383 24
21750407 2
10720463 11298831
22019294 694505
22713799 10003
22723802 34
11523613 11723243
23246856 180018
23426874 17919
23444793 96
23444889 6
11723243 12187728
23910971 274466
24185437 8704
24194141 80
24194221 12
24194233 1
12389307 12188025
24577332 120012
24697344 14097
24711441 1280
24712721 160
24712881 10
24577332 464485
25041817 768
25042585 80
25042665 5
12717729 12935594
25653323 380035
26033358 6144
26039502 1088
26040590 12
13779168 13145477
26924645 60006
26984651 3072
26987723 96
26924645 654317
27578962 29730
27608692 48
27608740 12
27608752 1
14103931 13840383
27944314 40008
27984322 12
27984334 3
27984337 1
14718244 14103931
28822175 100010
28922185 10513
28932698 320
28933018 6
14718846 14734462
29453308 314470
29767778 2176
29769954 66
15077824 15077814
30155638 394478
30550116 14097
30564213 384
30564597 12
30564609 2
15077824 15639458
30717282 100010
30817292 14097
30831389 1280
30832669 131
30717282 120012
30837294 12287
30849581 897
30850478 80
30850558 2
30717282 454484
31171766 3072
31174838 18
15812675 15812643
31625318 244463
31869781 993
31870774 19
16257755 16257760
32515515 60006
32575521 6144
32581665 1536
32583201 257
32583458 2
16722117 16257760
32979877 314470
33294347 8224
16743424 16743415
33486839 380035
33866874 6144
33873018 768
33873786 48
33873834 3
33873837 1
17460729 16743424
34204153 628938
34833091 4608
34837699 9
17462537 17462547
34925084 11007
34936091 3
34936094 1
17659323 17659312
35318635 254464
35573099 72
18099026 18099032
36198058 314470
36512528 24098
36536626 2304
36538930 96
36539026 29
36539055 2
18099032 18494667
36593699 274466
36868165 4608
36872773 144
36872917 2
18494667 19003595
37498262 204116
37702378 4352
37706730 40
37706770 2
19022108 19022128
38044236 60006
38104242 6144
38110386 1536
38111922 384
38112306 48
38112354 12
38112366 1
38044236 314470
38358706 10513
38369219 96
38369315 10
19402278 19402245
38804523 274466
39078989 20514
39099503 160
39099663 17
20017005 19402278
39419283 60006
39479289 4608
39483897 384
39484281 2
39419283 210021
39629304 2304
39631608 68
39631676 1
20331475 20017005
40348480 8448
40356928 144
40357072 1
20331475 20381207
40712682 2304
40714986 96
40715082 20
40715102 1
20755367 20755369
41510736 60006
41570742 12287
41583029 527
21440925 20755369
42196294 314470
42510764 60006
42570770 3072
42573842 768
42574610 33
42196294 734325
42930619 30003
42960622 6144
42966766 897
42967663 19
42196294 808771
43005065 160018
43165083 768
43165851 48
43165899 12
43165911 3
21750409 21750407
43500816 170017
43670833 384
43671217 68
21750409 22019294
43769703 240021
44009724 1536
44011260 272
44011532 9
22019294 22713799
44733093 90009
44823102 6144
44829246 1280
44830526 160
44830686 20
44830706 1
44733093 488926
45222019 5120
45227139 768
45227907 96
45228003 12
23246856 22723836
45970692 60006
46030698 2560
46033258 48
46033306 3
46033309 1
45970692 234494
46205186 576
46205762 48
46205810 12
46205822 2
45970692 394478
46365170 30003
46395173 2304
46397477 227
46397704 20
45970692 488926
46459618 11263
46470881 320
46471201 6
46471207 1
45970692 654317
46625009 30003
46655012 6144
46661156 320
46661476 6
46661482 1
23426874 23246856
46673730 20258
46693988 40
46694028 3
23444889 23444895
46889784 90009
46979793 11
23444895 23910971
47355866 42052
47397918 1152
47399070 24
47399094 3
47399097 1
47355866 299759
47655625 11263
47666888 192
47667080 29
24194234 24194233
48388467 120012
48508479 14097
48522576 1536
48524112 36
48524148 1
24194234 24577332
48771566 120012
48891578 14097
48905675 1536
48907211 96
48907307 6
48771566 488926
49260492 12287
49272779 897
49273676 35
24697344 24577332
49274676 9472
49284148 29
49284177 2
24712891 24712881
49425772 204116
49629888 3072
49632960 264
49633224 5
25041817 24712891
49754708 90009
49844717 5120
49849837 3
49849840 1
25042670 25042665
50085335 594311
50679646 14097
50693743 384
50694127 35
25653323 25042670
50695993 734325
51430318 18193
51448511 288
51448799 8
26033358 25653323
51686681 235486
51922167 192
51922359 18
51686681 314470
52001151 12049
52013200 192
52013392 12
52013404 2
26040602 26040590
52081192 584310
52665502 3072
52668574 384
52668958 48
52081192 694505
52775697 30003
52805700 576
52806276 40
52806316 6
26040602 26924645
52965247 170017
53135264 3072
53138336 640
53138976 96
53139072 24
53139096 3
52965247 694505
53659752 9311
53669063 18
53659752 14097
53673849 993
53674842 8
26987723 26987819
53975542 22050
53997592 1088
53998680 34
27578962 26987819
54566781 314470
54881251 40260
54921511 192
54921703 32
54566781 558933
55125714 23
27608752 27608753
55217505 244463
55461968 9344
55471312 12
27984338 27984337
55968675 274466
56243141 6144
56249285 1536
56250821 132
56250953 1
55968675 808771
56777446 12287
56789733 640
56790373 96
56790469 5
28822175 27984338
56806513 694505
57501018 30003
57531021 2304
57533325 40
57533365 3
57533368 1
28933018 28933024
57866042 244463
58110505 6144
58116649 1536
58118185 96
58118281 12
58118293 1
28933024 29453308
58386332 434482
58820814 9472
58830286 40
58830326 3
29453308 29767778
59221086 60006
59281092 384
59221086 234494
59455580 640
59456220 17
30155638 29770020
59925658 430040
60355698 2560
60358258 288
60358546 1
60358258 320
60358578 12
60358590 3
60358593 1
30550116 30155638
60705754 100010
60805764 12287
60818051 1056
60819107 20
60819127 1
30564611 30564609
61129220 11263
61140483 227
61140710 20
61140730 2
30717282 30564611
61281893 120012
61401905 6144
61408049 640
61408689 96
61408785 5
31171766 30850560
62022326 220019
62242345 320
62242665 48
62242713 3
31174838 31174856
62349694 100010
62449704 14097
62463801 35
31625318 31174856
62800174 274466
63074640 22050
63096690 1536
63098226 66
31870793 31870774
63741567 201044
63942611 72
63942683 3
31870793 32515515
64386308 120012
64506320 6144
64512464 384
64512848 8
64386308 488926
64875234 4608
64879842 384
64880226 48
64880274 2
64386308 694505
65080813 4352
65085165 160
65085325 19
32583460 32979877
65563337 314470
65877807 48196
65926003 384
65926387 96
65926483 24
65926507 3
65926510 1
33294347 33302571
66596918 170017
66766935 544
66767479 20
66767499 2
33302571 33486839
66789410 274124
67063534 48
67063582 12
67063594 3
67063597 1
66789410 274466
67063876 12287
67076163 544
67076707 11
33866874 33486839
67353713 210021
67563734 6144
67569878 1280
67571158 192
67571350 24
67571374 2
33873838 34204153
68077991 120012
68198003 2176
68200179 71
68077991 654317
68732308 11025
68743333 19
34204153 34833091
69037244 204116
69241360 2304
69243664 96
69243760 20
34837708 34837699
69675407 30003
69705410 6144
69711554 1280
69712834 36
34936094 34936095
69872189 299759
70171948 6144
70178092 897
70178989 5
34936095 35318635
70254730 140015
70394745 4608
70399353 384
70399737 39
35573171 35573099
71146270 60006
71206276 6144
71212420 2019
71214439 12
71214451 2
71146270 313856
71460126 80
71460206 1
36198058 35573171
71771229 448235
72219464 1040
72220504 5
71771229 508928
72280157 14097
72294254 160
72294414 19
71771229 808771
72580000 60006
72640006 1280
72641286 160
72641446 18
36593699 36868165
73461864 168208
73630072 80
73630152 1
36872919 36872917
73745836 394478
74140314 14097
74154411 768
74155179 40
74155219 6
36872919 37498262
74371181 299759
74670940 5120
74676060 897
74676957 48
74677005 12
74371181 694505
75065686 18193
75083879 384
75084263 96
75084359 9
37706772 37706770
75413542 180018
75593560 14097
75607657 1536
75609193 288
75609481 6
38112367 38358706
76471073 120012
76591085 640
76591725 80
76591805 8
38369315 38369325
76738640 90009
76828649 8448
76837097 23
38804523 38369325
77173848 454484
77628332 1536
77629868 384
77630252 40
77630292 6
38804523 39078989
77883512 60006
77943518 19217
77962735 160
77962895 6
77962901 1
39099680 39099663
78199343 224118
78423461 5120
78428581 640
78429221 96
78429317 12
39631676 39631677
79263353 100010
79363363 9856
79373219 96
79263353 274466
79537819 12287
79550106 192
79550298 12
79550310 3
39631677 40348480
79980157 120012
80100169 3072
80103241 20
80103261 1
79980157 434482
80414639 29
80414668 1
40357073 40357072
80714145 82056
80796201 528
80796729 6
40715102 40715103
81430205 274466
81704671 2304
81706975 227
81707202 2
40715103 41510736
82225839 140015
82365854 10065
82375919 34
82225839 314470
82540309 30003
82570312 144
82570456 12
41583556 41583029
83166585 314470
83481055 12287
83493342 640
83493982 72
83494054 3
83166585 488926
83655511 1536
83657047 384
83657431 34
41583556 42196294
83779850 694505
84474355 6144
84480499 320
84480819 35
42196294 42510764
84707058 240021
84947079 384
84947463 80
84947543 2
42510764 42570770
85081534 44100
85125634 2080
85127714 19
42967663 42967682
85935345 1152
85936497 67
43165914 43165911
86331825 50005
86381830 3072
86384902 768
86385670 48
86385718 12
86385730 1
43500816 43165914
86666730 100010
86766740 19729
86786469 227
86786696 5
86666730 254464
86921194 5120
86926314 227
86926541 20
86666730 470972
87137702 132
44009724 43769703
87779427 30003
87809430 5120
87814550 897
87815447 11
44011541 44011532
88023073 6144
88029217 24
88029241 2
88023073 558933
88582006 5120
88587126 384
88587510 36
88587546 1
44733093 44011541
88744634 508928
89253562 288
89253850 11
88744634 734325
89478959 30003
89508962 96
89509058 12
44733093 44823102
89556195 30003
89586198 2560
89588758 384
89589142 24
44830706 44830707
89661413 1280
89662693 136
89662829 2
89661413 274466
89935879 22050
89957929 1536
89959465 40
89959505 6
45228003 45228015
90456018 82056
90538074 192
90538266 19
90456018 394478
90850496 6144
90856640 576
90857216 40
90857256 2
45228015 45970692
91198707 260027
91458734 4608
91463342 96
91463438 29
91463467 1
46033310 46205186
92238496 120012
92358508 14097
92372605 2176
92374781 65
46205824 46365170
92570994 100010
92671004 5120
92676124 384
92676508 80
92676588 10
46471208 46625009
93096217 120012
93216229 10513
93226742 48
93226790 5
46625009 46655012
93280021 30003
93310024 5120
93315144 24
93315168 3
93315171 1
46979804 46979793
93959597 210021
94169618 256
47355866 46979804
94335670 210021
94545691 2112
94547803 24
94547827 3
47667109 47667080
95334189 200028
95534217 384
95534601 24
47667109 48388467
96055576 240021
96295597 4128
96299725 71
96055576 788954
96844530 18193
96862723 96
96862819 34
48508479 48522576
97031055 12287
97043342 768
97044110 48
97044158 6
48524148 48524149
97048297 200532
97248829 384
97249213 48
97249261 12
97249273 3
48771566 48524149
97295715 180018
97475733 14097
97489830 2176
97492006 80
97492086 6
97492092 1
48907313 48907307
97814620 180018
97994638 18193
98012831 288
98013119 24
98013143 2
49284179 49284177
98568356 100010
98668366 14097
98682463 2304
98684767 160
98684927 20
98684947 1
49844717 49754708
99599425 24098
99623523 768
99624291 12
99624303 2
49849841 50085335
99935176 508928
100444104 24098
100468202 2304
100470506 35
99935176 654317
100589493 2019
50085335 50679646
100764981 164112
100929093 2560
100931653 160
100931813 24
100931837 2
50694162 50695993
101390155 508928
101899083 18193
101917276 640
101917916 19
50695993 51430318
102126311 120012
102246323 3072
102249395 768
102250163 12
102250175 3
102250178 1
102126311 654317
102780628 3072
102783700 768
102784468 12
102784480 3
51448807 51686681
103135488 314470
103449958 50005
103499963 640
103500603 96
103500699 17
51922377 51922359
103844736 60006
103904742 2560
103907302 288
103907590 24
103907614 3
52081192 52013406
104094598 12287
104106885 1280
104108165 68
104108233 2
52665502 52081192
104746694 314470
105061164 18193
105079357 320
105061164 21026
105082190 768
105082958 68
52965247 52806322
105771569 100010
105871579 2080
105873659 2
53139099 53139096
106278195 314470
106592665 60006
106652671 5120
106657791 320
106658111 24
106658135 1
53659752 53139099
106798851 434482
107233333 6144
107239477 768
107240245 12
107240257 3
53674842 53674850
107349692 160
107349852 12
107349864 3
107349867 1
53674850 53975542
107650392 90009
107740401 144
107740545 8
53998714 53998680
107997394 236510
108233904 144
108234048 6
108234054 1
54566781 53998714
108565495 60006
108625501 19729
108645230 160
108645390 24
108645414 2
108565495 508928
109074423 28194
109102617 33
108565495 628938
109194433 6144
109200577 288
109200865 12
109200877 3
109200880 1
54921703 54921735
109843438 120012
109963450 19729
109983179 96
109983275 20
109983295 1
55125714 55125737
110251451 82056
110333507 1280
110334787 48
110334835 3
55125737 55217505
110343242 60006
110403248 14097
110417345 2304
110419649 192
110419841 24
110343242 140015
110483257 544
110483801 2
55471312 55471324
110942636 454484
111397120 1280
111398400 3
55968675 55471324
111439999 734325
112174324 6144
112180468 576
112181044 48
112181092 1
55968675 56243141
112211816 238212
112450028 96
112450124 19
56777446 56250954
113028400 90009
113118409 5120
113123529 383
113028400 394478
113422878 4608
113427486 160
113427646 8
57501018 56806513
114307531 60006
114367537 897
114368434 72
114368506 1
114307531 654317
114961848 19729
114981577 48
114981625 9
57533369 57533368
115066737 60006
115126743 4608
115131351 260
115131611 1
57866042 57533369
115399411 299759
115699170 10513
115709683 96
115709779 9
58110505 57866042
115976547 202068
116178615 897
116179512 80
116179592 2
58118294 58386332
116504626 314470
116819096 12287
116831383 576
116831959 48
116832007 12
116832019 2
58386332 58820814
117207146 50005
117257151 1536
117258687 96
117258783 11
117257151 5120
117262271 576
117262847 48
117262895 9
117207146 394478
117601624 29730
117631354 192
117631546 18
59221086 58830329
118051415 394478
118445893 19217
118465110 96
118465206 32
59456237 59456220
118912457 260027
119172484 13823
119186307 11
59456237 59925658
119381895 654317
120036212 6144
120042356 384
120042740 33
60358594 60358593
120717187 162064
120879251 544
120879795 1
60358594 60705754
121064348 314470
121378818 12287
121391105 384
121391489 23
61129220 60819128
121948348 82056
122030404 2019
122032423 19
61408790 61408785
122817575 140015
122957590 10257
122967847 80
122967927 12
122967939 2
122817575 274466
123092041 12287
123104328 1280
123105608 9
122817575 314470
123132045 5120
123137165 67
62022326 61408790
123431116 628938
124060054 22050
124082104 384
124082488 96
124082584 2
123431116 694505
124125621 22050
124147671 288
124147959 12
124147971 3
124147974 1
124125621 24098
124149719 3072
124152791 384
124153175 2
123431116 734325
124165441 30003
124195444 1280
124196724 36
124196760 2
62242713 62242716
124485429 60006
124545435 14097
124559532 1280
124560812 96
124560908 10
62463801 62449704
124913505 4128
124917633 29
62463836 62800174
125264010 274466
125538476 24098
125562574 48
125562622 3
125562625 1
63074640 62800174
125874814 100010
125974824 14097
125988921 1536
125990457 263
63098292 63098226
126196518 60006
126256524 5120
126261644 384
126262028 36
63741567 63098292
126839859 314470
127154329 50005
127204334 1536
127205870 192
127206062 8
63942683 63942686
127885369 14097
127899466 3072
127902538 640
127903178 36
63942686 64386308
128328994 30003
128358997 5120
128364117 544
128364661 19
64512856 64512848
129025704 100010
129125714 2560
129128274 384
129128658 96
129128754 24
129128778 3
64880276 64880274
129760550 6144
129766694 80
129766774 5
65085344 65085325
130170669 180018
130350687 6144
130356831 768
130357599 96
130357695 29
65085344 65563337
130648681 614313
131262994 8704
131271698 96
131271794 9
65926510 65926511
131853021 140015
131993036 11263
132004299 29
132004328 1
131853021 210021
132063042 2019
132065061 19
131853021 274466
132127487 20258
132147745 192
132147937 1
131853021 448235
132301256 5120
132306376 768
132307144 80
132307224 12
132307236 1
66596918 65926511
132523429 314470
132837899 50005
132887904 544
132888448 3
132523429 808771
133332200 6144
133338344 1536
133339880 80
133339960 10
66767501 66789410
133556911 274466
133831377 14097
133845474 3072
133848546 640
133849186 96
133849282 12
133849294 1
67076718 67353713
134430431 236510
134666941 993
134667934 6
134667940 1
67571376 67571374
135142750 314470
135457220 30003
135487223 4608
135491831 384
135492215 48
135492263 3
135492266 1
68198003 68077991
136275994 60006
136336000 18193
136354193 768
136354961 6
136354967 1
68200250 68732308
136932558 260027
137192585 8704
137201289 384
137201673 9
68743352 68743333
137486685 180018
137666703 227
137666930 8
69241360 69037244
138278604 180018
138458622 6144
138464766 320
138465086 48
138465134 3
138465137 1
69243780 69675407
138919187 44100
138963287 2560
138965847 34
138919187 50005
138969192 9856
138979048 48
138979096 8
138919187 314470
139233657 5120
139238777 227
139239004 6
69872189 69712870
139585059 220019
139805078 48
139805126 12
139805138 3
139805141 1
139585059 238212
139823271 288
139823559 8
70254730 70178994
140433724 204116
140637840 5120
140642960 384
140643344 67
70399737 70399776
140799513 274466
141073979 14097
141088076 1536
141089612 384
141089996 48
141090044 8
140799513 654317
141453830 11263
141465093 96
141465189 33
70399776 71146270
141546046 380035
141926081 3072
141929153 768
141929921 96
141930017 12
141930029 1
71460126 71214453
142674579 120012
142794591 10129
142804720 40
142804760 5
71460206 71460207
142920413 44100
142964513 3072
142967585 40
142967625 6
71460207 71771229
143231436 654317
143885753 6144
143891897 897
143892794 3
143892797 1
72220509 72220504
144441013 22050
144463063 1536
144464599 79
72294433 72294414
144588847 14097
144602944 2304
144605248 96
144605344 18
72641464 72641446
145282910 11263
145294173 384
145294557 72
145294629 1
145282910 734325
146017235 3072
146020307 544
146020851 9
73461864 72641464
146103328 628938
146732266 20130
146752396 80
146752476 12
146752488 1
146103328 734325
146837653 30003
146867656 4352
146872008 160
146872168 20
73630153 73630152
147260305 60006
147320311 10513
147330824 96
147330920 24
73745836 73630153
147375989 260027
147636016 3072
147639088 576
147639664 12
147639676 1
147375989 464485
147840474 1536
147842010 192
147842202 33
73745836 74140314
147886150 90009
147976159 384
147976543 96
147976639 3
147976642 1
74155219 74155225
148310444 60006
148370450 12287
148382737 192
148382929 12
148382941 1
74371181 74155225
148526406 24098
148550504 2560
148553064 288
148553352 19
148526406 180018
148706424 6144
148712568 768
148713336 96
148713432 24
148526406 394478
148920884 14097
148934981 3072
148938053 320
148938373 24
148938397 3
148938400 1
74677017 75065686
149742703 180018
149922721 10257
149932978 160
149933138 18
75084368 75084359
150168727 299759
150468486 3072
150471558 640
150472198 96
75413542 75084368
150497910 44100
150542010 1536
150543546 384
150543930 24
75609487 75609481
151218968 299759
151518727 1536
151520263 48
151520311 6
76471073 75609487
152080560 274466
152355026 18193
152373219 768
152373987 20
152374007 1
152080560 808771
152889331 50005
152939336 6144
152945480 897
152946377 34
76738640 76591813
153330453 120012
153450465 1536
153452001 320
153452321 24
153452345 3
153452348 1
153330453 235486
153565939 6
153565945 1
77173848 76837120
154010968 204116
154215084 5120
154220204 576
154220780 48
154220828 5
154010968 244463
154255431 5120
154260551 993
154261544 5
77173848 77628332
154802180 380035
155182215 12287
155194502 384
155194886 96
155194982 8
77630292 77630298
155260590 30003
155290593 5120
155295713 768
155296481 36
155296517 1
78199343 77962902
156162245 60006
156222251 6144
156228395 320
156228715 40
156228755 1
78429317 78429329
156858646 274466
157133112 10239
157143351 6
157143357 1
78429329 79263353
157692682 394478
158087160 30003
158117163 2304
158119467 144
158119611 11
79363363 79263353
158626716 100010
158726726 4352
79550313 79980157
159530470 40260
159570730 96
159570826 20
159570846 1
159530470 100010
159630480 4608
159635088 227
159635315 24
159635339 3
159635342 1
80103262 80103261
160206523 180018
160386541 897
160387438 40
160387478 6
80414669 80414668
160829337 84104
160913441 3072
160916513 8
80796735 80796729
161593464 100010
161693474 12287
161705761 1280
161707041 192
161707233 12
161707245 2
161693474 13823
161707297 72
161593464 274466
161867930 4352
161872282 160
161872442 12
161872454 3
80796735 81430205
162226940 394478
162621418 14097
162635515 2560
162638075 192
162638267 24
162226940 694505
162921445 24098
162945543 1536
162947079 67
81704671 81430205
163134876 170017
163304893 9856
163314749 40
163314789 3
81707204 81707202
163414406 314470
163728876 2304
163731180 192
163731372 12
163731384 2
81707204 82225839
163933043 508928
164441971 4352
164446323 192
164446515 24
164446539 1
163933043 558933
164491976 8704
164500680 287
82225839 82365854
164591693 2304
164593997 2
82375953 82540309
164916262 120012
165036274 14097
165050371 80
164916262 180018
165096280 3072
165099352 272
165099624 9
82570468 82570456
165140924 584310
165725234 6144
165731378 384
165731762 40
165731802 1
82570468 83166585
165737053 508928
166245981 13823
166259804 96
166259900 12
166259912 3
83481055 83166585
166647640 140015
166787655 14097
166801752 48
166801800 12
83655511 83494057
167149568 120012
167269580 17919
167287499 160
167287659 12
167287671 2
83779850 83657465
167437315 464485
167901800 2560
167904360 160
167904520 20
84474355 83779850
168254205 210021
168464226 4352
168468578 144
168468722 6
84480854 84480819
168961673 100010
169061683 6144
169067827 320
169068147 40
84707058 84480854
169187912 140015
169327927 11263
169339190 640
169339830 96
169339926 12
169339938 3
84947543 84947545
169895088 49732
169944820 24
169944844 1
169895088 90009
169985097 8704
169993801 288
169994089 8
85127714 85127733
170255447 614313
170869760 13823
170883583 144
170883727 5
170255447 654317
170909764 24098
170933862 3072
170936934 288
170937222 3
170937225 1
85936497 85936564
171873061 24098
171897159 3072
171900231 768
171900999 80
171901079 1
86331825 85936564
172268389 14097
172282486 768
172283254 72
172283326 5
86385730 86385731
172771461 170017
172941478 6144
172947622 640
172948262 19
86385731 86666730
173052461 210021
173262482 5120
173267602 640
173268242 12
173268254 2
86921194 86786701
173707895 6144
173714039 897
173714936 67
87137702 87137834
174275536 314470
174590006 50005
174640011 8320
174648331 96
174648427 19
87779427 87137834
174917261 90009
175007270 6144
175013414 384
175013798 12
87815447 87815458
175630905 120012
175750917 14097
175765014 2560
175767574 48
175767622 12
175767634 1
88029243 88582006
176611249 89718
176700967 227
176701194 6
176701200 1
88587547 88587546
177175093 50005
177225098 6144
177231242 384
177231626 24
177231650 3
177231653 1
88744634 88587547
177332181 394478
177726659 24098
177750757 544
177751301 12
89253861 89253850
178507711 2304
178510015 71
89662831 89662829
179325660 82056
179407716 384
179408100 80
179408180 5
89935879 89662831
179598710 260027
179858737 2019
179860756 35
89959511 89959505
179919016 394478
180313494 21026
180334520 192
180334712 6
180334718 1
89959511 90456018
180415529 380035
180795564 6144
180801708 1536
180803244 320
180803564 34
90538285 90538266
181076551 260027
181336578 12287
181348865 320
181349185 48
181349233 3
91198707 90857258
182055965 222070
182278035 1536
182279571 40
182279611 5
91458734 91198707
182657441 140015
182797456 192
182797648 29
91463468 91463467
182926935 48196
182975131 320
182975451 34
91463468 92238496
183701964 244463
183946427 3072
183949499 768
183950267 48
183950315 12
183950327 2
183701964 808771
184510735 14097
184524832 1536
184526368 272
92238496 92358508
184597004 100010
184697014 9472
184706486 160
184706646 12
184706658 3
184706661 1
92570994 92671004
185241998 50005
185292003 6144
185298147 192
185298339 34
92676598 92676588
185353186 84104
185437290 1536
185438826 40
185438866 6
93096217 92676598
185772815 434482
186207297 11025
186218322 29
186218351 2
93280021 93310024
186590045 6144
186596189 1536
186597725 384
186598109 48
186598157 12
186598169 1
93315172 93315171
186630343 224118
186854461 5120
186859581 320
186859901 24
186630343 574317
187204660 320
187204980 29
187205009 1
93959597 93315172
187274769 180018
187454787 19217
187474004 384
187474388 72
187474460 2
187274769 508928
187783697 5120
187788817 768
187789585 96
187789681 29
187789710 1
187274769 808771
188083540 14097
188097637 993
188098630 20
188098650 1
94335670 94169874
188505544 244463
188750007 320
188750327 24
188750351 3
94547827 94547830
189095657 140015
189235672 11025
189246697 192
189246889 12
189246901 3
189246904 1
189095657 274466
189370123 22032
189392155 17
95334189 94547830
189882019 120012
190002031 4608
190006639 320
190006959 12
190006971 3
189882019 553028
190435047 1536
190436583 384
190436967 2
95334189 95534217
190868406 60006
190928412 18193
190946605 993
190947598 3
95534625 95534601
191069226 244463
191313689 2304
191315993 227
191316220 8
96055576 95534625
191590201 89224
191679425 320
191679745 40
191679785 3
191679788 1
191590201 120012
191710213 10513
191720726 144
191720870 3
191720873 1
191590201 508928
192099129 24098
192123227 2176
192125403 96
192125499 12
192125511 2
191590201 654317
192244518 3072
192247590 257
96299725 96299796
192599521 100010
192699531 3072
192702603 768
192703371 12
96299796 96844530
193144326 394478
193538804 21026
193559830 768
193560598 29
193560627 1
193144326 508928
193653254 19729
193672983 257
193673240 2
97295715 97249276
194544991 50005
194594996 2560
194597556 96
194597652 5
97814620 97492093
195306713 210021
195516734 144
195516878 12
195516890 2
98013145 98013143
196026288 49732
196076020 192
196076212 24
196076236 2
98568356 98013145
196581501 448235
197029736 5120
197034856 192
197035048 19
98684947 98684948
197369895 274466
197644361 4074
197648435 24
197648459 3
197369895 808771
198178666 3072
198181738 897
198182635 17
198178666 50005
198228671 5120
198233791 320
198234111 33
98684948 99599425
198284373 734325
199018698 8704
199027402 159
99935176 99624305
199559481 100010
199659491 10257
199669748 66
199559481 808771
200368252 9856
200378108 48
200378156 1
99935176 100444104
200379280 84104
200463384 3072
200466456 897
200467353 48
200467401 6
100470541 100470506
200941047 60006
201001053 4608
201005661 160
201005821 9
100931837 100931839
201863676 100010
201963686 12049
201975735 192
201975927 1
100931839 101390155
202321994 88200
202410194 68
202410262 2
202321994 808771
203130765 84104
203214869 3072
203217941 192
203218133 6
101917935 101917916
203835851 180018
204015869 3072
204018941 897
101917935 102126311
204044246 234494
204278740 640
204279380 80
204279460 6
102250179 102780628
205030807 224118
205254925 384
205255309 80
205255389 8
205030807 508928
205539735 13823
205553558 80
205553638 9
102784483 103135488
205919971 30003
205949974 8448
205958422 96
205958518 24
205919971 628938
206548909 320
206549229 40
206549269 6
103500699 103500716
207001415 274466
207275881 1536
207277417 96
207277513 6
207277519 1
104094598 103907617
208002215 180018
208182233 10513
208192746 288
208193034 12
208193046 1
104108235 104108233
208216468 448235
208664703 3072
208667775 897
208668672 80
208668752 8
104108235 104746694
208854929 394478
209249407 24098
209273505 3072
209276577 320
209276897 20
209276917 1
105083026 105082958
210165984 60006
210225990 6144
210232134 1280
210233414 96
210233510 20
105083026 105771569
210854595 254464
211109059 4608
211113667 192
211113859 23
105873659 105873661
211747320 90009
211837329 6144
211843473 897
211844370 5
105873661 106278195
212151856 614313
212766169 6144
212772313 544
212772857 19
106278195 106592665
212870860 140015
213010875 14097
213024972 1536
213026508 288
213026796 29
106658136 106658135
213316271 60006
213376277 10003
213386280 3
213386283 1
106798851 107233333
214032184 204116
214236300 2560
214238860 320
214239180 20
107349867 107349868
214699735 224118
214923853 4608
214928461 272
214928733 3
107740553 107997394
215737947 100010
215837957 9472
215847429 96
215847525 17
215737947 434482
216172429 3072
216175501 136
216175637 2
108234055 108234054
216468109 10257
216478366 192
216478558 12
108645416 108645414
217290830 140015
217430845 14097
217444942 2560
217447502 384
217447886 32
108645416 109074423
217719839 100010
217819849 6144
217825993 1280
217827273 227
217827500 6
217827506 1
217719839 202068
217921907 1536
217923443 384
217923827 29
217719839 314470
218034309 14097
218048406 3072
218051478 320
218051798 12
217719839 394478
218114317 24098
218138415 1280
218139695 47
109200880 109200881
218401761 434482
218836243 5120
218841363 320
218841683 10
109200881 109843438
219044319 454484
219498803 9215
219508018 48
219508066 3
219508069 1
109983296 109983295
219966591 100010
220066601 14097
220080698 1536
220082234 192
220082426 24
220082450 2
219966591 244463
220211054 6144
220217198 1536
220218734 5
110483801 110483803
220967604 240021
221207625 1536
221209161 160
221209321 20
221209341 2
110942636 110483803
221426439 140015
221566454 18193
221584647 768
221585415 9
221426439 553028
221979467 1536
221981003 320
221981323 12
221981335 3
221981338 1
111398403 111439999
222838402 100010
222938412 9344
222947756 96
222947852 20
222947872 2
222838402 299759
223138161 384
223138545 12
223138557 1
112174324 111439999
223614323 314470
223928793 10513
223939306 48
223939354 12
223939366 3
223614323 394478
224008801 4128
224012929 48
224012977 12
224012989 1
112450124 112450143
224900267 30003
224930270 1536
224931806 96
224931902 17
112450143 113028400
225478543 168208
225646751 1280
225648031 192
225648223 34
225478543 235396
225713939 3
225713942 1
113118409 113028400
226146809 90009
226236818 4128
226240946 80
226241026 5
113123529 113123912
226247441 180018
226427459 2560
226430019 288
226430307 24
226430331 3
113427646 113427654
226855300 508928
227364228 12049
227376277 95
114307531 113427654
227735185 394478
228129663 20514
228150177 96
228150273 32
114368506 114368507
228737013 44100
228781113 3072
228784185 272
228784457 3
228784460 1
114961848 114368507
229330355 170017
229500372 384
229500756 40
229500796 3
229500799 1
229330355 299759
229630114 4074
229634188 3
229634191 1
115066737 114981634
230048371 60006
230108377 12287
230120664 576
230121240 24
115399411 115131612
230531023 508928
231039951 3072
231043023 384
231043407 80
231043487 3
231043490 1
115709779 115709788
231419567 180018
231599585 12287
231611872 160
231612032 9
115709788 115976547
231686335 254464
231940799 2560
231943359 192
231943551 12
115976547 116178615
232155162 12287
232167449 1152
232168601 96
232168697 24
232155162 60006
232215168 6144
232221312 1536
232222848 96
232222944 24
232222968 3
232222971 1
116179594 116504626
232684220 244463
232928683 5120
232933803 272
232934075 8
116832021 116832019
233664040 100010
233764050 6144
233770194 1536
233771730 192
233771922 20
233664040 274466
233938506 14097
233952603 1536
233954139 8
116832021 117207146
234039167 224118
234263285 6144
234269429 96
234269525 18
117262904 117262895
234525799 274466
234800265 8704
234808969 384
234809353 1
117601624 117262904
234864528 299759
235164287 10001
117631564 118051415
235682979 380035
236063014 1040
236064054 12
235682979 558933
236241912 14097
236256009 384
236256393 96
236256489 24
236256513 3
118445893 118051415
236497308 100010
236597318 14097
236611415 639
118912457 118465238
237377695 14097
237391792 2304
237394096 160
237394256 10
237377695 594311
237972006 10513
237982519 96
237982615 17
119186318 119381895
238568213 244463
238812676 8320
238820996 48
238821044 12
238821056 2
120036212 119381895
239418107 314470
239732577 60006
239792583 1280
239793863 80
239793943 11
120042740 120042773
240085513 613615
240699128 320
240699448 35
120717187 120879251
241596438 14097
241610535 993
241611528 2
121064348 121378818
242443166 60006
242503172 160
242503332 23
242443166 180018
242623184 18193
242641377 192
242641569 5
121391512 121948348
243339860 274466
243614326 4608
243618934 320
243619254 48
243619302 5
122032442 122032423
244064865 488926
244553791 768
244554559 12
244554571 1
122817575 122032442
244850017 30003
244880020 2064
244882084 10
244850017 470972
245320989 1152
245322141 72
245322213 3
245322216 1
244850017 694505
245544522 3072
245547594 160
245547754 12
245547766 1
122967939 122967941
245935880 89718
246025598 192
246025790 6
246025796 1
123431116 123137232
246568348 120012
246688360 10239
246698599 12
123431116 124060054
247491170 82056
247573226 640
247573866 40
124196762 124196760
248393522 140015
248533537 5120
248538657 320
248538977 32
248393522 254464
248647986 2304
248650290 96
248650386 12
248650398 3
248650401 1
124913505 124560918
249474423 120012
249594435 14097
249608532 2064
249610596 3
125264010 124917662
250181672 240021
250421693 1536
250423229 320
250423549 24
250423573 3
250181672 574317
250755989 4128
250760117 10
250181672 584310
250765982 8448
250774430 144
250774574 1
125562626 125562625
251125251 170017
251295268 3072
251298340 320
251298660 3
125990720 125990457
251981177 8224
251989401 24
251989425 1
126262028 126262064
252524092 170017
252694109 8320
252702429 2
126839859 126262064
253101923 434482
253536405 5120
253541525 384
253541909 6
127154329 126839859
253994188 274466
254268654 20130
254288784 48
254288832 9
127204334 127154329
254358663 6144
254364807 1536
254366343 384
254366727 48
254366775 5
127206062 127206070
254412132 200028
254612160 227
254612387 8
127885369 127206070
255091439 454484
255545923 5120
255551043 640
255551683 80
255551763 8
127903214 127903178
255806392 170017
255976409 8704
255985113 136
255806392 204116
256010508 2560
256013068 8
255806392 244463
256050855 6144
256056999 160
256057159 11
128364680 128364661
256729341 100010
256829351 14097
256843448 1536
256844984 384
256845368 48
256845416 10
256843448 2560
256846008 136
256846144 5
128364680 129025704
257390384 394478
257784862 10513
257795375 384
257795759 12
257795771 1
129128778 129128781
258257559 238212
258495771 288
258496059 12
258496071 3
258496074 1
129760550 129128781
258889331 14097
258903428 1536
258904964 11
258889331 100010
258989341 3072
258992413 384
258992797 20
258992817 1
258889331 274466
259163797 22050
259185847 1280
259187127 79
129766779 130170669
259937448 100010
260037458 10257
260047715 9
130357724 130357695
260715419 260027
260975446 3072
260978518 897
260979415 24
260979439 2
130357724 130648681
261006405 120012
261126417 3072
261129489 768
261130257 47
261006405 204116
261210521 5120
261215641 640
261216281 80
261216361 11
261006405 614313
261620718 5120
261625838 272
261626110 10
131262994 130648681
261911675 50005
261961680 4352
261966032 96
261966128 20
261966148 1
261911675 508928
262420603 22050
262442653 1152
262443805 48
262443853 11
131271803 131853021
263124824 210021
263334845 192
263335037 29
263335066 1
263124824 654317
263779141 6144
263785285 1152
263786437 48
263786485 3
263786488 1
132127487 132065080
264192567 30003
264222570 1536
264224106 288
264224394 8
132307237 132523429
264830666 90009
264920675 6144
264926819 1536
264928355 227
264830666 394478
265225144 6144
265231288 1536
265232824 80
265232904 3
132837899 132523429
265361328 314470
265675798 9344
265685142 96
265685238 29
265685267 1
133332200 132888451
266220651 204116
266424767 5120
266429887 1
133339970 133556911
266896881 44100
266940981 320
266941301 24
266941325 3
133556911 133831377
267388288 234494
267622782 264
267623046 1
133849294 133849295
267698589 24098
267722687 768
267723455 48
267723503 1
267698589 274466
267973055 8704
267981759 96
267981855 12
267981867 3
134430431 133849295
268279726 454484
268734210 6144
268740354 1152
268741506 20
268741526 2
268279726 788954
269068680 18193
269086873 640
269087513 80
269087593 6
269087599 1
134667941 134667940
269335881 464485
269800366 1280
269801646 48
269801694 1
135142750 134667941
269810691 694505
270505196 5120
270510316 768
270511084 96
270511180 3
135142750 135457220
270599970 274466
270874436 10513
270884949 132
270885081 1
135492267 135492266
270984533 654317
271638850 4352
271643202 68
271643270 1
136275994 135492267
271768261 314470
272082731 50005
272132736 8256
272140992 23
136354968 136354967
272709935 314470
273024405 6144
273030549 1280
273031829 160
136932558 136354968
273287526 448235
273735761 3072
273738833 897
273739730 72
137201673 137201682
274403355 50005
274453360 768
274454128 72
274454200 1
137201682 137486685
274688367 60006
274748373 5120
274753493 576
274754069 6
274688367 314470
275002837 60006
275062843 3072
275065915 160
275066075 8
137666938 137666930
275333868 140015
275473883 14097
275487980 3072
275491052 160
275491212 10
137666938 138278604
275945542 222070
276167612 320
276167932 34
138458622 138464766
276923388 4608
276927996 47
138465138 138465137
276930275 90009
277020284 96
277020380 17
138465138 138919187
277384325 394478
277778803 4352
277783155 48
277783203 6
277783209 1
138979104 139233657
278212761 254464
278467225 2112
278469337 48
278469385 2
139585059 139239010
278824069 60006
278884075 14097
278898172 3072
278901244 520
278901764 6
278824069 314470
279138539 3072
279141611 640
279142251 47
139823567 139823559
279647126 60006
279707132 12287
279719419 257
279719676 2
279647126 470972
280118098 1536
280119634 192
280119826 9
140433724 139823567
280257291 50005
280307296 6144
280313440 1152
280314592 36
140637840 140433724
281071564 40516
281112080 384
281112464 72
281112536 3
281112539 1
140799513 140643411
281442924 314470
281757394 50005
281807399 9472
281816871 144
281817015 8
140799513 141073979
281873492 100010
281973502 6144
281979646 768
281980414 96
281980510 20
281873492 164112
282037604 1536
282039140 272
282039412 3
141090052 141090044
282180096 60006
282240102 14097
282254199 1088
282255287 48
282255335 3
141465222 141546046
283011268 89224
283100492 72
283011268 244463
283255731 4128
283259859 47
141930029 141930030
283860059 380035
284240094 10257
284250351 192
284250543 5
283860059 508928
284368987 2560
284371547 227
284371774 10
284368987 24098
284393085 384
284393469 80
284393549 1
141930030 142674579
284604609 488926
285093535 4608
285098143 144
284604609 808771
285413380 30003
285443383 1536
285444919 384
285445303 48
285445351 12
285445363 1
143231436 142967631
286199067 140015
286339082 18193
286357275 96
286357371 10
286199067 614313
286813380 6144
286819524 768
286820292 12
286820304 3
143231436 143885753
287117189 508928
287626117 30003
287656120 8704
287664824 288
287665112 12
287665124 3
287665127 1
144441013 143892798
288333811 120012
288453823 14097
288467920 192
288468112 6
288468118 1
144588847 144464678
289053525 100010
289153535 1536
289155071 136
289155207 3
144605344 144605362
289210706 20003
289230709 72
289230781 2
289210706 628938
289839644 10257
289849901 96
289849997 3
145282910 144605362
289888272 470972
290359244 6144
290365388 48
290365436 12
290365448 3
289888272 488926
290377198 5120
290382318 192
290382510 5
145294630 145294629
290589259 88200
290677459 993
290678452 24
290678476 1
290589259 314470
290903729 50005
290953734 272
290589259 470972
291060231 3072
291063303 96
291063399 24
291063423 2
146017235 145294630
291311865 314470
291626335 12049
291638384 160
291638544 8
146020860 146103328
292124188 470972
292595160 4608
292599768 384
292600152 96
292600248 10
292124188 508928
292633116 24098
292657214 1152
292658366 40
292658406 6
146103328 146732266
292835594 140015
292975609 14097
292989706 640
292990346 72
292990418 1
292835594 210021
293045615 227
293045842 12
293045854 3
293045857 1
146732266 146752396
293484662 19217
293503879 288
293504167 3
146872168 146872188
293744356 274466
294018822 12049
294030871 96
294030967 3
294030970 1
147260305 146872188
294132493 260027
294392520 6144
294398664 1536
294400200 384
294400584 80
294400664 10
147375989 147636016
295012005 60006
295072011 6144
295078155 1536
295079691 96
295079787 34
147639676 147639677
295279353 6144
295285497 897
295286394 80
295286474 6
295286480 1
147842202 147842235
295684437 30003
295714440 576
295715016 48
295715064 5
147976643 147976642
295953285 170017
296123302 3072
296126374 96
296126470 20
296126490 1
295953285 224118
296177403 897
296178300 72
296178372 5
295953285 314470
296267755 14097
296281852 768
296282620 39
148370450 148310444
296680894 3072
296683966 640
296684606 96
296684702 20
296684722 1
148382942 148382941
296765883 90009
296855892 1536
296857428 384
296857812 33
148526406 148382942
296909348 60006
296969354 14097
296983451 384
296983835 48
296983883 10
148526406 148550504
297076910 12287
297089197 1280
297090477 192
297090669 24
297090693 1
148713432 148713456
297426888 180018
297606906 3072
297609978 897
297610875 18
148713456 148920884
297634340 14097
297648437 520
297648957 1
297634340 100010
297734350 640
297734990 48
148938401 148938400
297876801 734325
298611126 5120
298616246 160
298616406 5
149742703 148938401
298681104 774329
299455433 2019
299457452 12
299457464 3
150168727 149933156
300101883 120012
300221895 8704
300230599 39
150168727 150468486
300637213 60006
300697219 6144
300703363 544
300703907 29
150543954 150543930
301087884 584310
301672194 8320
301680514 48
150543954 151218968
301762922 694505
302457427 24098
302481525 3072
302484597 897
302485494 40
302485534 3
302457427 30003
302487430 4608
302492038 192
302492230 20
302492250 1
151520311 151520317
303040628 240021
303280649 528
303281177 12
303281189 2
303040628 314470
303355098 6144
303361242 384
303361626 68
303361694 1
303040628 434482
303475110 2560
303477670 144
303477814 12
303477826 2
151520317 152080560
303600877 240021
303840898 993
303841891 3
303841894 1
303600877 788954
304389831 10513
304400344 96
304400440 17
152374007 152374008
304748015 314470
305062485 28194
305090679 384
305091063 34
152374008 152889331
305263339 40008
305303347 160
305303507 12
305303519 3
305303522 1
305263339 170017
305433356 520
152946377 152946411
305892788 204116
306096904 2176
306099080 96
306099176 3
306099179 1
153330453 152946411
306276864 60006
306336870 14097
306350967 3072
306354039 640
306354679 80
306276864 90009
306366873 4224
306371097 71
306276864 434482
306711346 4224
306715570 48
306715618 1
153565946 153565945
307131891 44100
307175991 1536
307177527 320
307177847 11
154010968 153565946
307576914 44100
307621014 1536
307622550 288
307622838 17
154215084 154010968
308226052 140015
308366067 12287
308378354 320
308378674 48
308378722 6
154261549 154261544
308523093 314470
308837563 50005
308887568 5120
308892688 160
308892848 5
154261549 154802180
309063729 314470
309378199 60006
309438205 3072
309441277 768
309442045 80
309442125 8
154802180 155182215
309984395 120012
310104407 11263
310115670 640
310116310 96
310116406 17
309984395 314470
310298865 21026
310319891 132
155194990 155260590
310455580 50005
310505585 5120
310510705 993
310511698 5
155296517 155296518
310593035 694505
311287540 5120
311292660 132
311292792 2
155296518 156162245
311458763 60006
311518769 14097
311532866 79
311458763 299759
311758522 4128
311762650 40
311762690 1
311458763 654317
312113080 30003
312143083 3072
312146155 48
312146203 11
156228755 156228756
312457511 314470
312771981 12049
312784030 48
312784078 12
156228756 156858646
313087402 274466
313361868 9344
313371212 32
157133112 156858646
313991758 50005
314041763 2304
314044067 192
314044259 32
313991758 162064
314153822 1536
314155358 96
314155454 11
313991758 240021
314231779 3072
314234851 640
314235491 96
314235587 10
157143357 157143358
314286715 394478
314681193 30003
314711196 2304
314713500 96
314713596 23
314286715 508928
314795643 30003
314825646 5120
314830766 640
314831406 96
314831502 6
157692682 157143358
314836040 808771
315644811 50005
315694816 5120
315699936 640
315700576 3
315700579 1
315644811 120012
315764823 10513
315775336 96
315775432 24
315775456 2
158119611 158119622
316239233 274466
316513699 12049
316525748 80
316525828 3
316525831 1
158626716 158119622
316746338 508928
317255266 20003
317275269 48
317275317 6
158726726 158731078
317457804 448235
317906039 2560
317908599 160
317908759 3
317908762 1
159530470 158731078
318261548 594311
318855859 10257
318866116 12
318866128 1
159635342 159635343
319270685 553028
319823713 4224
319827937 96
319828033 12
319828045 2
160206523 159635343
319841866 260027
320101893 6144
320108037 144
320108181 12
160386541 160206523
320593064 120012
320713076 14097
320727173 3072
320730245 576
320730821 40
320730861 2
160387484 160387478
320774962 170017
320944979 3072
320948051 288
320948339 20
320948359 1
160387484 160829337
321216821 24098
321240919 3072
321243991 897
321244888 24
321244912 3
321216821 508928
321725749 2560
321728309 79
160916513 160916521
321833034 574317
322407351 768
322408119 6
161593464 160916521
322509985 628938
323138923 10513
323149436 227
323149663 12
323149675 2
161872454 161872457
323744911 160018
323904929 384
323905313 48
323905361 12
323905373 3
162226940 161872457
324099397 508928
324608325 6144
324614469 1088
324615557 33
162638291 162638267
325276558 140015
325416573 6144
325422717 48
325422765 9
162921445 162638291
325559736 274466
325834202 18193
325852395 320
325852715 48
163414406 163314792
326729198 30003
326759201 6144
326765345 1152
326766497 80
163728876 163414406
327143282 120012
327263294 18193
327281487 288
327281775 19
163933043 163731386
327664429 314470
327978899 30003
328008902 320
328009222 3
328009225 1
163933043 164441971
328375014 299759
328674773 4608
328679381 160
328679541 3
164593999 164593997
329187996 236510
329424506 1
164916262 164593999
329510261 24098
329534359 1088
329535447 12
329535459 3
329535462 1
329510261 314470
329824731 18193
329842924 640
329843564 80
329843644 12
329843656 1
165140924 165099633
330240557 448235
330688792 3072
330691864 260
330692124 2
165731803 165737053
331468856 6144
331475000 1088
331476088 40
331476128 1
165737053 166245981
331983034 394478
332377512 30003
332407515 4224
332411739 96
332411835 12
332411847 3
166259915 166647640
332907555 430040
333337595 2560
333340155 288
333340443 9
166801812 167149568
333951380 164112
334115492 3072
334118564 264
334118828 1
167287671 167287673
334575344 100010
334675354 12287
334687641 1088
334688729 48
334688777 12
334688789 2
167287673 167437315
334724988 274466
334999454 3072
335002526 288
335002814 3
167904540 167904520
335809060 44100
335853160 2560
335855720 320
335856040 32
168254205 167904540
336158745 14097
336172842 3072
336175914 384
336176298 96
336176394 12
336176406 2
336158745 81032
336239777 144
336239921 5
168254205 168464226
336718431 6144
336724575 2019
336726594 24
336726618 3
168961673 168468728
337430401 90009
337520410 264
337520674 2
337430401 100010
337530411 14097
337544508 1536
337546044 68
337430401 394478
337824879 4352
337829231 72
337829303 2
169068187 169068147
338136334 100010
338236344 9472
338245816 192
338246008 20
338246028 2
169339938 169339941
338679879 314470
338994349 10513
339004862 384
339005246 68
339005314 1
169895088 169339941
339235029 314470
339549499 30003
339579502 5120
339584622 384
339585006 48
339585054 9
169994097 170255447
340249544 235486
340485030 227
340485257 5
170869760 170255447
341125207 314470
341439677 897
341440574 48
341440622 12
341440634 2
170937225 170937226
341874451 394478
342268929 9344
342278273 12
342278285 3
342278288 1
171873061 170937226
342810287 120012
342930299 3072
342933371 768
342934139 48
342810287 788954
343599241 528
343599769 6
343599775 1
342810287 808771
343619058 140015
343759073 1536
343760609 320
343760929 36
171901079 171901080
343802159 44100
343846259 576
343846835 17
343802159 140015
343942174 384
343942558 48
343942606 1
172283331 172283326
344566657 50005
344616662 2304
344618966 47
344566657 380035
344946692 1536
344948228 384
344948612 72
172941478 172771461
345712939 1536
345714475 272
345714747 10
173268254 173268256
346536510 100010
346636520 14097
346650617 1536
346652153 320
346652473 5
173714936 173715003
347429939 170017
347599956 9472
347609428 29
174275536 173715003
347990539 204116
348194655 5120
348199775 288
348200063 12
348200075 2
174275536 174590006
348865542 120012
348985554 640
348986194 72
348986266 2
174648446 174917261
349565707 160018
349725725 1280
349727005 227
349727232 18
175013810 175013798
350027608 224118
350251726 1536
350253262 320
350253582 9
350027608 454484
350482092 2560
350484652 80
350484732 3
350484735 1
350027608 488926
350516534 3072
350519606 768
350520374 72
350520446 1
175630905 175013810
350644715 478925
351123640 9344
351132984 96
351133080 20
351133100 2
350644715 548933
351193648 897
351194545 80
175767634 175767635
351535269 508928
352044197 30003
352074200 9344
352083544 47
175767635 176611249
352378884 140015
352518899 13823
352532722 192
352532914 20
352378884 274466
352653350 4608
352657958 17
176701200 176701201
353402401 140015
353542416 6144
353548560 1280
353549840 144
353549984 5
353402401 380035
353782436 10513
353792949 384
353793333 48
353793381 6
177225098 177231242
354456340 3072
354459412 768
354460180 36
177332181 177231654
354563835 60006
354623841 11263
354635104 319
177332181 177726659
355058840 236510
355295350 192
355295542 5
177751313 177751301
355502614 210021
355712635 8704
355721339 320
355721659 3
178507711 177751313
356259024 210021
356469045 6144
356475189 1280
356476469 144
356476613 5
356259024 274466
356533490 19729
356553219 72
356553291 2
178510086 178510015
357020101 430040
357450141 993
357020101 508928
357529029 30003
357559032 1056
357560088 6
357560094 1
178510086 179325660
357835746 454484
358290230 2304
358292534 132
358292666 2
179408185 179408180
358816365 39732
358856097 1
179598710 179408185
359006895 100010
359106905 19217
359126122 96
359126218 29
359126247 1
179598710 179858737
359457447 3072
359460519 528
359461047 12
359461059 1
359457447 170017
359627464 8704
359636168 384
359636552 40
359636592 6
179919016 180313494
360232510 314470
360546980 30003
360576983 6144
360583127 24
360583151 3
360583154 1
180334719 180415529
360750248 12287
360762535 1280
360763815 160
360763975 12
360763987 3
180803598 180803564
361607162 90009
361697171 8320
361705491 96
361705587 12
361705599 2
180803598 181076551
361880149 224118
362104267 1536
362105803 384
362106187 40
362106227 3
362106230 1
361880149 314470
362194619 49220
362243839 192
362244031 12
362244043 3
361880149 394478
362274627 17919
362292546 80
362292626 3
181349236 181349233
362698469 274466
362972935 22050
362994985 768
362995753 48
362995801 1
362698469 654317
363352786 30003
363382789 6144
363388933 1536
363390469 384
363390853 96
363390949 2
182055965 181349236
363405201 60006
363465207 14097
363479304 2560
363481864 320
363482184 40
363482224 3
363405201 508928
363914129 18193
363932322 575
182055965 182278035
364334000 29730
364363730 24
364363754 3
364363757 1
182657441 182279616
364937057 120012
365057069 10513
365067582 96
365067678 11
182797456 182657441
365454897 120012
365574909 4608
365579517 320
365579837 40
365579877 6
182797677 182926935
365724612 170017
365894629 4608
365899237 384
365899621 80
365899701 9
182975485 182975451
365950936 100010
366050946 2019
366052965 20
182975485 183701964
366677449 12287
366689736 384
366690120 96
366690216 3
366690219 1
366677449 734325
367411774 6144
367417918 384
367418302 96
367418398 12
367418410 3
183950327 183950329
367900656 430040
368330696 640
368331336 96
368331432 6
184526640 184597004
369123644 28194
369151838 17
184706662 185241998
369948660 100010
370048670 6144
370054814 384
370055198 48
370055246 10
185298339 185298373
370596712 30003
370626715 1536
370628251 144
370628395 10
185772815 185438872
371211687 170017
371381704 9472
371391176 96
371391272 17
371211687 314470
371526157 39732
371565889 96
371565985 12
371565997 1
371211687 508928
371720615 11263
371731878 288
371732166 8
185772815 186207297
371980112 394478
372374590 18193
372392783 96
372392879 20
186218351 186218353
372436704 238558
372675262 1280
372676542 24
372676566 3
186218353 186590045
372808398 274466
373082864 8704
373091568 96
373091664 6
186598170 186630343
373228513 84104
373312617 3072
373315689 136
373315825 1
373228513 140015
373368528 14097
373382625 3072
373385697 288
373385985 12
373385997 1
186859925 187204660
374064585 60006
374124591 11263
374135854 48
374135902 9
187274769 187205010
374479779 50005
374529784 5120
374534904 640
374535544 48
374535592 12
374535604 1
187474462 187474460
374948922 100010
375048932 19729
375068661 24
375068685 1
187783697 187474462
375258159 254464
375512623 3072
375515695 80
375515775 12
188098650 188098651
376197301 170017
376367318 5120
376372438 993
376373431 12
376373443 1
188505544 188750007
377255551 50005
377305556 1536
377307092 48
377307140 12
377307152 3
377307155 1
189095657 188750354
377846011 44100
377890111 1536
377891647 384
377892031 40
377892071 1
377846011 464485
378310496 4128
378314624 40
378314664 1
189392155 189392172
378784327 164112
378948439 3072
378951511 39
189882019 190002031
379884050 44100
379928150 3072
379931222 384
379931606 9
190006974 190435047
380442021 3072
380445093 384
380445477 6
380445483 1
380442021 90009
380532030 993
380533023 17
190436969 190436967
380873936 60006
380933942 10003
380943945 20
380943965 1
190868406 190436969
381305375 314470
381619845 50005
381669850 8256
381678106 12
381678118 1
190947601 191069226
382016827 260027
382276854 993
382277847 20
382277867 2
191069226 191313689
382382915 140015
382522930 2019
382524949 24
382524973 2
191590201 191316228
382906429 22050
382928479 272
382928751 3
382928754 1
191720873 191720874
383441747 240021
383681768 320
383682088 3
383682091 1
192247590 192247847
384495437 160018
384655455 1536
384656991 384
384657375 12
384657387 3
384657390 1
192247847 192599521
384847368 120012
384967380 6144
384973524 640
384974164 32
384847368 210021
385057389 6144
385063533 768
385064301 1
192703383 192703371
385406754 50005
385456759 2560
385459319 35
192703383 193144326
385847709 17919
385865628 33
193144326 193538804
386683130 30003
386713133 5120
386718253 384
386718637 12
386718649 2
193653254 193560628
387213882 60006
387273888 14097
387287985 384
387288369 40
387288409 3
193673240 193673242
387346482 30003
387376485 640
387377125 96
387377221 24
387377245 2
387346482 508928
387855410 30003
387885413 5120
387890533 384
387890917 40
387890957 6
194544991 193673242
388218233 42052
388260285 384
388260669 72
388260741 5
388218233 508928
388727161 30003
388757164 6144
388763308 1280
388764588 95
388218233 788954
389007187 11263
389018450 384
389018834 72
389018906 1
194597652 194597657
389195309 260027
389455336 3072
389458408 384
389458792 71
389195309 508928
389704237 8448
389712685 24
389712709 3
389712712 1
389195309 654317
389849626 30003
389879629 3072
389882701 272
389882973 10
194597657 195306713
389904370 464485
390368855 3072
390371927 384
390372311 48
390372359 12
390372371 1
389904370 654317
390558687 30003
390588690 897
390589587 80
390589667 8
195516890 195516892
391033782 100010
391133792 160
391133952 2
196026288 195516892
391543180 13823
391557003 48
391557051 3
391557054 1
196076236 196076238
392152474 204116
392356590 2560
392359150 96
392359246 24
392359270 3
392359273 1
196076238 196581501
392657739 654317
393312056 13823
393325879 264
393326143 3
196581501 197029736
393611237 274466
393885703 14097
393899800 2560
393902360 96
393902456 29
197035067 197035048
394070115 120012
394190127 10513
394200640 384
394201024 96
394201120 2
197644361 197369895
395014256 180018
395194274 3072
395197346 768
395198114 96
395198210 6
197648459 197648462
395296921 81032
395377953 384
395378337 96
395378433 29
395378462 1
395296921 299759
395596680 6144
395602824 1536
395604360 18
198178666 197648462
395827128 488926
396316054 19217
396335271 320
396335591 34
198234144 198284373
396518517 100010
396618527 12287
396630814 1152
396631966 8
396518517 584310
397102827 2112
397104939 48
397104987 8
198284373 199018698
397303071 448235
397751306 4608
397755914 384
397756298 72
397756370 3
397756373 1
397303071 488926
397791997 13823
397805820 227
397806047 12
397806059 1
199559481 199027561
398587042 180018
398767060 3072
398770132 576
398770708 24
398770732 1
199559481 199659491
399218972 30003
399248975 6144
399255119 144
399255263 6
199669814 199669748
399339562 50005
399389567 5120
399394687 320
399395007 48
399395055 6
399395061 1
399339562 394478
399734040 20514
399754554 227
399754781 6
200368252 199669814
400038066 120012
400158078 3072
400161150 768
400161918 48
400161966 12
400161978 3
400161981 1
400038066 628938
400667004 4112
400671116 1
200467407 200467401
400934808 180018
401114826 2112
401116938 18
200467407 200941047
401408454 204116
401612570 384
401612954 33
401408454 224118
401632572 3072
401635644 192
401635836 2
201001053 200941047
401942100 24098
401966198 1536
401967734 72
401967806 6
201005830 201863676
402869506 90009
402959515 8256
402967771 9
402869506 808771
403678277 82056
403760333 768
403761101 96
403761197 10
201975928 201975927
403951855 90009
404041864 6144
404048008 1280
404049288 192
404049480 9
202410194 202321994
404732188 84104
404816292 3072
404819364 288
404819652 6
404819658 1
202410264 203130765
405541029 240021
405781050 2304
405783354 2
203218133 203218139
406436272 120012
406556284 4608
406560892 136
203835851 203218139
407053990 488926
407542916 5120
407548036 384
407548420 80
407548500 2
407053990 508928
407562918 9856
407572774 48
407572822 9
204044246 204019838
408064084 224118
408288202 1536
408289738 192
408289930 24
408289954 2
204279466 204279460
408558926 508928
409067854 11263
409079117 528
409079645 3
409079648 1
204279466 205030807
409310273 734325
410044598 24098
410068696 2112
410070808 40
410070848 2
205254925 205030807
410285732 60006
410345738 18193
410363931 383
410285732 164112
410449844 2560
410452404 227
410452631 12
410452643 1
205255397 205539735
410795132 162064
410957196 95
205553638 205553647
411107285 314470
411421755 9215
411430970 32
205919971 205553647
411473618 260027
411733645 11263
411744908 320
411745228 20
205958518 205958542
411917060 574317
412491377 5120
412496497 993
412497490 3
412497493 1
206549269 206549275
413098544 168208
413266752 768
413267520 34
207001415 206549275
413550690 20258
413570948 192
413571140 33
413550690 394478
413945168 29218
413974386 384
413974770 24
413974794 3
413974797 1
207001415 207275881
414277296 30003
414307299 3072
414310371 520
414310891 6
207277520 207277519
414555039 508928
415063967 30003
415093970 1536
415095506 35
208002215 207277520
415279735 694505
415974240 9344
415983584 96
415983680 23
208664703 208216468
416881171 90009
416971180 4608
416975788 159
416881171 238558
417119729 576
417120305 12
208668752 208668760
417337512 60006
417397518 17919
417415437 227
417415664 10
208668760 208854929
417523689 380035
417903724 12287
417916011 1040
417917051 2
417523689 488926
418012615 10513
418023128 384
418023512 96
418023608 6
209249407 208854929
418104336 224118
418328454 2560
418331014 320
418331334 20
418104336 260027
418364363 6144
418370507 1280
418371787 144
418371931 6
209276917 209276918
418553835 254464
418808299 2112
418810411 48
418810459 12
418810471 1
418553835 558933
419112768 5120
419117888 288
419118176 3
419118179 1
209276918 210165984
419442902 508928
419951830 320
419952150 40
210233530 210233510
420467040 210021
420677061 1536
420678597 384
420678981 24
420679005 3
420467040 274466
420741506 14097
420755603 1280
420756883 3
420756886 1
420467040 594311
421061351 9472
421070823 96
421070919 24
421070943 3
421070946 1
210854595 210233530
421088125 478925
421567050 8320
421575370 67
421088125 548933
421637058 3072
421640130 640
421640770 20
210854595 211109059
421963654 14097
421977751 1280
421979031 144
421979175 3
421979178 1
421963654 236510
422200164 576
422200740 48
422200788 6
211113882 211113859
422227741 314470
422542211 29730
422571941 227
422572168 24
211747320 211113882
422861202 553028
423414230 3072
423417302 768
423418070 48
423418118 12
423418130 3
423418133 1
422861202 584310
423445512 3072
423448584 897
423449481 80
423449561 5
212151856 211844375
423996231 394478
424390709 30003
424420712 4608
424425320 320
424425640 6
424425646 1
423996231 774329
424770560 5120
424775680 544
424776224 12
424776236 1
423996231 788954
424785185 12287
424797472 260
212772857 212772876
425545733 50005
425595738 8448
425604186 192
425604378 33
212772876 212870860
425643736 60006
425703742 3072
425706814 384
425707198 48
425707246 1
213026825 213316271
426343096 140015
426483111 14097
426497208 1536
426498744 48
426498792 11
426343096 260027
426603123 5120
426608243 768
426609011 80
426609091 10
426343096 274466
426617562 14097
426631659 256
213386283 213386284
426772567 488926
427261493 14097
427275590 320
427275910 12
213386284 214032184
427418468 260027
427678495 8704
427687199 18
427418468 694505
428112973 1536
428114509 36
427418468 808771
428227239 39732
428266971 160
428267131 17
214239200 214239180
428478380 314470
428792850 29730
428822580 227
428822807 6
214699735 214239200
428938935 120012
429058947 2560
429061507 320
429061827 23
214923853 214699735
429623588 90009
429713597 2176
429715773 48
429715821 11
214928736 214928733
429857469 30003
429887472 6144
429893616 768
429894384 24
429894408 2
429857469 574317
430431786 9344
430441130 48
430441178 10
429857469 788954
430646423 5120
430651543 544
430652087 18
214928736 215737947
430666683 594311
431260994 8224
215847542 216172429
432019971 100010
432119981 3072
432123053 640
432123693 11
216468109 216175639
432643748 41028
432684776 192
432684968 12
432684980 3
432684983 1
216478558 216478570
432957128 584310
433541438 3072
433544510 640
433545150 96
433545246 20
433545266 1
216478570 217290830
433769400 694505
434463905 12287
434476192 1280
434477472 160
217719839 217447918
435167757 180018
435347775 5120
435352895 72
435352967 5
218051810 218114317
436166127 60006
436226133 6144
436232277 1536
436233813 272
436234085 12
218139742 218401761
436541503 204116
436745619 2304
436747923 227
436748150 17
218401761 218836243
437238004 240021
437478025 192
437478217 29
437478246 2
219044319 218841693
437886012 210021
438096033 1280
438097313 24
438097337 3
438097340 1
219044319 219498803
438543122 434482
438977604 5120
438982724 80
438982804 6
219508070 219508069
439016139 50005
439066144 8704
439074848 320
439075168 17
219966591 219508070
439474661 244463
439719124 6144
439725268 384
439725652 48
439725700 10
219966591 220066601
440033192 60006
440093198 10257
440103455 144
440103599 12
440103611 1
220218739 220218734
440437473 100010
440537483 8704
440546187 384
440546571 6
220967604 220218739
441186343 30003
441216346 2176
441218522 72
441218594 3
441186343 210021
441396364 6144
441402508 640
441403148 29
441403177 1
441186343 274466
441460809 4352
441465161 160
441465321 11
221209341 221209343
442418684 24098
442442782 2304
442445086 160
442445246 12
442445258 2
221585424 221585415
443170839 84104
443254943 1536
443256479 12
221585424 221979467
443564891 274466
443839357 18193
443857550 260
443857810 1
221981338 221981339
443962677 30003
443992680 5120
443997800 288
443998088 10
443962677 254464
444217141 3072
444220213 384
444220597 24
444220621 3
443962677 274466
444237143 12049
444249192 80
443962677 574317
444536994 5120
444542114 48
222838402 221981339
444819741 14097
444833838 2560
444836398 288
444836686 19
444819741 274466
445094207 10129
445104336 48
445104384 6
444819741 734325
445554066 12287
445566353 1152
445567505 96
445567601 12
445567613 2
222947874 222947872
445895746 140015
446035761 4608
446040369 320
446040689 47
223138557 223138558
446277115 90009
446367124 4352
446371476 72
446371548 3
223138558 223614323
446752881 274466
447027347 18193
447045540 144
447045684 9
223614323 223928793
447543116 100010
447643126 8704
447651830 384
447652214 66
447543116 274466
447817582 19729
447837311 271
224012990 224012989
448025979 44100
448070079 2560
448072639 320
448072959 40
448072999 5
448025979 508928
448534907 4608
448539515 320
448539835 39
224012990 224900267
448913257 260027
449173284 576
449173860 33
448913257 808771
449722028 60006
449782034 18193
449800227 768
449800995 12
224931919 225478543
450410462 254464
450664926 384
450665310 40
450665350 5
225648257 225648223
451296480 30003
451326483 3072
451329555 227
451329782 12
451329794 3
226146809 225713943
451860752 314470
452175222 24098
452199320 3072
452202392 897
452203289 48
452203337 6
452203343 1
226427459 226247441
452674900 11263
452686163 576
452686739 40
452686779 6
452674900 60006
452734906 17919
452752825 192
452753017 29
452753046 2
226430334 226855300
453285634 430040
453715674 3072
453718746 192
453718938 33
226855300 227364228
454219528 140015
454359543 9727
454369270 19
227376277 227376372
454752649 60006
454812655 768
454813423 29
454813452 2
227376372 227735185
455111557 614313
455725870 12287
455738157 528
455738685 9
228150305 228150273
456300578 274466
456575044 2304
456577348 36
228150305 228737013
456887318 314470
457201788 4224
457206012 96
457206108 20
457206128 2
228784461 228784460
457568921 140015
457708936 897
457709833 40
457709873 3
229330355 228784461
458114816 394478
458509294 19199
458528493 2
229330355 229500372
458830727 120012
458950739 14097
458964836 3072
458967908 544
458968452 20
229500799 229500800
459001599 60006
459061605 11263
459072868 640
459073508 29
459073537 1
229634191 229634192
459268383 274466
459542849 5120
459547969 768
459548737 48
459548785 11
230048371 230108377
460156748 50005
460206753 4352
460211105 192
460211297 3
230121240 230121264
460242504 100010
460342514 2304
460344818 192
460345010 3
460345013 1
230531023 230121264
460652287 454484
461106771 6144
461112915 227
461113142 20
461113162 1
230531023 231039951
461570974 488926
462059900 10257
462070157 48
462070205 5
231419567 231043491
462463058 508928
462971986 14097
462986083 1536
462987619 320
462987939 23
231611872 231599585
463211457 6144
463217601 1536
463219137 192
463219329 6
463219335 1
232155162 231943563
464098725 60006
464158731 6144
464164875 897
464165772 80
464165852 5
232168721 232215168
464383889 30003
464413892 528
464414420 3
464414423 1
232222972 232684220
464907192 394478
465301670 18193
465319863 72
465319935 5
232934083 232934075
465868158 4608
465872766 272
465873038 10
232934083 233664040
466598123 224118
466822241 1026
466823267 2
233764050 233664040
467428090 50005
467478095 2304
467480399 160
467480559 1
234039167 233954147
467993314 22050
468015364 1280
468016644 227
468016871 19
467993314 120012
468113326 4128
468117454 29
234039167 234263285
468302452 90009
468392461 9344
468401805 80
468401885 3
234525799 234269543
468795342 6144
468801486 1056
468802542 24
234525799 234800265
469326064 240021
469566085 1280
469567365 227
469567592 9
234864528 235164287
470028815 210021
470238836 2560
470241396 384
470241780 96
470241876 29
470241905 1
235164287 235174288
470338575 299759
470638334 3072
470641406 897
470642303 72
470642375 2
235682979 235174288
470857267 120012
470977279 12287
470989566 384
470989950 72
470990022 5
470857267 274466
471131733 14097
471145830 768
471146598 9
470857267 314470
471171737 24098
471195835 1536
471197371 24
471197395 1
236063014 235682979
471745993 240021
471986014 3072
471989086 96
471989182 29
471745993 314470
472060463 10513
472070976 48
472071024 6
472071030 1
236256516 236497308
472753824 204116
472957940 2560
472960500 11
236612054 236611415
473223469 140015
473363484 14097
473377581 3072
473380653 384
473381037 35
473223469 734325
473957794 8704
473966498 136
473966634 5
236612054 237377695
473989749 201044
474190793 288
474191081 9
473989749 574317
474564066 3072
474567138 768
474567906 72
474567978 2
237377695 237391792
474769487 5120
474774607 320
474774927 36
474774963 2
237972006 237394266
475366272 100010
475466282 8320
475474602 72
475366272 140015
475506287 6144
475512431 1536
475513967 96
475514063 5
475366272 478925
475845197 9472
475854669 96
475854765 3
237982632 237982615
475965247 314470
476279717 42052
476321769 768
476322537 80
476322617 9
237982632 238568213
476550845 274466
476825311 10065
476835376 40
476835416 3
476835419 1
238812676 238568213
477380889 224118
477605007 5120
477610127 96
477610223 1
238821056 238821058
477642114 180018
477822132 3072
477825204 576
477825780 24
477825804 3
477825807 1
238821058 239418107
478239165 558933
478798098 3072
478801170 288
478801458 17
239418107 239732577
479150684 180018
479330702 10257
479340959 227
479341186 12
479150684 299759
479450443 11263
479461706 576
479462282 17
239793954 240085513
479879467 100010
479979477 11263
479990740 320
479991060 12
479991072 2
479979477 14097
479993574 3072
479996646 640
479997286 80
479997366 5
479879467 394478
480273945 17919
480291864 227
480292091 24
240085513 240699128
480784641 88200
480872841 640
480873481 80
480873561 11
480784641 180018
480964659 14097
480978756 1536
480980292 160
480980452 10
480784641 274466
481059107 14097
481073204 2560
481075764 192
481075956 6
481075962 1
240699448 240699483
481398931 654317
482053248 4608
482057856 227
482058083 12
482058095 3
482058098 1
240699483 241596438
482295921 140015
482435936 10257
482446193 160
482446353 23
241596438 241610535
483206973 8704
483215677 384
483216061 96
483216157 24
483216181 1
242443166 241611530
484054696 60006
484114702 384
484115086 48
484115134 6
484115140 1
484054696 788954
484843650 6144
484849794 1152
484850946 96
484851042 24
484851066 2
242641569 242641574
485283143 488926
485772069 5120
485777189 264
485777453 1
242641574 243339860
485981434 260027
486241461 2080
486243541 12
486243553 2
485981434 788954
486770388 897
486771285 12
486770388 8704
486779092 384
486779476 24
486779500 3
486779503 1
243339860 243614326
486954186 180018
487134204 768
487134972 96
487135068 17
243619307 243619302
487238609 314470
487553079 44100
487597179 2560
487599739 1
244064865 243619307
487684172 24098
487708270 1536
487709806 48
487709854 12
487684172 120012
487804184 2064
487806248 2
244064865 244553791
488618656 28194
488646850 897
488647747 48
488618656 314470
488933126 30003
488963129 1536
488964665 227
488964892 12
488964904 2
244554572 244554571
489109143 168208
244554572 244850017
489404589 260027
489664616 10003
489674619 24
244882094 244882084
489764178 84104
489848282 520
489848802 3
489848805 1
489764178 380035
490144213 1152
490145365 96
490145461 1
245320989 244882094
490203083 314470
490517553 50005
490567558 4224
490571782 96
490571878 20
490571898 2
245547767 245935880
491483647 30003
491513650 6144
491519794 1056
491520850 17
245935880 246025598
491961478 60006
492021484 11263
492032747 320
492033067 40
246025796 246025797
492051593 380035
492431628 3072
492434700 384
492435084 96
492435180 32
492431628 8448
492440076 160
492440236 19
246025797 246568348
492594145 478925
493073070 520
493073590 6
246698611 246698599
493397210 120012
493517222 3072
493520294 528
493520822 6
493517222 14097
493531319 768
493532087 80
493532167 1
247491170 246698611
494189781 260027
494449808 10257
494460065 160
494460225 24
494460249 3
494460252 1
494189781 274466
494464247 24098
494488345 576
494488921 20
494488941 1
494189781 394478
494584259 22050
494606309 768
494607077 95
494189781 434482
494624263 6144
494630407 320
494630727 32
247573866 247573906
495147772 10129
495157901 35
495147772 30003
495177775 2560
495180335 384
495180719 72
495180791 3
495180794 1
495147772 314470
495462242 28194
495490436 96
495490532 8
495147772 734325
495882097 30003
495912100 4352
495916452 192
495916644 33
248393522 247573906
495967428 694505
496661933 12287
496674220 1152
496675372 80
496675452 11
495967428 808771
496776199 120012
496896211 14097
496910308 1280
496911588 6
496911594 1
248650402 248650401
497300803 19217
497320020 160
497320180 5
497300803 808771
498109574 12287
498121861 1152
498123013 48
498123061 3
498123064 1
248650402 249474423
498124825 734325
498859150 24098
498883248 384
498883632 96
498883728 24
498883752 3
498883755 1
