730
1 1
2 1
3 2
5 1
3 5
8 1
8 2
5 6
11 1
8 9
17 1
10 9
19 1
12 11
23 1
12 17
29 3
32 1
29 5
18 17
35 1
20 19
39 1
24 23
47 1
34 33
67 1
40 39
79 1
48 47
95 1
68 67
135 1
135 9
79 80
159 1
95 96
191 1
144 136
280 8
160 159
319 1
192 191
383 1
192 280
472 68
540 3
543 1
288 280
568 8
320 319
639 1
384 383
767 1
576 568
1144 8
640 639
1279 1
768 767
1535 1
768 1144
1912 192
2104 68
2172 3
2175 1
1144 1152
2296 8
1279 1280
2559 1
1535 1536
3071 1
2176 2175
4351 1
2304 2296
4600 8
2560 2559
5119 1
3072 3071
6143 1
4608 4600
9208 8
5120 5119
10239 1
6144 6143
12287 1
6144 9208
15352 1912
17264 144
9208 9216
18424 8
10239 10240
20479 1
12287 12288
24575 1
15352 17264
32616 144
32760 9
17264 17408
34672 144
18424 18432
36856 8
20479 20480
40959 1
24575 24576
49151 1
34816 34672
69488 144
36864 36856
73720 8
40960 40959
81919 1
49152 49151
98303 1
69632 69488
139120 144
81920 81919
163839 1
98304 98303
196607 1
139264 139120
278384 15352
293736 1152
294888 24
163840 163839
327679 1
196608 196607
393215 32769
196608 278384
474992 12288
487280 768
488048 12
488060 3
488063 1
474992 73728
548720 4608
553328 192
553520 79
294912 294888
589800 24576
614376 4608
618984 144
619128 6
619134 1
327680 393215
720895 24576
745471 4608
750079 96
750175 32
393215 425984
819199 49152
868351 12288
880639 640
488063 488064
976127 1
553520 553599
1107119 79
619134 619135
1238269 1
720895 619135
1340030 98304
1438334 24576
1462910 1279
1464189 1464189
2928378 881279
3809657 81920
3891577 9216
3900793 160
3900953 12
3900965 2
1462910 1464189
2927099 1107198
4034297 69632
4103929 3072
4107001 192
4107193 80
2927099 1238270
4165369 49152
4214521 472
4214993 10
4214993 11
2927099 1464189
4391288 881279
5272567 49152
5321719 9216
5330935 280
5331215 5
2927099 2928378
5855477 98304
5953781 15352
5969133 1152
5970285 19
5855477 619135
6474612 49152
6523764 10240
6534004 576
6534580 12
6534592 3
6534595 1
2927099 3900967
6828066 98304
6926370 24576
6950946 1536
6952482 48
6952530 9
4215004 4391288
8606292 327680
8933972 544
8934516 5
8606292 619135
9225427 36864
9262291 3072
9265363 192
9265555 19
4391288 5272567
9663855 819199
10483054 40960
10524014 6144
10530158 1912
10532070 96
10532166 12
10532178 3
5331215 5331220
10662435 163840
10826275 20480
10846755 1536
10848291 48
10848339 12
5970304 5970285
11940589 327680
12268269 49152
12317421 6144
12323565 2560
12326125 472
12326597 10
6474612 5970304
12444916 196608
12641524 49152
12690676 18432
12709108 1536
12710644 160
12710804 3
12710807 1
6534596 6828066
13362662 196608
13559270 20480
13579750 3072
13582822 96
13582918 36
13582954 1
6952530 6952539
13905069 1238270
15143339 49152
15192491 1536
15194027 192
15194219 48
15194267 6
6952539 8606292
15558831 1464189
17023020 81920
17104940 5120
17110060 472
17110532 17
9265555 9265574
18531129 327680
18858809 1912
18860721 144
18860865 6
18860871 1
9663855 9265574
18929429 819199
19748628 34816
19783444 768
19784212 80
10483054 9663855
20146909 294912
20441821 24576
20466397 5120
20471517 768
20472285 192
20472477 48
20472525 3
20472528 1
20146909 425984
20572893 15352
20588245 1280
20589525 192
20589717 48
20589765 9
10662435 10532181
21194616 24576
21219192 1536
21220728 192
21220920 48
21220968 3
21220971 1
12268269 11940589
24208858 294912
24503770 2560
24506330 96
24506426 17
12710808 12710807
25421615 163840
25585455 20480
25605935 1536
25607471 192
25607663 40
25607703 3
25607706 1
13582954 13582955
27165909 40960
27206869 6144
27213013 768
27213781 48
27213829 12
27213841 3
13582955 13905069
27488024 1340030
28828054 34816
28862870 1536
28864406 12
15194273 15558831
30753104 976128
31729232 98304
31827536 4608
31832144 384
31832528 80
31832608 2
15558831 17023020
32581851 819199
33401050 5120
33406170 768
33406938 68
32581851 1464189
34046040 49152
34095192 5120
34100312 384
34100696 35
17110532 17110549
34221081 327680
34548761 40960
34589721 1536
34591257 320
34591577 40
34591617 6
17110549 18531129
35641678 619135
36260813 49152
36309965 160
36310125 12
36310137 3
20589774 21194616
41784390 548720
42333110 1536
42334646 136
42334782 3
42334785 1
21220971 21220972
42441943 1438334
43880277 12288
43892565 1912
43894477 160
43894637 24
42441943 1464189
43906132 5120
43911252 768
43912020 192
43912212 48
43912260 11
43906132 976128
44882260 98304
44980564 24576
45005140 6144
45011284 768
45012052 288
45012340 12
43906132 1438334
45344466 472
45344938 48
45344986 18
21220972 24208858
45429830 196608
45626438 49152
45675590 15352
45690942 1536
45692478 192
45692670 48
45692718 1
45429830 425984
45855814 4352
45860166 48
45860214 12
45860226 3
45429830 619135
46048965 768
46049733 3
24503770 24208858
48712628 49152
48761780 10240
48772020 1536
48773556 320
48773876 12
48773888 1
24506443 24506426
49012869 196608
49209477 69632
49279109 2304
49281413 80
49281493 6
25607707 25607706
51215413 40960
51256373 2560
51258933 80
51259013 8
51215413 163840
51379253 24576
51403829 2560
51406389 96
51406485 34
51215413 196608
51412021 15352
51427373 768
51428141 96
51428237 12
51428249 3
51428252 1
51215413 720895
51936308 12288
51948596 2172
51950768 2
27165909 25607707
52773616 49152
52822768 6144
52828912 2304
52831216 192
52831408 24
52831432 3
52831435 1
27213844 27488024
54701868 393215
55095083 768
55095851 160
55096011 5
27488024 28828054
56316078 1238270
57554348 24576
57578924 4608
57583532 48
28864406 28864418
57728824 49152
57777976 5120
57783096 68
57728824 819199
58548023 17408
58565431 472
58565903 24
58565927 3
28864418 30753104
59617522 327680
59945202 1912
59947114 96
59947210 24
59947234 3
59947237 1
59617522 1464189
61081711 1238270
62319981 98304
62418285 2176
62420461 12
62420473 3
31832610 32581851
64414461 393215
64807676 12288
64819964 2304
64822268 192
64822460 34
64414461 750207
65164668 49152
65213820 15352
65229172 320
65229492 36
65229528 2
64414461 1107198
65521659 73728
65595387 1536
65596923 39
33401050 32581851
65982901 6144
65989045 2176
65991221 68
65991289 9
65982901 294912
66277813 4608
66282421 320
66282741 39
34221081 34100731
68321812 393215
68715027 17408
68732435 144
68732579 10
68321812 425984
68747796 6144
68753940 1152
68755092 96
68755188 19
34221081 34548761
68769842 294912
69064754 2560
69067314 192
69067506 80
69067586 2
34591623 34591617
69183240 619135
69802375 6144
69808519 2176
69810695 96
69810791 5
34591623 35641678
70233301 881279
71114580 10240
71124820 1280
71126100 96
71126196 6
71126202 1
70233301 1438334
71671635 9216
71680851 768
71681619 192
71681811 47
36310140 36310137
72620277 1340030
73960307 69632
74029939 2296
74032235 2
72620277 1464189
74084466 393215
74477681 1280
74478961 96
74479057 6
74479063 1
74084466 488064
74572530 640
74573170 23
74084466 750207
74834673 1536
74836209 288
74836497 24
74836521 2
74084466 881279
74965745 32769
74998514 1536
75000050 96
75000146 12
72620277 2927099
75547376 425984
75973360 18432
75991792 1536
75993328 160
75993488 12
75993500 1
75547376 589800
76137176 6144
76143320 1280
76144600 96
76144696 24
76144720 3
75547376 976128
76523504 81920
76605424 768
76606192 35
41784390 36310140
78094530 619135
78713665 1280
78714945 160
78715105 9
78094530 1464189
79558719 196608
79755327 49152
79804479 6144
79810623 768
79811391 144
79811535 11
79558719 294912
79853631 2560
79856191 384
79856575 40
79856615 1
79558719 976128
80534847 69632
80604479 1912
80606391 96
80606487 12
79558719 1107198
80665917 15352
80681269 768
80682037 159
79558719 1238270
80796989 81920
80878909 6144
80885053 1280
80886333 80
80886413 9
78094530 2927099
81021629 294912
81316541 15352
81331893 1536
81333429 48
81333477 12
81333489 1
78094530 4391288
82485818 327680
82813498 15352
82828850 1536
82830386 192
82830578 80
82830658 6
82830664 1
78094530 5331220
83425750 34816
83460566 1536
83462102 320
83462422 24
83462446 1
83425750 73728
83499478 2560
83502038 68
83502106 3
42334786 42441943
84776729 750207
85526936 24576
85551512 543
43880277 42441943
86322220 81920
86404140 10240
86414380 384
86414764 48
86414812 9
86322220 1238270
87560490 6144
87566634 768
87567402 96
87567498 12
87567510 2
43912271 43912260
87824531 98304
87922835 20480
87943315 3072
87946387 576
87946963 47
87824531 619135
88443666 34672
88478338 68
88478406 6
88478412 1
88443666 49152
88492818 17408
88510226 768
88510994 36
88511030 2
88443666 98304
88541970 1912
88543882 96
88543978 34
43912271 44882260
88794531 619135
89413666 10240
89423906 1912
89425818 48
89425866 3
45344986 45345004
90689990 20480
90710470 768
90711238 320
90711558 20
90711578 2
45855814 45692719
91548533 98304
91646837 36864
91683701 472
91684173 48
91684221 3
45860229 45860226
91720455 98304
91818759 768
91819527 320
91819847 40
91819887 3
46049733 46049736
92099469 196608
92296077 20480
92316557 3072
92319629 768
92320397 17
92296077 49152
92345229 6144
92351373 1536
92352909 320
92353229 47
92099469 619135
92718604 40960
92759564 3072
92762636 1152
92763788 36
92099469 1464189
93563658 393215
93956873 20480
93977353 640
93977993 68
93978061 9
48712628 46049736
94762364 163840
94926204 20480
94946684 2560
94949244 288
94949532 17
94762364 393215
95155579 18432
95174011 320
95174331 5
48773889 49012869
97786758 327680
98114438 36864
98151302 2560
98153862 68
98153930 3
49281499 49281493
98562992 1107198
99670190 98304
99768494 9216
99777710 544
99778254 19
