3434
1 1
2 1
3 2
5 1
3 5
8 1
8 2
5 6
11 1
8 9
17 1
10 9
19 1
12 11
23 1
12 17
29 3
32 1
29 5
18 17
35 1
20 19
39 1
24 23
47 1
32 33
65 1
34 33
67 1
36 35
71 1
40 39
79 1
48 47
95 1
48 65
113 12
125 3
128 1
113 17
65 66
131 1
67 68
135 1
71 72
143 1
79 80
159 1
95 96
191 1
128 129
257 1
130 129
259 1
132 131
263 1
136 135
271 1
144 143
287 1
160 159
319 1
192 191
383 1
192 257
449 48
497 12
509 3
512 1
449 65
258 257
515 1
260 259
519 1
264 263
527 1
272 271
543 1
288 287
575 1
320 319
639 1
384 383
767 1
512 513
1025 1
514 513
1027 1
516 515
1031 1
520 519
1039 1
528 527
1055 1
544 543
1087 1
576 575
1151 1
640 639
1279 1
768 767
1535 1
768 1025
1793 192
1985 48
2033 12
2045 3
2048 1
1793 257
1025 1026
2051 1
1027 1028
2055 1
1031 1032
2063 1
1039 1040
2079 1
1055 1056
2111 1
1087 1088
2175 1
1151 1152
2303 1
1279 1280
2559 1
1535 1536
3071 1
2048 2049
4097 1
2050 2049
4099 1
2052 2051
4103 1
2056 2055
4111 1
2064 2063
4127 1
2080 2079
4159 1
2112 2111
4223 1
2176 2175
4351 1
2304 2303
4607 1
2560 2559
5119 1
3072 3071
6143 1
3072 4097
7169 768
7937 192
8129 48
8177 12
8189 3
8192 1
7169 1025
4098 4097
8195 1
4100 4099
8199 1
4128 4127
8255 1
4160 4159
8319 1
4224 4223
8447 1
4352 4351
8703 1
4608 4607
9215 1
5120 5119
10239 1
6144 6143
12287 1
8192 8193
16385 1
8194 8193
16387 1
8196 8195
16391 1
8256 8255
16511 1
8320 8319
16639 1
8448 8447
16895 1
8704 8703
17407 1
9216 9215
18431 1
10240 10239
20479 1
12288 12287
24575 1
12288 16385
28673 3072
31745 768
32513 192
32705 48
32753 12
32765 3
32768 1
28673 4097
16385 16386
32771 1
16387 16388
32775 1
16391 16392
32783 113
16639 16640
33279 1
17407 17408
34815 1
18431 18432
36863 1
20479 20480
40959 1
24575 24576
49151 1
32768 32769
65537 1
32770 32769
65539 1
32772 32771
65543 1
32776 32783
65559 9
33280 33279
66559 1025
34816 34815
69631 1
36864 36863
73727 1
40960 40959
81919 1
49152 49151
98303 1
49152 65537
114689 12288
126977 3072
130049 768
130817 192
131009 48
131057 12
131069 3
131072 1
114689 16385
65538 65537
131075 1
73728 73727
147455 1
81920 81919
163839 1
98304 98303
196607 1
131072 131073
131075 131076
262151 8177
270328 8
262151 12288
274439 3072
277511 768
278279 192
278471 48
278519 9
147456 147455
294911 1
163840 163839
327679 1
196608 196607
393215 1
196608 262145
458753 49152
507905 12288
520193 3072
523265 768
524033 192
524225 48
524273 12
524285 3
524288 1
294912 294911
589823 1
327680 327679
655359 1
393216 393215
786431 3
524289 589823
1114112 49152
1163264 12288
1175552 1152
1176704 24
1176728 3
1175552 1280
1176832 29
1176861 1
1176832 35
1176832 48
1176880 11
1176832 66
1176832 72
1176904 3
1176907 1
1176832 80
1176912 11
1176832 96
1176928 1
1176928 12
1176940 3
1176832 113
1176945 11
1176832 144
1176976 8
1176832 160
1176992 12
1177004 1
1176832 192
1177024 12
1177036 2
1177024 24
1177048 2
1177024 32
1177024 36
1177060 2
1177024 48
1177072 11
1175552 1536
1177088 2
1177088 9
1177088 96
1177184 1
1177088 113
1177201 8
1175552 1793
1177345 48
1177393 6
1177345 68
1177345 72
1177417 1
1177417 2
1177345 136
1177345 144
1177489 12
1175552 2080
1177632 3
1175552 2112
1177664 12
1175552 2176
1177728 6
1177734 1
1177728 24
1175552 2304
1177856 10
1177856 72
1177856 192
1178048 48
1178096 8
1175552 2560
1178112 160
1178272 1
1178112 192
1178304 24
1178328 2
1178304 40
1178344 1
1178112 264
1178376 6
1178112 288
1178400 23
1178112 320
1178432 48
1178480 8
1178112 384
1178496 2
1175552 3072
1178624 320
1178944 23
1178624 384
1178624 640
1179264 48
1179264 125
1179389 1
1178624 768
1179392 40
1179432 5
589824 589823
1179647 192
1179839 35
1179647 288
1179935 11
1179647 320
1179967 23
1179647 384
1180031 9
1179647 1088
1180735 10
1179647 1280
1180927 113
1181040 8
1179647 1536
1181183 113
1179647 2560
1182207 24
1182231 2
1182207 383
1179647 3072
1182719 12
1182731 2
1182719 320
1183039 32
1182719 640
1183359 80
1183439 6
1183445 1
1182719 768
1183487 10
1183487 80
1183567 12
1183579 2
1179647 4608
1184255 497
1184752 6
1184758 1
1179647 7169
1186816 144
1186960 6
1186966 1
1186816 576
1187392 40
1187432 6
1179647 7937
1187584 40
1187624 3
1179647 9216
1188863 160
1189023 1
1179647 10240
1189887 520
1190407 5
1189887 1280
1191167 48
1191215 12
1191227 1
1189887 1793
1191680 20
1191700 2
1179647 12288
1191935 36
1191971 1
1191935 144
1192079 2
1191935 192
1192127 2
1191935 1152
1193087 48
1193135 6
1193141 1
1191935 2304
1194239 80
1194319 8
1179647 16392
1196039 96
1196135 3
1179647 20480
1200127 2176
1202303 113
1202416 5
1200127 3072
1203199 768
1203967 192
1204159 19
1179647 24576
1204223 96
1204319 12
1204331 3
1204334 1
1204223 1031
1179647 28673
1208320 497
1208817 3
1208320 768
1209088 96
1209184 6
1208320 2560
1210880 113
1210993 5
1179647 36864
1216511 3072
1219583 768
1220351 192
1220543 12
1179647 40960
1220607 80
1220687 9
1220607 3072
1223679 640
1224319 48
1224367 12
1224379 3
1224382 1
1220607 6144
1226751 449
1227200 12
1179647 49152
1228799 1039
1228799 1088
1229887 24
1229911 2
1228799 2176
1230975 72
1231047 3
1231050 1
1228799 4608
1233407 449
1233856 33
1228799 10240
1239039 1793
1240832 96
655359 589824
1245183 4608
1249791 449
1250240 5
1245183 12288
1257471 144
1257615 9
1245183 20480
1265663 1536
1267199 72
1267271 3
1267274 1
1245183 34816
1279999 1536
1281535 160
1281695 6
1281701 1
1245183 36864
1282047 1280
1245183 40960
1286143 1536
1287679 12
1287691 3
1287694 1
1286143 4608
1290751 36
1286143 7169
1293312 384
1293696 39
1245183 49152
1294335 8320
1302655 80
1302735 2
1294335 9216
1303551 288
1303839 12
1303851 3
655360 655359
1310719 16640
1327359 68
1327427 1
1310719 28673
1339392 2560
1341952 48
1342000 9
1310719 34816
1345535 1280
1346815 72
1346887 3
1310719 73728
1384447 2052
1310719 81920
1392639 7169
1399808 80
1399888 11
1399808 544
1400352 20
1400372 1
1310719 98304
1409023 7937
1416960 144
1417104 12
1417116 1
1409023 8448
1417471 192
1417663 29
1417692 2
1310719 114689
1425408 8129
1433537 23
1425408 9216
1434624 260
1310719 126977
1437696 1793
1439489 160
1439649 2
786431 655360
1441791 49152
1490943 6144
1497087 768
1497855 9
1441791 81920
1523711 7169
1530880 640
1531520 96
1531616 12
1531628 1
1441791 114689
1556480 3072
1559552 497
1560049 6
786434 786431
1572865 9216
1582081 192
1582273 12
1582285 2
1572865 10240
1583105 1536
1584641 160
1584801 12
1572865 24576
1597441 48
1597489 3
1597492 1
1572865 73728
1646593 1536
1648129 67
1572865 81920
1654785 6144
1660929 96
1661025 12
1661037 1
1572865 114689
1687554 9216
1696770 113
1696883 10
1572865 147456
1720321 8704
1729025 11
1572865 196608
1769473 20480
1789953 192
1790145 12
1790157 3
1790160 1
1769473 40960
1810433 768
1811201 24
1811225 3
1572865 278528
1851393 10240
1861633 768
1862401 71
1572865 294912
1867777 1536
1869313 144
1869457 5
1867777 6144
1873921 384
1874305 48
1874353 12
1874365 2
1114112 786434
1900546 81920
1982466 12288
1994754 3072
1997826 514
1900546 98304
1998850 12288
2011138 1536
2012674 48
2012722 12
2012734 1
1900546 163840
2064386 10240
2074626 1536
2076162 192
2076354 36
2076390 2
2064386 12288
2076674 2064
1303854 1310719
2614573 18432
2633005 768
2633773 159
2633005 1056
2634061 12
2634073 1
2634061 23
2633005 1088
2634093 3
2634096 1
2634093 6
2634093 12
2634105 3
2634108 1
2634093 48
2634141 11
2633005 1152
2634157 18
2634157 23
2634157 24
2634157 29
2634186 1
2634157 40
2634197 3
2634200 1
2634157 96
2634253 10
2633005 1280
2634285 36
2634285 40
2634325 3
2634328 1
2634285 48
2634333 10
2634285 65
2634285 68
2634285 96
2634285 136
2634421 3
2634424 1
2634285 144
2634429 12
2634441 1
2634285 160
2634445 2
2634445 8
2634445 12
2634457 3
2634460 1
2634445 24
2634469 3
2634285 192
2634477 29
2634506 2
2633005 1536
2634541 17
2634541 18
2634541 192
2634733 12
2634745 3
2634748 1
2633005 1793
2634798 72
2634870 5
2634798 96
2634894 12
2634798 160
2634958 3
2634958 8
2633005 1985
2634990 47
2614573 20480
2635053 125
2635053 160
2635213 2
2635053 384
2635437 48
2635485 11
2635053 449
2635502 24
2635526 1
2635053 497
2635550 1
2635053 576
2635629 48
2635677 9
2635053 640
2635693 36
2635729 2
2635053 1280
2636333 192
2636525 11
2635053 1536
2636589 132
2636721 2
2636589 192
2636781 20
2636801 1
2635053 1793
2636846 47
2636846 160
2637006 5
2635053 2056
2637109 5
2635053 2112
2637165 2
2637165 9
2635053 2176
2637229 24
2635053 2304
2637357 48
2637405 3
2637408 1
1327359 1310719
2638078 131
2638078 287
2638078 1793
2639871 160
2640031 12
2640043 3
2638078 2080
2640158 29
2640187 1
2638078 2176
2640254 68
2640322 1
2638078 2304
2640382 160
2640542 20
2638078 2560
2640638 192
2640830 12
2640842 1
2638078 3072
2641150 512
2641150 576
2641726 34
2641150 768
2641918 5
2638078 5120
2643198 48
2643246 11
2643198 320
2643518 48
2643198 640
2643838 5
2638078 6144
2644222 71
2644222 640
2644862 29
2644222 768
2644990 40
2645030 1
2638078 8448
2646526 160
2646686 3
2638078 9216
2647294 48
2638078 10240
2648318 320
2648638 48
2648686 12
2648698 2
2648318 1152
2649470 48
2649518 6
2638078 12288
2650366 320
2650686 8
2650366 2560
2652926 192
2653118 9
2650366 3072
2653438 192
2653630 48
2653678 8
1327427 1327428
2654855 136
2654991 5
2654855 1088
2655943 47
2654855 2560
2657415 497
2657912 6
2654855 4352
2659207 34
2654855 6144
2660999 320
2661319 48
2661367 6
2654855 7169
2662024 576
2662600 24
2654855 10240
2665095 272
2665367 12
2665379 1
1327428 1339392
2666820 1536
2668356 160
2668516 24
2668540 2
2666820 3072
2669892 80
2669972 3
2669892 768
2670660 192
2670852 20
2666820 6144
2672964 80
2673044 12
2673056 1
2672964 768
2673732 192
2673924 48
2673972 12
2673984 3
1341952 1339392
2681344 160
2681504 8
2681344 1536
2682880 48
2682928 9
1342009 1342000
2684009 2112
2686121 48
2686169 1
1342009 1345535
2687544 2176
2689720 80
2689800 6
2689806 1
1346887 1346890
2693777 1793
2695570 80
2695650 6
2693777 7169
2700946 48
2700994 5
2693777 16512
2710289 80
2710369 6
2710375 1
2693777 18432
2712209 136
2712345 3
2712348 1
2693777 20480
2714257 1280
2715537 144
2715681 12
2715693 1
2693777 24576
2718353 1536
2719889 72
2719961 6
1384447 1346890
2731337 3072
2734409 576
2734985 48
2735033 9
2731337 8177
2739514 2
2731337 8448
2739785 192
2739977 36
2740013 2
2731337 20480
2751817 2
2731337 24576
2755913 2560
2758473 449
2758922 20
1399808 1392639
2792447 2560
2795007 320
2795327 40
2795367 3
2792447 3072
2795519 384
2795903 33
1409023 1416960
2825983 4608
2830591 320
2830911 35
1417694 1425408
2843102 10240
2853342 768
2854110 192
2854302 6
2843102 12288
2855390 1088
2856478 18
1434624 1434884
2869508 384
2869892 35
2869508 2304
2871812 24
2871836 3
2871839 1
1439651 1441791
2881442 2560
2884002 384
2884386 32
2881442 6144
2887586 192
2887778 48
2887826 12
2887838 3
2887841 1
2881442 12288
2893730 1536
2895266 192
2895458 40
2895498 3
2881442 18432
2899874 11
1441791 1490943
2932734 576
2933310 2
1490943 1497087
2988030 3072
2991102 528
2991630 1
1497855 1497864
2995719 35
2995719 9216
3004935 96
3005031 12
3005043 1
1523711 1497864
3021575 10240
3031815 640
3032455 20
3032475 1
3021575 28673
3050248 2304
3052552 160
3052712 11
1531629 1556480
3088109 18432
3106541 497
3107038 6
3088109 20480
3108589 2304
3110893 96
3110989 12
3111001 2
1572865 1560055
3132920 18432
3151352 192
3151544 40
3151584 5
1646593 1597493
3244086 17408
3261494 768
3262262 135
3244086 31745
3275831 640
3276471 11
1696893 1696883
3393776 6144
3399920 192
3400112 48
3400160 3
3400163 1
3393776 10240
3404016 1793
3405809 24
3405833 3
1696893 1720321
3417214 4608
3421822 1
3417214 20480
3437694 3072
3440766 768
3441534 192
3441726 24
3441750 3
1720321 1729025
3449346 6144
3455490 768
3456258 160
3456418 24
3456442 2
1729036 1769473
3498509 18432
3516941 192
3517133 1
1789953 1769473
3559426 10240
3569666 1793
3571459 160
3571619 24
3571643 2
1790161 1790160
3580321 10240
3590561 640
3591201 29
3591230 1
1874367 1900546
3774913 73728
3848641 2560
3851201 320
3851521 40
3851561 3
3851564 1
1900546 1982466
3883012 81920
3964932 10240
3975172 640
3975812 35
2064386 2012735
4077121 40960
4118081 6144
4124225 640
4124865 80
4124945 8
2076674 2078738
4155412 36864
4192276 3072
4195348 576
4195924 10
4155412 147456
4302868 12288
4315156 2560
4317716 449
4318165 19
4155412 196608
4352020 49152
4401172 10240
4411412 768
4412180 96
4412276 5
4155412 278528
4433940 7169
4441109 264
4441373 1
4155412 393216
4548628 2304
4550932 20
4550952 2
4155412 507905
4663317 5120
4668437 113
4668550 6
4668556 1
4663317 9216
4672533 640
4673173 113
4673286 6
2719961 2719967
5439928 768
5440696 192
5440888 20
5440908 2
5439928 1088
5441016 24
5441040 3
5441043 1
5441016 36
5441052 1
5441016 40
5441016 48
5441064 8
5439928 1152
5441080 24
5441104 3
5441107 1
5441080 40
5441080 48
5441128 9
5441080 72
5441152 3
5441155 1
5441080 113
5441193 3
5441196 1
5439928 1280
5441208 6
5441214 1
5441208 40
5441248 3
5441251 1
5441208 48
5441256 1
5441208 68
5441208 80
5441288 12
5441208 136
5441344 5
5441344 6
5441208 160
5441368 24
5441392 1
5441392 3
5441395 1
5441208 192
5441400 40
5441440 2
5439928 1536
5441464 48
5441512 12
5441524 3
5441464 71
5439928 1793
5441721 33
5441721 96
5441817 12
5441829 1
5441721 113
5441834 10
5441721 128
5441721 136
5441857 3
5441860 1
5439928 1985
5441913 5
5441913 18
5439928 2176
5442104 96
5442200 6
5439928 2304
5442232 24
5442256 1
5442232 96
5442328 3
5442331 1
5442232 144
5442376 8
5439928 2560
5442488 113
5442601 8
5442488 192
5442680 24
5442704 2
5442680 48
5442728 12
5442740 1
5442488 320
5442808 6
5442808 48
5442856 11
5442488 384
5442872 29
5442901 2
5439928 3072
5443000 40
5443040 3
5443000 68
5443068 1
5443000 130
5443000 160
5443160 1
5443000 384
5443384 8
5443000 576
5443576 32
5443000 640
5443640 113
5443753 2
5443000 768
5443768 29
5443797 2
5439928 4224
5444152 113
5444265 6
5439928 4608
5444536 113
5444649 3
5439928 6144
5446072 320
5446392 3
5446395 1
5446392 24
5446416 1
5446072 768
5446840 192
5447032 1
5439928 7169
5447097 144
5447097 272
5447369 2
5447097 384
5447481 40
5447521 6
5439928 7937
5447865 136
5448001 3
5448004 1
5439928 8704
5448632 192
5448824 12
5448836 3
5448632 272
5448904 3
2719967 2731337
5451304 768
5452072 48
5452120 3
5451304 1056
5452360 6
5452366 1
5451304 1280
5452584 160
5452744 24
5452768 3
5451304 1536
5452840 80
5452920 1
5451304 2560
5453864 192
5454056 12
5454068 2
5451304 3072
5454376 320
5454696 48
5454744 2
5451304 4160
5455464 48
5455512 10
5451304 4608
5455912 288
5456200 6
5456206 1
5451304 5120
5456424 320
5456744 18
5456744 40
5456784 1
5451304 8200
5459504 12
5451304 8704
5460008 29
5460037 2
5460008 272
5460280 9
5460008 449
5460457 24
5460481 1
5451304 12288
5463592 1536
5465128 192
5465320 23
2734409 2734985
5469394 384
5469778 12
5469790 1
2735033 2735042
5470075 1152
5471227 113
5471340 9
5470075 2176
5472251 40
5472291 2
5470075 2560
5472635 384
5473019 48
5473067 3
5470075 3072
5473147 192
5473339 19
5470075 4160
5474235 24
5474259 2
2735042 2739514
5474556 1536
5476092 40
5476132 2
5474556 3072
5477628 768
5478396 129
2740013 2740015
5480028 9216
5489244 5
5480028 10240
5490268 1152
5491420 72
5491492 5
2740015 2751817
5491832 3072
5494904 576
5495480 48
5495528 6
5495534 1
5491832 5120
5496952 384
5497336 24
5497360 2
5491832 8704
5500536 40
5500576 6
5491832 10240
5502072 192
5502264 48
5502312 12
5502324 3
5502072 1536
5503608 10
2751819 2755913
5507732 1536
5509268 192
5509460 48
5509508 11
5507732 2560
5510292 320
5510612 12
5510624 2
5507732 4160
5511892 40
5511932 3
5511935 1
2758922 2758942
5517864 3072
5520936 768
5521704 29
5521733 2
5517864 10240
5528104 1793
5529897 143
5517864 12288
5530152 2176
5532328 68
5532396 2
5517864 18432
5536296 136
5536296 1536
5537832 136
5537968 2
5517864 24576
5542440 2304
5544744 192
5544936 40
5544976 6
5517864 28673
5546537 257
2792447 2758942
5551389 24576
5575965 3072
5579037 96
5579133 12
5579145 3
5579148 1
2795519 2795903
5591422 320
5591742 40
5591782 1
2795936 2795903
5591839 10240
5602079 1536
5603615 96
5603711 12
5603723 2
2795936 2825983
5621919 12288
5634207 768
5634975 113
5621919 20480
5642399 3072
5645471 768
5646239 192
5646431 36
5646467 2
5621919 24576
5646495 3072
5649567 768
5650335 72
2830591 2825983
5656574 576
5657150 36
5657186 2
2830946 2830911
5661857 6144
5668001 113
5668114 3
5668117 1
5661857 8704
5670561 288
5670849 6
5670855 1
2843102 2830946
5674048 8704
5682752 319
2856496 2869508
5726004 8129
5734133 40
5734173 1
2881442 2871840
5753282 3072
5756354 520
5756874 3
2895501 2895498
5790999 1280
5792279 160
5792439 24
5792463 3
2899874 2899885
5799759 20480
5820239 576
5820815 29
5820844 1
2899885 2932734
5832619 24576
5857195 2112
5859307 24
2933310 2933312
5866622 768
5867390 192
5867582 1
5866622 12288
5878910 1056
5879966 6
5866622 18432
5885054 1088
5886142 9
5866622 49152
5915774 576
5916350 1
2933312 2988030
5921342 28673
5950015 136
5950151 3
5950154 1
3004935 2995754
6000689 6144
6006833 768
6007601 144
6007745 3
6007748 1
3021575 3005044
6026619 10240
6036859 768
6037627 48
6037675 1
3088109 3052723
6140832 32896
6173728 288
3106541 3088109
6194650 17408
6212058 449
6212507 20
3107044 3108589
6215633 2560
6218193 272
3151584 3151589
6303173 40960
6344133 1793
6345926 96
6346022 12
6346034 2
6303173 49152
6352325 1040
6353365 5
6352325 2560
6354885 449
6355334 2
6303173 69632
6372805 384
6373189 36
6373225 2
3244086 3151589
6395675 66559
6462234 288
6462522 23
6395675 98304
6493979 4224
6498203 96
6498299 12
6498311 1
3276471 3276482
6552953 8448
6561401 96
6561497 9
6552953 49152
6602105 1793
6603898 96
6603994 5
6552953 73728
6626681 6144
6632825 80
6632905 9
6552953 81920
6634873 12288
6647161 1536
6648697 12
3393776 3276482
6670258 73728
6743986 6144
6750130 272
6750402 3
6750405 1
6743986 7169
6751155 144
6751299 12
3580321 3590561
7170882 7169
7178051 640
7178691 113
7178804 3
7178807 1
3591231 3591230
7182461 12288
7194749 2112
7196861 40
7196901 3
7196904 1
7182461 98304
7280765 9216
7289981 640
7290621 113
7290734 6
3964932 3883012
7847944 12288
7860232 2560
7862792 66
4077121 3975847
8052968 16896
8069864 288
8070152 24
8070176 1
8052968 98304
8151272 12288
8163560 1152
8164712 96
8164808 2
4155412 4124953
8280365 6144
8286509 288
8286797 24
8280365 40960
8321325 576
8321901 47
4318184 4318165
8636349 12288
8648637 1152
8649789 72
4441374 4548628
8990002 6144
8996146 384
8996530 48
8996578 8
8990002 34816
9024818 520
9025338 6
4673286 4673292
9346578 1152
9347730 95
9346578 196608
9543186 6144
9549330 449
9549779 35
5465320 5465343
10930663 1088
10931751 12
10930663 1152
10931815 96
10931911 3
10931911 5
10931911 10
10931815 113
10931928 2
10931928 8
10930663 1279
10930663 1280
10931943 9
10931943 20
10931943 48
10931991 1
10931943 113
10931943 144
10932087 12
10932099 2
10931943 192
10932135 29
10932164 2
10932135 48
10932183 3
10932186 1
10930663 1536
10932199 6
10932205 1
10932199 17
10932199 24
10932223 2
10932199 33
10932199 48
10932247 3
10932250 1
10932247 9
10932199 79
10932199 80
10932279 6
10932285 1
10932199 129
10932199 192
10932391 6
10932397 1
10932391 20
10932411 1
10932391 29
10932420 2
10930663 1793
10932456 48
10932504 1
10930663 2056
10932719 3
10932722 1
10930663 2064
10932727 2
10930663 2080
10932743 29
10930663 2112
10932775 29
10932804 1
10932775 48
10932823 12
10930663 2176
10932839 10
10932839 36
10932875 2
10932839 68
10932907 1
10932839 80
10932919 3
10930663 2304
10932967 96
10933063 10
10930663 2560
10933223 3
10933226 1
10933223 80
10933303 3
10933223 272
10933495 2
10930663 3072
10933735 113
10933848 9
10933735 320
10934055 12
10934067 1
10933735 544
10933735 768
10934503 40
10934543 1
10934503 160
10934663 1
10934503 192
10934695 20
5465343 5469394
10934737 320
10935057 34
10934737 640
10935377 5
10934737 768
10935505 192
10935697 12
10935697 48
10935745 12
10935757 1
10934737 1152
10935889 72
10935961 1
10934737 1280
10936017 24
10936041 1
10934737 1536
10936273 80
10936353 10
10936273 130
10936273 192
10936465 24
10934737 2056
10936793 6
10934737 4160
10938897 2
10938897 24
10938921 1
5469790 5469791
10939581 96
10939677 11
10939581 264
10939845 1
5469791 5470075
10939866 1152
10941018 95
5470075 5471227
10941302 40
10941342 1
10941302 768
10942070 5
5471349 5472251
10943600 68
10943668 2
10943600 72
10943672 6
10943600 576
10944176 40
10944216 2
5472635 5472293
10944928 320
10945248 47
10944928 384
5473358 5473339
10946697 287
10946697 288
10946985 24
10947009 3
10947012 1
5473358 5474235
10947593 576
10948169 39
5476092 5474556
10950648 320
10950968 34
5477628 5476134
10953762 2112
10955874 36
10955910 2
5478525 5478396
10956921 29
10956950 1
10956921 768
10957689 192
10957881 3
5478525 5480028
10958553 1280
10959833 160
10959993 5
10958553 2112
10960665 1
10958553 2176
10960729 48
10960777 12
10960789 3
10960792 1
10958553 2560
10961113 384
10961497 5
10958553 4608
10963161 160
10963321 29
10958553 6144
10964697 576
10965273 36
10965309 2
10958553 7169
10965722 544
10966266 24
10966290 3
5480028 5489244
10969272 1088
10970360 48
10970408 3
10969272 4608
10973880 96
10973976 12
10973988 3
5489249 5490268
10979517 1152
10980669 5
5490268 5491420
10981688 576
10982264 40
10982304 6
5491832 5494904
10986736 1280
10988016 192
10988208 48
10988256 10
10986736 3072
10989808 136
10989944 5
5495480 5494904
10990384 48
10990432 1
5497362 5497360
10994722 29
10994751 2
5502324 5502327
11004651 48
11004699 6
11004705 1
5503608 5503618
11007226 1536
11008762 12
11007226 1793
11009019 11
5511892 5510626
11022518 576
11023094 3
5511936 5511935
11023871 1793
11025664 132
5517864 5520936
11038800 2176
11040976 48
11041024 6
11041030 1
11038800 2560
11041360 96
11041456 12
11041468 3
11041471 1
5521735 5521733
11043468 1280
11044748 5
11043468 2176
11045644 48
11045692 3
11043468 3072
11046540 576
11047116 8
5532398 5532396
11064794 2304
11067098 160
11067258 20
11067278 1
11064794 3072
11067866 320
11068186 36
11068222 2
5537970 5537968
11075938 3072
11079010 768
11079778 36
5537970 5542440
11080410 384
11080794 40
11080834 1
11080410 6144
11086554 192
11086746 40
11086786 5
5546537 5544982
11091519 264
11091783 5
5546794 5551389
11098183 10240
11108423 384
11108807 29
11108836 1
5551389 5575965
11127354 24576
11151930 2560
11154490 192
11154682 48
5591422 5579149
11170571 9216
11179787 160
11179947 1
5591839 5591783
11183622 9216
11192838 768
11193606 192
11193798 8
5603725 5603723
11207448 12288
11219736 3072
11222808 449
11223257 29
11223286 2
5603725 5621919
11225644 20480
11246124 3072
11249196 497
11249693 6
11249699 1
5634207 5621919
11256126 4608
11260734 136
11260870 3
5668001 5661857
11329858 4608
11334466 320
11334786 12
11334798 3
11334801 1
5674048 5682752
11356800 1793
11358593 125
11358718 2
5683071 5682752
11365823 8320
11374143 24
5726004 5683071
11409075 7937
11417012 6
11409075 28673
11437748 288
11438036 6
11409075 33280
11442355 320
11442675 29
11442704 2
11409075 40960
11450035 3072
11453107 192
11453299 8
5753282 5734174
11487456 17408
11504864 640
11505504 96
11505600 9
5756877 5756874
11513751 24576
11538327 1536
11539863 24
11539887 2
5790999 5756877
11547876 24576
11572452 3072
11575524 48
11575572 11
5799759 5820239
11619998 7169
11627167 320
11627487 20
11619998 12288
11632286 2176
11634462 48
11634510 10
5820845 5820844
11641689 9216
11650905 113
11651018 5
5867583 5867582
11735165 8704
11743869 113
11743982 6
5921342 5950015
11871357 12288
11883645 3072
11886717 288
11887005 23
6000689 5950155
11950844 4224
11955068 48
11955116 10
11950844 7937
11958781 47
6007748 6007749
12015497 7169
12022666 509
6007749 6026619
12034368 24576
12058944 2560
12061504 160
12061664 6
12061670 1
6037675 6037676
12075351 40960
12116311 1985
12118296 9
12075351 49152
12124503 12288
12136791 768
12137559 192
12137751 48
12137799 1
6140832 6037676
12178508 768
12179276 144
12178508 36864
12215372 3072
12218444 48
12218492 3
6194650 6212058
12406708 10240
12416948 1793
12418741 96
12418837 6
12418843 1
6373227 6395675
12768902 3072
12771974 544
12772518 12
12772530 2
12768902 40960
12809862 1280
12811142 113
12811255 6
6395675 6462234
12857909 49152
12907061 6144
12913205 384
12913589 48
12913637 12
12913649 2
6552953 6498312
13051265 49152
13100417 6144
13106561 768
13107329 132
13107461 1
6602105 6561506
13163611 2560
13166171 320
13166491 36
13166527 1
6603999 6603994
13207993 12288
13220281 1536
13221817 96
13221913 1
6670258 6743986
13414244 12288
13426532 768
13427300 160
13427460 18
6751299 6751311
13502610 20480
13523090 2176
13525266 20
7170882 6751311
13922193 73728
13995921 1280
13997201 160
13997361 12
13997373 3
13995921 3072
13998993 768
13999761 130
13922193 278528
14200721 10240
14210961 768
14211729 11
13922193 327680
14249873 49152
14299025 8704
14307729 384
14308113 17
7280765 7196905
14477670 49152
14526822 3072
14529894 320
14530214 40
14530254 2
7290740 7847944
15138684 4100
15138684 393216
15531900 24576
15556476 2176
15558652 80
15558732 9
8052968 7862858
15915826 36864
15952690 640
15953330 48
15953378 12
15953390 3
15953393 1
8636349 8321948
16958297 4608
16962905 130
16958297 294912
17253209 2560
17255769 40
17255809 5
8649861 8649789
17299650 294912
17594562 10240
17604802 768
17605570 80
17605650 8
9025344 9025338
18050682 81920
18132602 5120
18137722 136
18137858 3
9346578 9025344
18371922 163840
18535762 12288
18548050 1280
18549330 135
9543186 9347825
18891011 114689
19005700 7169
19012869 144
19013013 6
19013019 1
9549779 9549814
19099593 196608
19296201 20480
19316681 2560
19319241 449
19319690 12
19319702 2
19099593 589824
19689417 12288
19701705 3072
19704777 449
19705226 12
19705238 2
19704777 576
19705353 18
19705353 40
19705393 1
19705393 3
19705396 1
19705353 48
19705401 6
19705407 1
19705401 12
19705413 1
19704777 640
19705417 24
19705417 33
19705417 40
19705457 1
19705417 47
19705417 48
19705465 3
19705468 1
19705417 113
19705530 5
19704777 768
19705545 3
19705548 1
19705545 24
19705569 3
19705572 1
19705545 48
19705593 12
19705545 96
19705641 8
19705641 10
19705545 143
19705545 144
19705689 3
19705689 5
19705689 6
19705695 1
19705545 192
19705737 40
19705777 1
19689417 16392
19705809 29
19705809 80
19705889 11
19705809 95
19705809 96
19689417 16512
19705929 40
19705969 2
19689417 16640
19706057 113
19706170 5
19706057 125
19706182 1
19706057 160
19706217 1
19706057 192
19706249 39
19689417 16896
19706313 160
19706473 8
19706473 20
19706313 320
19706633 6
19706313 449
19706762 12
19706774 3
19706777 1
19689417 17408
19706825 36
19706861 2
19706825 136
19706961 3
19706825 192
19707017 40
19707057 1
19706825 383
19706825 768
19707593 40
19707593 192
19707785 9
19689417 18432
19707849 160
19708009 20
19708029 1
19708029 2
19707849 288
19708137 3
19707849 576
19708425 12
19707849 768
19708617 160
19708777 3
19708780 1
19707849 1152
19709001 35
19707849 1280
19709129 48
19709177 1
19709129 80
19709209 12
19709221 2
19707849 1985
19709834 40
19709874 3
19709877 1
19689417 20480
19709897 768
19710665 24
19710665 160
19710825 5
19710665 192
19710857 12
19709897 1536
19711433 192
19711625 48
19711673 6
19709897 1793
19711690 20
19711710 1
19709897 2304
19712201 113
19709897 2560
19712457 39
19712457 144
19712601 9
19709897 3072
19712969 136
19713105 2
19712969 575
19689417 24576
19713993 576
19714569 48
19713993 1536
19715529 144
19715673 10
19689417 28673
19718090 768
19718858 96
19718954 12
19718966 3
19718969 1
19718090 1793
19719883 113
19719996 9
19718090 2112
19720202 3
19720205 1
19718090 2176
19720266 34
19718090 2560
19720650 160
19720810 8
19720650 384
19721034 36
19721070 2
19689417 31745
19721162 48
19721210 9
19689417 32705
19722122 36
19689417 32896
19722313 113
19722426 6
19722432 1
19689417 33280
19722697 287
19689417 36864
19726281 768
19727049 192
19727241 12
19727253 3
19727256 1
19726281 3072
19729353 160
19729513 23
19689417 40960
19730377 1280
19731657 160
19731817 6
19730377 2304
19732681 144
19732825 1
19730377 3072
19733449 132
19733449 640
19734089 48
19734137 5
19730377 4224
19734601 6
19734607 1
19689417 49152
19738569 12
19738581 2
19738569 2304
19740873 192
19741065 3
19738569 10240
19748809 768
19748809 1536
19750345 160
19750505 5
19099593 655360
19754953 640
19755593 96
19755689 3
19755692 1
19754953 2176
19757129 19
19754953 6144
19761097 576
19761673 40
19761713 2
19754953 7169
19762122 640
19762762 10
19754953 8704
19763657 36
19763693 2
19754953 10240
19765193 1152
19766345 96
19766441 12
19766453 3
19766456 1
19754953 16512
19771465 29
19754953 16896
19771849 497
19772346 6
19772352 1
19754953 20480
19775433 40
19775473 6
19754953 40960
19795913 1536
19797449 80
19797529 3
19797532 1
19795913 3072
19798985 288
19799273 20
19799293 2
19795913 5120
19801033 320
19801353 48
19801401 6
19801407 1
19754953 49152
19804105 6144
19810249 768
19811017 160
19811177 3
19754953 67584
19822537 1280
19823817 192
19824009 6
19824015 1
19754953 69632
19824585 384
19824969 36
19825005 1
19824585 1028
19825613 1
19099593 786434
19886027 6144
19892171 640
19892811 96
19892907 3
19886027 12288
19898315 2304
19900619 72
19900691 3
19900694 1
19886027 18432
19904459 640
19905099 6
19886027 24576
19910603 2112
19912715 47
19886027 31745
19917772 272
19918044 2
19886027 36864
19922891 768
19923659 160
19923819 8
19922891 2560
19925451 320
19925771 36
19925807 1
19886027 40960
19926987 509
19886027 73728
19959755 1793
19961548 40
19961588 6
19959755 6144
19965899 160
19966059 20
19966079 1
19886027 98304
19984331 3072
19984331 12288
19996619 272
19996891 12
19996903 2
19886027 131076
20017103 12288
20029391 768
20030159 160
20030319 29
20030348 1
19886027 196608
20082635 24576
20107211 768
20107979 192
20108171 12
20108183 3
20082635 34816
20117451 640
20118091 79
20082635 49152
20131787 3072
20134859 768
20135627 72
20135699 1
19886027 278528
20164555 4352
20168907 192
20169099 24
20169123 3
20169126 1
20164555 12288
20176843 320
20177163 40
19886027 294912
20180939 20480
20201419 640
20202059 12
20202071 2
19099593 1114112
20213705 5120
20218825 640
20219465 48
20219513 12
20219525 1
19099593 1210998
20310591 272
20310863 6
20310869 1
19099593 1231051
20330644 1793
20332437 96
20332533 3
19099593 1250245
20349838 1985
20351823 24
20351847 2
19099593 1346890
20446483 4224
20450707 113
20450820 5
20446483 20480
20466963 1280
20468243 192
20468435 1
10930663 9549814
20480477 12288
20492765 2560
20495325 320
20495645 48
20495693 9
20480477 69632
20550109 1793
20551902 160
20552062 18
20480477 147456
20627933 10240
20638173 23
20480477 163840
20644317 5120
20649437 264
20649701 1
20480477 270336
20750813 768
20751581 2
20480477 277511
20757988 20
20758008 2
20480477 278528
20759005 12288
20771293 2560
20773853 384
20774237 6
20480477 327680
20808157 2560
20810717 449
20811166 1
20480477 393216
20873693 49152
20922845 9216
20932061 768
20932829 96
20932925 11
20480477 589824
21070301 40960
21111261 320
21111581 48
21111629 12
21111641 2
21070301 49152
21119453 10240
21129693 1536
21131229 125
20480477 655360
21135837 18432
21154269 272
20480477 786434
21266911 163840
21430751 20480
21451231 1056
21452287 10
21266911 196608
21463519 49152
21512671 2560
21515231 96
21515327 6
20480477 1303854
21784331 1793
21786124 144
21786268 5
20480477 1346890
21827367 33280
21860647 320
21860967 12
21860979 3
11047124 11047116
22094240 16896
22111136 80
22111216 9
11127354 11108837
22236191 10240
22246431 1985
22248416 40
22248456 3
11170571 11154730
22325301 113
22325414 5
11207448 11193806
22401254 1536
22402790 192
22402982 24
22403006 2
11223288 11225644
22448932 6144
22455076 640
22455716 40
22455756 5
11329858 11260873
22590731 20480
22611211 1056
22612267 5
22590731 28673
22619404 576
22619980 40
22620020 3
22620023 1
11575583 11575572
23151155 24576
23175731 2560
23178291 320
23178611 48
23178659 10
11743988 11871357
23615345 10240
23625585 768
23626353 192
23626545 20
23626565 1
12215372 12179420
24394792 28673
24423465 2176
24425641 80
24425721 12
12418844 12418843
24837687 98304
24935991 8704
24944695 320
24945015 12
24945027 1
24837687 147456
24985143 1280
24986423 192
24986615 17
12913651 12913649
25827300 131076
25958376 5120
25963496 768
25964264 20
13051265 13100417
26151682 40960
26192642 7169
26199811 320
26200131 1
13107462 13163611
26271073 49152
26320225 6144
26326369 449
26326818 29
26326847 1
13221914 13414244
26636158 24576
26660734 192
26660926 6
13525266 13525286
27050552 147456
27198008 640
27198648 3
27198651 1
27050552 274439
27324991 320
27325311 29
13922193 13525286
27447479 73728
27521207 7169
27528376 640
27529016 35
14200721 13999891
28200612 49152
28249764 10240
28260004 1536
28261540 192
28261732 40
28261772 6
14299025 14249873
28548898 12288
28561186 768
28561954 96
28562050 12
28562062 1
14530254 14530256
29060510 327680
29388190 40960
29429150 640
29429790 36
29429826 2
15138684 14530256
29668940 163840
29832780 12288
29845068 3072
29848140 449
29848589 20
29848609 1
15915826 15558741
31474567 196608
31671175 12288
31683463 1793
31685256 160
31685416 18
15953394 15953393
31906787 274439
32181226 1152
32182378 96
32182474 3
32182477 1
31906787 655360
32562147 114689
32676836 6144
32682980 768
32683748 160
32683908 24
32683932 3
16958297 15953394
32911691 69632
32981323 2560
32983883 384
32984267 12
32984279 3
32911691 524289
33435980 49152
33485132 8704
33493836 3
33493839 1
18050682 17605658
35656340 73728
35730068 7169
35737237 19
24986615 24986632
49973247 18432
49991679 576
49992255 3
49991679 640
49992319 80
49992399 5
49992399 12
49992411 2
49992319 96
49992415 5
49992415 12
49992427 1
49991679 768
49992447 5
49992447 6
49992453 1
49992447 32
49992447 48
49992495 3
49992495 12
49992507 2
49992447 68
49992515 1
49992447 80
49992527 5
49992447 113
49992560 1
49992447 192
49992639 23
49992639 24
49992663 3
49992639 36
49992639 48
49992687 9
49991679 1032
49992711 1
49991679 1040
49992719 2
49991679 1056
49992735 20
49991679 1088
49992767 34
49991679 1152
49992831 12
49992843 1
49992831 80
49992911 6
49992917 1
49991679 1280
49992959 12
49992971 1
49992959 24
49992983 3
49992959 40
49992999 5
49992959 67
49992959 80
49993039 9
49992959 192
49993151 17
49993151 40
49993191 3
49993194 1
49991679 1536
49993215 80
49993295 3
49993298 1
49991679 1793
49993472 24
49993472 40
49993512 5
49993472 80
49993552 5
49993472 144
49993616 8
49991679 1985
49993664 29
49973247 20480
49993727 48
49993775 12
49993787 1
49993727 320
49994047 3
49994047 6
49994053 1
49993727 1152
49994879 96
49993727 1280
49995007 192
49995199 9
49993727 1536
49995263 192
49995455 39
49993727 1985
49995712 39
49993727 2112
49995839 12
49995851 3
49993727 2176
49995903 11
49995903 36
49995939 2
49993727 2304
49996031 96
49996127 10
49996031 113
49996144 3
49996147 1
49996031 136
49996167 1
49993727 2560
49996287 260
49996547 1
49996287 384
49996671 48
49996719 3
49993727 3072
49996799 160
49996959 29
49996799 449
49997248 24
49997272 2
49996799 640
49997439 80
49997519 1
49973247 24576
49997823 129
49997823 192
49998015 6
49997823 384
49998207 17
49997823 576
49998399 48
49998447 3
49998450 1
49997823 1536
49999359 192
49999551 48
49999599 8
49997823 2560
50000383 160
50000543 6
50000549 1
49997823 3072
50000895 544
50001439 18
49973247 28673
50001920 640
50002560 113
50002673 10
50001920 1280
50003200 48
50003248 10
50003200 80
50003280 9
50001920 2033
50003953 9
50001920 2560
50004480 72
49973247 31745
50004992 3
49973247 33280
50006527 288
50006815 18
50006527 320
50006847 48
50006895 12
49973247 36864
50010111 1793
50011904 80
50011984 5
50010111 2560
50012671 288
50012959 24
50012983 3
50012986 1
49973247 40960
50014207 1152
50015359 96
50015455 12
50015467 2
50014207 2304
50016511 96
50016607 11
50014207 3072
50017279 768
50018047 34
50014207 4352
50018559 160
50018719 24
50018743 3
50018746 1
50014207 5120
50019327 384
50019711 48
50019759 12
50019771 3
50014207 7169
50021376 516
50021892 2
50014207 8129
50022336 11
49973247 49152
50022399 2304
50024703 24
50024727 3
50022399 6144
50028543 640
50029183 96
50029279 2
50022399 8704
50031103 288
50031391 24
50031415 1
50022399 9216
50031615 768
50032383 136
50032519 3
50022399 10240
50032639 320
50032959 24
50032983 3
50032986 1
49973247 65559
50038806 1
49973247 73728
50046975 1793
50048768 80
50048848 10
50046975 5120
50052095 640
50052735 80
50052815 5
50046975 7169
50054144 192
50054336 47
49973247 81920
50055167 288
50055167 1536
50056703 3
50055167 8704
50063871 449
50064320 29
50055167 9216
50064383 68
50064451 2
50055167 12288
50067455 1536
50068991 192
50069183 5
49973247 98304
50071551 4608
50076159 449
50076608 40
50076648 5
50071551 8704
50080255 384
50080639 48
50080687 12
50080699 3
50080702 1
49973247 114689
50087936 9216
50097152 768
50097920 113
50098033 6
50098039 1
50087936 10240
50098176 1280
50099456 12
50099468 3
50099471 1
49973247 126977
50100224 68
49973247 131076
50104323 2560
50106883 288
50107171 24
50107195 2
50104323 5120
50109443 768
50110211 192
50110403 40
50110443 2
49973247 147456
50120703 12288
50132991 2304
50135295 144
50135439 6
49973247 163840
50137087 9216
50146303 768
50147071 72
50137087 12288
50149375 2304
50151679 192
50151871 17
50137087 24576
50161663 2304
50163967 80
50164047 5
50137087 28673
50165760 509
50166269 1
50137087 31745
50168832 640
50169472 80
49973247 196608
50169855 3072
50172927 384
50173311 40
50173351 2
50169855 6144
50175999 192
50176191 35
50169855 12288
50182143 3072
50185215 768
50169855 16896
50186751 192
50186943 48
50186991 1
49973247 294912
50268159 20480
50288639 3072
50291711 320
50292031 11
50268159 24576
50292735 2304
50295039 192
50295231 6
49973247 327680
50300927 24576
50325503 1280
50326783 40
50326823 1
50300927 49152
50350079 3072
50353151 2
49973247 393216
50366463 28673
50395136 1536
50396672 72
50396744 6
50395136 2304
50397440 192
50397632 40
50397672 3
50397675 1
49973247 458753
50432000 5120
50437120 384
50437504 36
50437540 1
50432000 17408
50449408 576
50449984 29
49973247 507905
50481152 4224
50485376 113
50485489 10
49973247 524289
50497536 2560
50500096 72
50500168 6
49973247 589824
50563071 18432
50581503 160
50581663 12
50581675 1
50563071 49152
50612223 8320
50620543 79
50612223 9216
50621439 576
50622015 33
49973247 655360
50628607 28673
50657280 48
50657328 10
50628607 73728
50702335 7169
50709504 544
50710048 2
49973247 786434
50759681 8704
50768385 6
50768391 1
24986632 25827300
50813932 36864
50850796 320
50851116 3
50850796 2560
50853356 80
50853436 8
50813932 131076
50945008 12288
50957296 3072
50960368 768
50961136 48
50961184 5
50813932 163840
50977772 17408
50995180 192
50995372 24
50813932 294912
51108844 5120
51113964 384
50813932 393216
51207148 4224
51211372 20
51211392 1
51207148 49152
51256300 7169
51263469 640
51264109 96
51264205 8
50813932 524289
51338221 34816
51373037 1536
51374573 96
51374669 12
51374681 2
50813932 655360
51469292 49152
51518444 12288
51530732 3072
51533804 24
51533828 3
51533831 1
51469292 81920
51551212 576
51551788 40
51551828 2
50813932 786434
51600366 20480
51620846 3072
51623918 768
51624686 192
51624878 12
51624890 2
25827300 25958376
51785676 24576
51810252 1536
51811788 160
51811948 20
51811968 1
51785676 114689
51900365 7169
51907534 449
51907983 29
51908012 2
25964264 25964284
51928548 131076
52059624 497
52060121 11
26151682 25964284
52115966 131076
52247042 10240
52257282 2033
52259315 3
52259318 1
52115966 163840
52279806 2560
52282366 144
52282510 11
26200132 26271073
52471205 40960
52512165 4224
52516389 12
52516401 3
26326847 26326848
52653695 49152
52702847 8704
52711551 160
52711711 6
52711717 1
52702847 12288
52715135 3072
52718207 497
52718704 10
26636158 26326848
52963006 81920
53044926 10240
53055166 1280
53056446 68
52963006 163840
53126846 20480
53147326 2176
53149502 33
52963006 196608
53159614 36864
53196478 1152
53197630 12
53197642 3
53197645 1
26660932 26660926
53321858 1280
53323138 192
53323330 2
53321858 327680
53649538 36864
53686402 160
53686562 12
53686574 3
27198652 27324991
54523643 20480
54544123 48
54544171 6
54523643 49152
54572795 96
54572891 11
27325340 27447479
54772819 40960
54813779 5120
54818899 576
54819475 48
54819523 3
54819526 1
27529051 27529016
55058067 98304
55156371 3072
55159443 384
55159827 48
55159875 12
55159887 2
28261778 28261772
56523550 49152
56572702 7169
56579871 320
56580191 48
56580239 6
56580245 1
28548898 28261778
56810676 196608
57007284 18432
57025716 1152
57026868 72
57026940 1
28562062 28562063
57124125 24576
57148701 768
57149469 24
57149493 3
57124125 270336
57394461 8
28562063 29060510
57622573 147456
57770029 5120
57775149 768
57775917 160
57622573 327680
57950253 49152
57999405 12288
58011693 1152
58012845 48
29429828 29429826
58859654 34816
58894470 1280
58895750 144
58895894 9
29668940 29429828
59098768 294912
59393680 28673
59422353 1536
59423889 96
59423985 10
29848610 29848609
59697219 1441791
61139010 36864
61175874 3
61175877 1
31474567 29848610
61323177 655360
61978537 81920
62060457 9216
62069673 320
62069993 24
62070017 3
31685434 31685416
63370850 24576
63395426 2560
63397986 384
63398370 3
63398373 1
31685434 31906787
63592221 393216
63985437 49152
64034589 3072
64037661 160
64037821 3
64037824 1
32562147 32676836
65238983 69632
65308615 3072
65311687 576
65312263 8
32683932 32683935
65367867 114689
65482556 7169
65489725 384
65490109 48
65490157 12
65490169 3
32984282 32984279
65968561 66559
66035120 384
66035504 1
65968561 196608
66165169 20480
66185649 3072
66188721 272
66188993 12
33493840 33493839
66987679 786434
67774113 294912
68069025 24576
68093601 96
68093697 1
66987679 2012735
69000414 10240
69010654 640
69011294 23
33493840 35656340
69150180 655360
69805540 40960
69846500 1793
69848293 20
69150180 1267275
70417455 5120
70422575 640
70423215 48
70423263 6
70423269 1
69150180 1790161
70940341 16512
70956853 34
35737256 35737237
71474493 2078738
73553231 458753
74011984 10240
74022224 1088
74023312 5
71474493 2758942
74233435 12288
74245723 3072
74248795 768
74249563 192
74249755 48
71474493 6498312
77972805 6144
77978949 768
77979717 144
77979861 6
77979867 1
71474493 9025344
80499837 294912
80794749 2304
80797053 113
80797166 6
80797172 1
71474493 9549814
81024307 393216
81417523 49152
81466675 9216
81475891 768
81476659 160
81476819 12
81476831 1
