5609
1 1
2 1
3 2
5 1
3 5
8 1
8 2
5 6
11 1
8 9
17 1
10 9
19 1
12 11
23 1
12 17
29 3
32 1
29 5
18 17
35 1
20 19
39 1
24 23
47 1
32 33
65 1
34 33
67 1
36 35
71 1
40 39
79 1
48 47
95 1
48 65
113 12
125 3
128 1
113 17
65 66
131 1
67 68
135 1
71 72
143 1
79 80
159 1
95 96
191 1
130 129
259 1
132 131
263 1
136 135
271 1
144 143
287 1
160 159
319 1
192 191
383 1
260 259
519 1
264 263
527 1
272 271
543 1
288 287
575 1
320 319
639 1
384 383
767 1
520 519
1039 1
528 527
1055 1
544 543
1087 1
576 575
1151 1
640 639
1279 1
768 767
1535 1
768 1039
1807 192
1999 65
1039 1040
2079 1
1055 1056
2111 1
1087 1088
2175 1
1151 1152
2303 1
1279 1280
2559 1
1535 1536
3071 1
2064 1999
4063 65
2080 2079
4159 1
2112 2111
4223 1
2176 2175
4351 1
2304 2303
4607 1
2560 2559
5119 1
3072 3071
6143 1
4128 4063
8191 33
8191 65
4159 4160
8319 1
4223 4224
8447 1
4351 4352
8703 1
4607 4608
9215 1
5119 5120
10239 1
6143 6144
12287 1
8256 8224
16480 32
8320 8319
16639 1
8448 8447
16895 1
8704 8703
17407 1
9216 9215
18431 1
10240 10239
20479 1
12288 12287
24575 1
12288 16480
28768 3072
31840 768
32608 160
32768 3
32771 1
16896 16895
33791 1
17408 17407
34815 1
18432 18431
36863 1
20480 20479
40959 1
24576 24575
49151 1
32768 32608
65376 160
65536 1
65536 2
32772 32771
65543 192
65735 48
65783 9
65543 384
65927 113
66040 8
65543 768
66311 192
66503 48
66551 9
33791 33792
67583 1
34815 34816
69631 1
36863 36864
73727 1
40959 40960
81919 1
49151 49152
98303 2
98303 3
98303 384
98687 129
98303 768
99071 192
99263 65
98303 1999
100302 48
100350 2
98303 4063
102366 34
98303 8191
106494 2
49152 65376
114528 384
114912 32
114528 640
115168 32
114528 1152
115680 32
114528 2176
116704 32
114528 4224
118752 32
114528 8320
122848 33
114528 8704
123232 160
114528 9216
123744 160
114528 10240
124768 160
114528 12288
126816 384
127200 96
127296 9
127296 10
127296 11
127296 12
127308 1
127200 113
126816 520
127336 1
126816 1280
128096 192
128288 40
128328 1
126816 2304
129120 192
129312 40
129352 1
65735 65543
131278 113
131391 10
67584 67583
135167 320
135487 10
73727 69632
143359 320
143679 10
73728 81919
155647 4352
159999 72
160071 2
81920 98303
180223 12288
192511 320
192831 10
114528 106496
221024 4352
225376 192
225568 40
225608 1
122848 118784
241632 320
241952 40
241992 1
124768 124928
249696 384
250080 96
250176 9
127306 127305
254611 1
127306 127307
254613 1
127308 127309
254617 1
127313 127309
254622 3
254625 1
128096 127337
255433 192
255625 9
128329 128328
256657 1
129353 129352
258705 1
131391 131401
262792 10
135497 135487
270984 10
143679 143689
287368 10
160071 160073
320144 2
180223 160073
340296 12288
352584 320
352904 10
340296 28768
369064 192
369256 40
369296 2
180223 192511
372734 4608
377342 144
377486 3
377489 1
372734 8704
381438 384
381822 80
381902 12
381914 1
250185 254611
504796 4352
509148 72
509220 1
509220 2
254611 254612
509223 1
254613 254614
509227 1
256657 256658
513315 1
258705 258706
517411 1
262792 262802
525594 10
270984 270994
541978 10
287368 287378
574746 10
320144 287378
607522 2
607522 12288
619810 4063
623873 35
607522 28768
636290 192
636482 40
636522 3
381915 381914
763829 1
509221 509220
1018441 1
509221 509222
1018443 1
509227 509228
1018455 1
1018455 1999
1020454 34
513315 513316
1026631 1
517411 517412
1034823 1
525594 525604
1051198 10
541978 541988
1083966 10
574746 541988
1116734 10
1116734 12288
1129022 4063
1133085 40
1133125 3
1116734 28768
1145502 192
1145694 48
1145742 3
636525 636522
1273047 3
1273050 1
1273047 5
1273047 6
1273053 1
1273047 8191
1281238 3
1281241 1
1273047 12288
1285335 4063
1289398 36
1273047 32771
1273047 65538
1338585 1
763829 636525
1400354 5
1400354 28768
1429122 1151
1429122 1152
1430274 1
1430274 3
1430274 6
1430280 1
1430274 12
1430286 3
1400354 40960
1441314 5120
1446434 192
1446626 29
1446655 2
1400354 49152
1449506 12288
1461794 1152
1462946 95
1400354 81920
1482274 12288
1494562 1152
1495714 95
763829 763830
1527659 768
1528427 144
1528571 6
1527659 28768
1556427 1151
1527659 155647
1683306 1536
1684842 40
1684882 1
1018441 763830
1782271 155647
1937918 1536
1939454 39
1145742 1145745
2291487 49152
2340639 9216
2349855 768
2350623 113
2350736 5
2350736 6
2291487 81920
2373407 9216
2382623 768
2383391 113
2383504 5
1273047 1145745
2418792 32771
2418792 73728
2492520 4608
2497128 1
2492520 5120
2497640 192
2497832 48
2497880 6
2418792 123392
2542184 192
2542376 24
2542400 3
2542403 1
2542376 29
2542405 2
1305818 1338585
2644403 24576
2668979 640
2669619 80
2669699 9
1429122 1430273
2859395 1088
2860483 48
2860531 12
2860543 2
1494562 1482274
2976836 10240
2987076 768
2987844 5
1684883 1782271
3467154 18432
3485586 1536
3487122 80
3487202 3
3487205 1
1937918 1782271
3720189 49152
3769341 6144
3775485 36
3775521 2
3720189 81920
3802109 2304
3804413 24
3804437 3
3804440 1
1939493 1939454
3878947 40960
3919907 5120
3925027 768
3925795 160
3925955 11
1939493 2291487
4230980 270994
4501974 12288
4514262 3072
4517334 528
4517862 1
2451563 2492520
4944083 36864
4980947 2560
4983507 320
4983827 20
3467154 2987849
6455003 381915
6836918 28768
6865686 2176
6867862 48
6867910 3
6867913 1
4501974 4230980
8732954 49152
8782106 8448
8790554 192
8790746 17
4517862 4517863
9035725 221024
9256749 1536
9258285 128
9035725 270994
9306719 12288
9319007 1280
9320287 29
9320316 1
4517863 4944083
9461946 287378
9749324 28768
9778092 2560
9780652 272
9780924 11
4983827 4983847
9967674 126816
10094490 40
10094530 5
6455003 4983847
11438850 636525
12075375 99328
12174703 640
12175343 96
12175439 12
12175451 3
12175454 1
11438850 763830
12202680 67584
12270264 1280
12271544 160
12271704 24
6836918 6455003
13291921 49152
13341073 6144
13347217 768
13347985 144
13348129 5
6867913 6867914
13735827 160073
13895900 10240
13906140 1088
13907228 29
13907257 2
13735827 763830
14499657 192841
14692498 12288
14704786 1088
14705874 3
6867914 8732954
15600868 24576
15625444 3072
15628516 768
15629284 144
15629428 1
15600868 1557578
17158446 106496
17264942 5120
17270062 288
17270350 12
17270362 3
9320317 9461946
18782263 129353
18911616 24
18911640 1
9780935 9967674
19748609 4608
19753217 288
19753505 19
19748609 192841
19941450 17408
19958858 384
19959242 96
19959338 12
19959350 3
10094535 10094530
20189065 607524
20796589 4352
20800941 8
20189065 763830
20952895 160073
21112968 18432
21131400 1536
21132936 132
21133068 2
20189065 1305818
21494883 28768
21523651 1536
21525187 2
12075375 11438850
23514225 636525
24150750 81920
24232670 8448
24241118 125
24241243 1
12271704 12271728
24543432 504796
25048228 3072
25051300 768
25052068 48
25052116 11
13291921 12271728
25563649 517412
26081061 6144
26087205 768
26087973 48
26088021 12
13348129 13348134
26696263 192841
26889104 8704
26897808 48
26897856 12
26696263 340296
27036559 10240
27046799 384
27047183 3
27047186 1
13735827 13348134
27083961 320146
27404107 10240
27414347 1152
27415499 23
13895900 13735827
27631727 49152
27680879 12288
27693167 384
27693551 23
14705877 15600868
30306745 81920
30388665 12288
30400953 544
30401497 29
30401526 1
30306745 160073
30466818 1152
30467970 95
30306745 636525
30943270 102400
31045670 1999
31047669 9
15629428 15629429
31258857 270994
31529851 8704
31538555 136
31538691 2
31258857 381915
31640772 3072
31643844 576
31644420 34
15629429 17158446
32787875 381915
33169790 34816
33204606 1807
33206413 48
33206461 2
17270365 17270362
34540727 106496
34647223 5120
34652343 640
34652983 12
34652995 2
34540727 180223
34720950 1807
34722757 17
34722757 72
34722829 1
34540727 192841
34733568 5120
34738688 768
34739456 96
34739552 12
34739564 3
34540727 270994
34811721 5120
34816841 576
34817417 10
18782263 17270365
36052628 763830
36816458 49152
36865610 1999
36867609 8
36052628 1026632
37079260 5120
37084380 113
37084493 9
19753524 19941450
39694974 192841
39887815 6144
39893959 1152
39895111 72
20189065 19959353
40148418 8704
40157122 35
40148418 180223
40328641 160
40328801 10
20189065 20796589
40985654 541988
41527642 12288
41539930 1280
41541210 192
41541402 48
41541450 5
21525189 21525187
43050376 525604
43575980 10240
43586220 1807
43588027 48
43588075 1
43050376 1083976
44134352 10240
44144592 768
44145360 132
43050376 1145745
44196121 116736
44312857 320
44313177 8
21525189 23514225
45039414 369298
45408712 2304
45411016 9
45039414 381915
45421329 69632
45490961 2176
45493137 48
45493185 8
45039414 763830
45803244 160073
45963317 12288
45975605 1807
45977412 160
45039414 1145745
46185159 49152
46234311 12288
46246599 113
46246712 2
45039414 1305818
46345232 24576
46369808 2304
46372112 192
46372304 48
46372352 8
45039414 1338586
46378000 12288
46390288 2080
46392368 12
46392380 3
46392383 1
23514225 24150750
47664975 12288
47677263 4063
47681326 48
47681374 12
47681386 1
24241243 24241244
48482487 160073
48642560 3072
48645632 768
48646400 48
48482487 262802
48745289 2560
48747849 288
48748137 17
48482487 270994
48753481 12288
48765769 3072
48768841 768
48769609 136
48769745 1
24241244 24543432
48784676 160073
48944749 8704
48953453 320
48953773 48
48953821 6
26088033 26088021
52176054 180223
52356277 2304
52358581 40
52358621 3
52358624 1
52176054 381915
52557969 73728
52631697 2304
52634001 1
26088033 26696263
52784296 636525
53420821 73728
53494549 2560
53497109 384
53497493 40
53497533 2
26696263 26889104
53585367 32772
53618139 768
53618907 80
53618987 6
53618993 1
27083961 27047187
54131148 287378
54418526 2560
54421086 320
54421406 11
27693574 27693551
55387125 381915
55769040 36864
55805904 2560
55808464 320
55808784 48
55808832 6
55808838 1
55387125 636525
56023650 67584
56091234 288
56091522 20
56091542 1
55387125 1034824
56421949 12288
56434237 3072
56437309 768
56438077 136
55387125 1557578
56944703 40960
56985663 768
56986431 192
56986623 24
55387125 1939493
57326618 9216
57335834 160
57335994 17
30306745 27693574
58000319 381915
58382234 49152
58431386 3072
58434458 384
58434842 80
58434922 5
58000319 1684883
59685202 49152
59734354 6144
59740498 768
59741266 95
58000319 1939493
59939812 160073
60099885 12288
60112173 2560
60114733 384
60115117 48
60115165 6
60115171 1
59939812 320146
60259958 18432
60278390 272
60278662 12
60278674 1
58000319 2383391
60383710 12
60383722 3
60383725 1
30467970 30468065
60936035 372734
61308769 4160
61312929 11
30943270 30468065
61411335 28768
61440103 2560
61442663 384
61443047 40
61443087 5
31047669 31047678
62095347 34816
62130163 768
62130931 40
62130971 5
31047678 31258857
62306535 81920
62388455 10240
62398695 1807
62400502 160
62400662 12
62306535 160073
62466608 12288
62478896 2560
62481456 320
62481776 23
31538693 31538691
63077384 36864
63114248 2304
63116552 36
31644454 31644420
63288874 381915
63670789 73728
63744517 384
63744901 80
63744981 3
63744984 1
63288874 636525
63925399 28768
63954167 768
63954935 259
32787875 31644454
64432329 287378
64719707 1040
64720747 2
64432329 763830
65196159 225609
65421768 8704
65430472 12
64432329 1051208
65483537 8256
65491793 48
65491841 8
32787875 33169790
65957665 99328
66056993 125
33206463 33206461
66412924 636525
67049449 36864
67086313 3072
67089385 192
67089577 10
66412924 763830
67176754 131401
67308155 1088
67309243 12
67309255 2
66412924 1305818
67718742 20480
67739222 3072
67742294 576
67742870 12
33206463 34540727
67747190 381915
68129105 16896
68146001 384
68146385 79
68129105 40960
68170065 3072
68173137 288
68173425 12
68173437 3
68173440 1
34652995 34652997
69305992 49152
69355144 9216
69364360 320
69364680 39
34733568 34722830
69456398 12288
69468686 192
69468878 12
34817417 34817427
69634844 352914
69987758 12288
70000046 768
70000814 160
70000974 9
36052628 34817427
70870055 340296
71210351 5120
71215471 272
71215743 11
70870055 377490
71247545 2560
71250105 384
71250489 48
71250537 2
70870055 1528577
72398632 1536
72400168 160
72400328 6
36867617 36867609
73735226 2560
73737786 12
73737798 3
37084502 37084493
74168995 24576
74193571 1999
74195570 3
74195573 1
74168995 262802
74431797 2080
74433877 23
74168995 1684883
75853878 34816
75888694 1807
75890501 10
74168995 1939493
76108488 160073
76268561 3072
76271633 192
76271825 34
39694974 37084502
76779476 1145745
77925221 36864
77962085 1056
77963141 23
76779476 1782271
78561747 66560
78628307 768
78629075 10
78561747 143689
78705436 6144
78711580 1807
78713387 68
78713455 1
76779476 2542407
79321883 49152
79371035 2560
79373595 96
79373691 3
79373694 1
79321883 81920
79403803 4608
79408411 125
79408536 2
76779476 2669708
79449184 73728
79522912 113
79523025 6
79523031 1
40148418 39895183
80043601 33792
80077393 640
80078033 113
80078146 9
40328811 40985654
81314465 381915
81696380 73728
81770108 384
81770492 72
81770564 3
81314465 541988
81856453 20480
81876933 3072
81880005 768
81880773 48
81880821 3
41527642 40985654
82513296 241993
82755289 3072
82758361 640
82759001 96
82759097 11
43050376 41541455
84591831 192841
84784672 6144
84790816 320
84791136 24
84791160 3
84591831 513316
85105147 96
85105243 12
84591831 1939493
86531324 81920
86613244 6144
86619388 125
86619513 1
44196121 44312857
88508978 81920
88590898 4608
88595506 96
88595602 1
44313185 44313177
88626362 377490
89003852 3072
89006924 640
89007564 72
89007636 5
88626362 636525
89262887 49152
89312039 10240
89322279 1536
89323815 192
89324007 48
89324055 12
89324067 3
44313185 45039414
89352599 381915
89734514 40960
89775474 1152
89776626 47
45963317 45803244
91766561 81920
91848481 6144
91854625 1280
91855905 192
91856097 20
91856117 1
45977572 46185159
92162731 34816
92197547 1152
92198699 20
92198719 2
46246714 46345232
92591946 40960
92632906 3072
92635978 272
92636250 6
92636256 1
46392384 46392383
92784767 763830
93548597 143689
93692286 1536
93693822 48
93693870 12
93693882 3
93693885 1
46392384 47664975
94057359 40960
94098319 6144
94104463 1152
94105615 72
94105687 1
94057359 381915
94439274 28768
94468042 640
94468682 10
48953821 48953827
97907648 541988
98449636 20480
98470116 2560
98472676 192
98472868 6
97907648 1051208
98958856 9216
98968072 544
98968616 12
98968628 1
97907648 1684883
99592531 40960
99633491 3072
99636563 640
99637203 29
99637232 1
97907648 1939493
99847141 81920
99929061 10240
99939301 768
99940069 40
99940109 2
99847141 100352
99947493 384
99947877 72
99947949 1
97907648 2451563
100359211 20480
100379691 1152
100380843 2
97907648 2542407
100450055 24576
100474631 320
100474951 9
48953827 52176054
101129881 135497
101265378 2304
101267682 68
101267750 2
101129881 1285335
102415216 2112
102417328 12
101129881 1782271
102912152 106496
103018648 5120
103023768 640
103024408 40
103024448 6
102912152 123904
103036056 544
103036600 24
103036624 3
103036627 1
101129881 1939493
103069374 49152
103118526 12288
103130814 1807
103132621 96
103132717 12
103132729 3
103132732 1
52784296 52634002
105418298 49152
105467450 8704
105476154 384
105476538 68
105476606 2
53497535 53497533
106995068 40960
107036028 5120
107041148 640
107041788 48
107041836 10
54421406 54421417
108842823 40960
108883783 5120
108888903 384
108889287 12
108889299 3
108842823 160073
109002896 1999
109004895 48
54421417 55387125
109808542 49152
109857694 10240
109867934 1056
109868990 20
109869010 1
109808542 623908
110432450 2560
110435010 192
110435202 12
109808542 636525
110445067 544
110445611 24
110445635 3
110445638 1
109808542 763830
110572372 122881
110695253 288
110695541 6
109808542 1273054
111081596 3072
111084668 132
111084800 1
55387125 55769040
111156165 81920
111238085 12288
111250373 2080
111252453 10
111156165 116736
111272901 68
56438213 56438077
112876290 340296
113216586 10240
113226826 1088
113227914 5
112876290 381915
113258205 106496
113364701 6144
113370845 768
113371613 96
113371709 11
56944703 56438213
113382916 20480
113403396 768
113404164 192
113404356 12
113382916 381915
113764831 115712
113880543 640
113881183 72
113881255 5
56986647 56986623
113973270 81920
114055190 12288
114067478 768
114068246 192
114068438 5
113973270 270994
114244264 12288
114256552 384
114256936 48
114256984 12
114256996 2
56986647 57326618
114313265 340296
114653561 6144
114659705 1807
114661512 35
58000319 57336011
115336330 73728
115410058 4608
115414666 113
115414779 2
58434922 58434927
116869849 1083976
117953825 10240
117964065 144
117964209 10
58434927 59685202
118120129 381915
118502044 98816
118600860 96
118600956 12
118600968 3
118600971 1
118120129 1145745
119265874 81920
119347794 12288
119360082 3072
119363154 768
119363922 40
119363962 1
60278675 60278674
120557349 99328
120656677 768
120657445 160
120657605 12
120657617 1
60383726 60936035
121319761 636525
121956286 73728
122030014 4608
122034622 192
122034814 40
122034854 2
121319761 763830
122083591 102400
122185991 1280
122187271 48
122187319 8
61443092 62095347
123538439 192841
123731280 1280
123732560 192
123732752 48
123538439 320146
123858585 6144
123864729 640
123865369 40
62481776 62481799
124963575 69632
125033207 1088
125034295 39
124963575 541988
125505563 31840
125537403 384
125537787 80
125537867 12
62481799 63077384
125559183 155647
125714830 1536
125716366 96
125716462 10
125559183 340296
125899479 4608
125904087 113
125904200 9
63288874 63116588
126405462 192841
126598303 1280
126599583 96
126599679 12
126599691 2
63744985 63744984
127489969 160073
127650042 3072
127653114 768
127653882 160
127654042 18
63955194 64432329
128387523 381915
128769438 73728
128843166 5120
128848286 160
128848446 12
128387523 513316
128900839 384
128901223 48
64432329 64719707
129152036 81920
129233956 2560
129236516 288
129236804 24
129236828 3
129236831 1
64720749 64720747
129441496 320146
129761642 6144
129767786 12
129767798 3
129767801 1
64720749 65196159
129916908 381915
130298823 69632
130368455 1088
130369543 18
65196159 65421768
130617927 221024
130838951 3
130838954 1
65491841 65491849
130983690 124768
131108458 96
65491849 65957665
131449514 135497
131585011 5120
131590131 528
131590659 3
131590662 1
66412924 66057118
132470042 636525
133106567 81920
133188487 12288
133200775 2176
67049449 67086313
134135762 32772
134168534 640
134169174 80
134169254 6
134169260 1
67089587 67089577
134179164 28768
134207932 2304
134210236 72
134210308 2
67309257 67309255
134618512 143689
134762201 2304
134764505 125
134764630 1
68173440 68173441
136346881 340296
136687177 6144
136693321 192
136693513 48
136693561 2
69305992 68173441
137479433 1034824
138514257 2304
138516561 160
138516721 24
138516745 1
69305992 69355144
138661136 31840
138692976 544
138693520 12
138693532 3
69634844 69468890
139103734 270994
139374728 12288
139387016 1280
139388296 144
139388440 6
69634844 69987758
139622602 160073
139782675 8320
139790995 48
139791043 2
69987758 70000046
139987804 10240
139998044 288
139998332 12
139998344 2
70000974 70000983
140001957 135497
140137454 6144
140143598 1536
140145134 48
140145182 12
140145194 3
140145197 1
70870055 70000983
140871038 287378
141158416 4352
141162768 160
141162928 5
140871038 352914
141223952 6144
141230096 320
141230416 48
141230464 12
141230476 2
140871038 636525
141507563 81920
141589483 3072
141592555 192
141592747 6
140871038 763830
141634868 36864
141671732 3072
141674804 383
141634868 124768
141759636 113
140871038 1051208
141922246 3072
141925318 576
141925894 10
70870055 71210351
142080406 192841
142273247 768
142274015 160
142274175 29
71250539 72398632
143649171 116736
143765907 1807
143767714 48
143767762 11
143649171 270994
143920165 9216
143929381 640
143930021 48
143930069 11
72400334 73735226
146135560 287378
146422938 24576
146447514 768
146448282 192
146448474 48
146448522 3
74433877 74433900
148867777 1051208
149918985 28768
149947753 1280
149949033 72
149949105 6
148867777 1305818
150173595 20480
150194075 3072
150197147 384
150197531 68
76271825 76271859
152543684 143689
152687373 320
152687693 29
152687722 2
76271859 76779476
153051335 320146
153371481 18432
153389913 768
153390681 68
153390749 2
153051335 381915
153433250 32772
153466022 384
153466406 47
153051335 1083976
154135311 9216
154144527 768
154145295 48
154145343 12
154145355 3
153051335 1463041
154514376 12288
154526664 3072
154529736 320
154530056 17
76779476 77925221
154704697 192841
154897538 12288
154909826 3072
154912898 768
154913666 160
154913826 20
154913846 1
77963164 77963141
155926305 160073
156086378 17408
156103786 320
156104106 3
155926305 256658
156182963 576
156183539 20
155926305 287378
156213683 5120
156218803 72
156218875 3
156218878 1
78561747 77963164
156524911 320146
156845057 4160
156849217 9
78713456 78713455
157426911 381915
157808826 69632
157878458 2304
157880762 192
157880954 23
78713456 79321883
158035339 340296
158375635 6144
158381779 1088
158382867 9
80077393 80043601
160120994 10240
160131234 384
160131618 35
80078146 80078155
160156301 192841
160349142 12288
160361430 3072
160364502 768
160365270 96
160365366 1
160156301 1026632
161182933 6144
161189077 1807
161190884 144
161191028 9
81314465 80078155
161392620 1528577
162921197 2560
162923757 24
162923781 2
82755289 82513296
165268585 124928
165393513 1536
165395049 144
165395193 3
165395196 1
82759108 84591831
167350939 513316
167864255 3072
167867327 768
167868095 65
167350939 1939493
169290432 28768
169319200 2176
169321376 12
169321388 1
86619514 86619513
173239027 192841
173431868 1056
173432924 19
173239027 1026632
174265659 1536
174267195 192
174267387 12
174267399 1
88508978 86619514
175128492 381915
175510407 81920
175592327 6144
175598471 1152
175599623 96
175599719 2
175128492 1684883
176813375 34816
176848191 1536
176849727 192
176849919 5
175128492 1939493
177067985 24576
177092561 2560
177095121 320
177095441 24
88626362 88595603
177221965 123392
177345357 192
177345549 48
177345597 12
89007641 89262887
178270528 124928
178395456 192
178395648 10
89776626 89776673
179553299 369298
179922597 640
179923237 17
91766561 91848481
183615042 36864
183651906 3072
183654978 272
91856118 92162731
184018849 270994
184289843 10240
184300083 1999
184302082 32
93548597 92784767
186333364 49152
186382516 3072
186385588 96
186385684 12
186333364 69632
186402996 544
186403540 19
186333364 607524
186940888 384
186941272 9
94105687 94105688
188211375 192841
188404216 20480
188424696 2560
188427256 192
188427448 47
94468682 94468692
188937374 1449506
190386880 1536
190388416 192
190388608 3
188937374 2860545
191797919 18432
191816351 1280
191817631 160
191817791 20
191817811 2
94468692 97907648
192376340 3804441
196180781 24576
196205357 3072
196208429 576
196209005 48
196209053 2
97907648 98449636
196357284 320146
196677430 640
196678070 29
196678099 1
98472874 98472868
196945742 377490
197323232 3072
197326304 768
197327072 48
197327120 5
98472874 98958856
197431730 192841
197624571 12288
197636859 2176
197639035 125
197431730 352914
197784644 9216
197793860 96
197793956 3
98968629 98968628
197937257 49152
197986409 9216
197995625 160
197995785 12
99637232 99637233
199274465 49152
199323617 12288
199335905 2560
199338465 320
199338785 48
199338833 12
99947950 100359211
200307161 377490
200684651 2304
200686955 18
100474960 101129881
201604841 160073
201764914 10240
201775154 384
201775538 80
201775618 10
201604841 636525
202241366 81920
202323286 6144
202329430 1807
202331237 48
101267752 102415216
203682968 381915
204064883 102400
204167283 2112
204169395 20
204169415 1
203682968 1083976
204766944 28768
204795712 2560
204798272 384
204798656 18
103132732 103132733
206265465 763830
207029295 241993
207271288 4063
207275351 6
103132733 105418298
208551031 287378
208838409 12288
208850697 2176
208852873 6
105476606 105476608
210953214 574756
211527970 5120
211533090 320
211533410 20
211533430 2
210953214 636525
211589739 40960
211630699 4160
211634859 40
211634899 3
211634902 1
106995068 105476608
212471676 541988
213013664 2304
213015968 96
213016064 9
107041846 107041836
214083682 192841
214276523 3072
214279595 576
214280171 48
214280219 12
107041846 108842823
215884669 381915
216266584 102400
216368984 1536
216370520 48
215884669 541988
216426657 24576
216451233 3072
216454305 768
216455073 96
216455169 12
216455181 3
216455184 1
109004943 109004895
218009838 763830
218773668 32608
218806276 113
218806389 3
218806392 1
110572372 110445639
221018011 67584
221085595 320
221085915 34
110695541 110695547
221391088 221024
221612112 1807
221613919 113
221614032 9
111084801 111156165
222240966 106496
222347462 5120
222352582 384
222352966 12
222352978 3
222352981 1
111272969 111272901
222545870 160073
222705943 4224
222710167 48
222710215 3
112876290 113216586
226092876 12288
226105164 2560
226107724 264
113364701 113258205
226622906 49152
226672058 6144
226678202 1536
226679738 129
113404368 113764831
227169199 381915
227551114 81920
227633034 3072
227636106 640
227636746 24
227636770 1
114661512 114661547
229323059 352914
229675973 2304
229678277 48
229678325 12
229678337 2
115336330 114661547
229997877 20480
230018357 1088
230019445 10
115414781 115414779
230829560 541988
231371548 20480
231392028 3072
231395100 320
231395420 48
231395468 12
230829560 763830
231593390 241993
231835383 4063
231839446 24
231839470 3
231839473 1
230829560 1338586
232168146 576
232168722 9
115414781 116869849
232284630 160073
232444703 2560
232447263 384
232447647 12
232447659 2
232284630 1305818
233590448 12288
233602736 3072
233605808 384
233606192 68
233606260 2
232284630 1782271
234066901 106496
234173397 6144
234179541 768
234180309 192
234180501 48
234180549 6
118600971 118600972
237201943 262802
237464745 6144
237470889 48
237470937 6
119363962 119363963
238727925 20480
238748405 1807
238750212 160
238750372 18
238727925 1051208
239779133 3072
239782205 768
239782973 136
239783109 2
120557349 119363963
239921312 1133128
241054440 4352
241058792 3
121319761 120657618
241977379 574756
242552135 12288
242564423 384
242564807 72
242564879 3
121319761 121956286
243276047 636525
243912572 67584
243980156 1280
243981436 68
243981504 2
122187319 122187327
244374646 1083976
245458622 24576
245483198 1088
245484286 40
245484326 5
123538439 122187327
245725766 636525
246362291 106496
246468787 1807
246470594 160
246470754 20
245725766 763830
246489596 192841
246682437 20480
246702917 3072
246705989 384
246706373 8
123538439 123731280
247269719 18432
247288151 144
247288295 12
247288307 1
123858585 123732800
247591385 129353
247720738 640
247721378 29
247721407 1
123865409 124963575
248828984 3072
248832056 384
248832440 34
248828984 40960
248869944 5120
248875064 384
248875448 29
248828984 225609
249054593 8448
249063041 192
249063233 11
125904209 126405462
252309671 287378
252597049 17408
252614457 384
252614841 96
128387523 127654060
256041583 12288
256053871 1536
256055407 160
256055567 12
256055579 3
128387523 128769438
257156961 73728
257230689 3072
257233761 384
257234145 72
257234217 2
257156961 180223
257337184 6144
257343328 1280
257344608 160
257344768 1
257156961 287378
257444339 16896
257461235 320
257461555 48
257461603 12
257461615 2
129236832 129236831
258473663 49152
258522815 12288
258535103 3072
258538175 320
258538495 48
258538543 3
129441496 129236832
258678328 135497
258813825 6144
258819969 768
258820737 160
258820897 2
129767801 129767802
259535603 118784
259654387 3072
259657459 768
259658227 192
259658419 24
259658443 3
259658446 1
129916908 129767802
259684710 36864
259721574 3072
259724646 768
259725414 80
259725494 1
130369561 130617927
260987488 287378
261274866 24576
261299442 384
261299826 8
131108554 131108458
262217012 160073
262377085 5120
262382205 768
262382973 136
262383109 6
131590663 131590662
263181325 763830
263945155 24576
263969731 768
263970499 113
263970612 6
263970618 1
132470042 131590663
264060705 1083976
265144681 8320
265153001 113
265153114 3
265153117 1
132470042 133106567
265576609 287378
265863987 12288
265876275 768
265877043 132
265877175 2
265576609 381915
265958524 34816
265993340 1536
265994876 96
265994972 12
133200775 133202951
266403726 352914
266756640 3072
266759712 384
266760096 72
266760168 5
266403726 541988
266945714 18432
266964146 1807
266965953 132
134135762 133202951
267338713 574756
267913469 12288
267925757 2560
267928317 320
267928637 1
267338713 763830
268102543 143689
268246232 5120
268251352 576
268251928 12
268251940 3
268251943 1
134618512 134210310
268828822 287378
269116200 18432
269134632 1280
269135912 48
269135960 6
134764631 136346881
271111512 1034824
272146336 1536
272147872 191
136693563 137479433
274172996 763830
274936826 36864
274973690 1280
274974970 24
274974994 3
274172996 1026632
275199628 6144
275205772 1536
275207308 68
141230478 141230476
282460954 270994
282731948 2560
282734508 320
282734828 48
282734876 3
141759636 141675187
283434823 49152
283483975 12288
283496263 3072
283499335 192
283499527 6
283499533 1
142273247 142080406
284353653 49152
284402805 9216
284412021 640
284412661 80
284412741 2
284353653 102400
284456053 3072
284459125 768
284459893 132
142274175 142274204
284548379 763830
285312209 192841
285505050 17408
285522458 384
285522842 113
285522955 3
285522958 1
284548379 1145745
285694124 81920
285776044 5120
285781164 384
285781548 10
142274204 143649171
285923375 1051208
286974583 16896
286991479 160
286991639 24
286991663 3
285923375 1083976
287007351 8704
287016055 72
287016127 1
285923375 1463041
287386416 2176
287388592 20
287388612 2
143765907 143649171
287415078 73728
287488806 2560
287491366 11
143930080 146135560
290065640 1305818
291371458 10240
291381698 1536
291383234 48
291383282 1
290065640 1557578
291623218 81920
291705138 1536
291706674 192
291706866 39
146135560 146422938
292558498 24576
292583074 4063
292587137 24
292587161 2
146448522 146448525
292897047 636525
293533572 2304
293535876 71
293533572 81920
293615492 192
293615684 29
146448525 148867777
295316302 525604
295841906 10240
295852146 1536
295853682 48
295853730 12
295316302 763830
296080132 160073
296240205 16896
296257101 40
296257141 6
295316302 1557578
296873880 40960
296914840 6144
296920984 768
296921752 144
296921896 1
295316302 1939493
297255795 262802
297518597 768
297519365 264
297519629 6
295316302 2542407
297858709 36864
297895573 3072
297898645 192
297898837 48
297898885 8
149918985 148867777
298786762 352914
299139676 5120
299144796 384
299145180 48
299145228 12
299145240 2
150197599 150197531
300395130 763830
301158960 9216
301168176 288
301168464 24
301168488 2
300395130 1939493
302334623 180223
302514846 9216
302524062 272
302524334 5
152543684 150197599
302741283 340296
303081579 8704
303090283 384
303090667 113
302741283 525604
303266887 10240
303277127 1152
303278279 35
302741283 1557578
304298861 69632
304368493 2560
304371053 384
304371437 113
152687724 153051335
305739059 381915
306120974 49152
306170126 2176
306172302 71
305739059 623908
306362967 10240
306373207 1536
306374743 136
306374879 2
153390751 153433250
306824001 36864
306860865 384
306861249 17
153466453 153466406
306932859 270994
307203853 12288
307216141 2064
307218205 3
306932859 607524
307540383 4128
307544511 12
307544523 1
154897538 154704697
309602235 12288
309614523 2560
309617083 320
309617403 3
309617406 1
154913847 155926305
310840152 369298
311209450 1280
311210730 136
311210866 6
156218879 156524911
312743790 40960
312784750 2304
312787054 24
156845057 156524911
313369968 192841
313562809 20480
313583289 1536
313584825 160
313584985 6
313584991 1
156849217 156849226
313698443 73728
313772171 1807
313773978 125
158035339 157880977
315916316 118784
316035100 1536
316036636 192
316036828 39
160120994 158382876
318503870 129353
318633223 768
318633991 192
318634183 48
318634231 12
318634243 2
318503870 225609
318729479 1536
318731015 113
160156301 160131653
320287954 20480
320308434 576
320309010 33
160365367 160365366
320730733 636525
321367258 49152
321416410 12288
321428698 1536
321430234 160
321430394 9
161182933 160365367
321548300 636525
322184825 106496
322291321 1536
322292857 192
322293049 40
322293089 2
161392620 161191037
322583657 116736
322700393 1536
322701929 40
322701969 2
322583657 1684883
324268540 2304
324270844 144
324270988 1
162923781 162923783
325847564 1145745
326993309 100352
327093661 1280
327094941 160
325847564 1281242
327128806 1807
327130613 80
327130693 5
162923783 165268585
328192368 1034824
329227192 12288
329239480 1152
329240632 80
329240712 6
329240718 1
328192368 1116744
329309112 1088
329310200 11
328192368 1782271
329974639 115200
330089839 136
330089975 1
328192368 1939493
330131861 192841
330324702 9216
330333918 639
165395197 167350939
332746136 12288
332758424 1999
332760423 3
332746136 636525
333382661 73728
333456389 2560
333458949 72
333459021 1
332746136 763830
333509966 40960
333550926 6144
333557070 1807
333558877 72
333558949 6
333509966 192841
333702807 20480
333723287 129
332746136 1449506
334195642 6144
334201786 1807
334203593 96
334203689 9
332746136 1557578
334303714 3072
334306786 768
334307554 160
334307714 24
334307738 3
167868160 169290432
337158592 381915
337540507 34816
337575323 1088
337576411 40
337158592 763830
337922422 106496
338028918 2560
338031478 192
338031670 66
337158592 1145745
338304337 73728
338378065 4352
338382417 160
338382577 9
169321389 169321388
338642777 1463041
340105818 2560
340108378 288
340108666 19
338642777 3878947
342521724 32772
342554496 640
342555136 47
173239027 169321389
342560416 49152
342609568 3072
342612640 192
342612832 40
342612872 3
342560416 1684883
344245299 81920
344327219 12288
344339507 640
344340147 80
344340227 8
342560416 2987849
345548265 381915
345930180 49152
345979332 48
345979380 12
345979392 1
173432924 173432943
346865867 763830
347629697 9216
347638913 320
347639233 20
347639253 1
174267400 174267399
348534799 258706
348793505 2176
348795681 113
348795794 3
348795797 1
174267400 175128492
349395892 607524
350003416 10240
350013656 1280
350014936 48
350014984 6
349395892 763830
350159722 221024
350380746 264
175599721 175599719
351199440 192841
351392281 20480
351412761 1536
351414297 96
351414393 12
351414405 3
351414408 1
351199440 270994
351470434 1280
351471714 160
351471874 23
351199440 763830
351963270 129353
352092623 768
352093391 96
352093487 12
352093499 1
176849919 176849924
353699843 49152
353748995 12288
353761283 1536
353762819 125
353762944 1
177067985 176849924
353917909 106496
354024405 2304
354026709 80
354026789 11
178395658 179553299
357948957 1430289
359379246 10240
359389486 576
359390062 12
359390074 1
179923254 179923237
359846491 1495809
361342300 9216
361351516 320
361351836 35
359846491 1939493
361785984 287378
362073362 10240
362083602 1056
362084658 1
359846491 2669708
362516199 20480
362536679 3072
362539751 320
362540071 48
362540119 12
362540131 2
183615042 179923254
363538296 2383509
365921805 20480
365942285 640
365942925 6
365942931 1
184302114 184302082
368604196 40960
368645156 3072
368648228 576
368648804 48
368648852 12
368648864 1
368604196 180223
368784419 8704
368793123 125
368604196 1495809
370100005 20480
370120485 3072
370123557 768
370124325 192
370124517 6
368604196 1939493
370543689 5120
370548809 520
370549329 2
184302114 186333364
370635478 1684883
372320361 6144
372326505 272
372326777 8
186941281 186941272
373882553 763830
374646383 155647
374802030 3072
374805102 160
374805262 3
186941281 188211375
375152656 1026632
376179288 640
376179928 113
376180041 9
375152656 1145745
376298401 81920
376380321 768
376381089 159
188211375 188404216
376615591 192841
376808432 3072
376811504 48
376811552 12
376811564 1
188937374 188427495
377364869 65376
377430245 48
377430293 6
377430299 1
377364869 100352
377465221 1280
377466501 192
377466693 47
377364869 1684883
379049752 73728
379123480 640
379124120 80
379124200 2
188937374 190386880
379324254 541988
379866242 28768
379895010 768
379895778 144
379895922 8
379324254 763830
380088084 8224
380096308 24
380096332 1
380088084 180223
380268307 10240
380278547 768
380279315 160
380279475 29
379324254 1034824
380359078 576
380359654 5
190388611 190388608
380777219 258706
381035925 1280
381037205 159
380777219 352914
381130133 6144
381136277 80
381136357 6
381136363 1
380777219 1051208
381828427 24576
381853003 1280
381854283 9
191797919 190388611
382186530 34816
382221346 320
382221666 48
382221714 12
382186530 636525
382823055 18432
382841487 288
382841775 11
191817813 191817811
383635624 381915
384017539 118784
384136323 2304
384138627 40
384138667 6
191817813 192376340
384194153 2860545
387054698 34816
387089514 1280
387090794 18
384194153 3925966
388120119 115712
388235831 640
388236471 71
192376340 196180781
388557121 381915
388939036 5120
388944156 160
388944316 18
388557121 763830
389320951 49152
389370103 8448
389378551 192
389378743 12
389378755 3
388557121 1782271
390339392 24576
390363968 144
390364112 1
388557121 2291487
390848608 10240
390858848 1536
390860384 113
196678100 196945742
393623842 340296
393964138 9216
393973354 384
393973738 39
199274465 197995797
397270262 1026632
398296894 5120
398302014 320
398302334 2
199338833 199338845
398677678 381915
399059593 40960
399100553 5120
399105673 384
399106057 40
399106097 6
199338845 200307161
399646006 1020488
400666494 4608
400671102 192
400671294 24
400671318 3
200686973 200686955
401373928 763830
402137758 49152
402186910 1536
402188446 192
402188638 48
402188686 3
201604841 200686973
402291814 607524
402899338 5120
402904458 640
402905098 80
402905178 3
402905181 1
201775628 201775618
403551246 160073
403711319 5120
403716439 768
403717207 18
202331285 202331237
404662522 636525
405299047 17408
405316455 96
405316551 8
203682968 202331285
406014253 381915
406396168 34816
406430984 1536
406432520 160
406432680 10
406014253 636525
406650778 24576
406675354 768
406676122 96
406676218 5
406014253 1684883
407699136 1536
407700672 68
407700740 1
204064883 203682968
407747851 143689
407891540 2304
407893844 67
204169416 204169415
408338831 180223
408519054 6144
408525198 1536
408526734 160
408526894 9
204798656 204798674
409597330 763830
410361160 250185
410611345 2560
410613905 113
410614018 2
206265465 204798674
411064139 1557578
412621717 36864
412658581 80
412658661 3
207029295 206265465
413294760 270994
413565754 12288
413578042 1088
413579130 5
207275357 207275351
414550708 381915
414932623 49152
414981775 12288
414994063 2176
414996239 113
414996352 5
414550708 541988
415092696 4224
415096920 10
207275357 208551031
415826388 1305818
417132206 5120
417137326 768
417138094 144
417138238 12
417138250 2
415826388 1338586
417164974 12288
417177262 576
417177838 48
417177886 1
208852873 208852879
417705752 1495809
419201561 28768
419230329 2064
419232393 3
419232396 1
417705752 1782271
419488023 49152
419537175 3072
419540247 768
419541015 1
417705752 1939493
419645245 49152
419694397 8704
419703101 96
419703197 12
419703209 2
208852879 210953214
419806093 192841
419998934 10240
420009174 640
420009814 5
210953214 211527970
422481184 541988
423023172 5120
423028292 768
423029060 80
423029140 12
423029152 1
211634903 211634902
423269805 192841
423462646 24576
423487222 3072
423490294 384
423490678 12
423490690 2
212471676 211634903
424106579 763830
424870409 28768
424899177 2560
424901737 264
424902001 2
424106579 1338586
425445165 1536
425446701 130
213013664 212471676
425485340 81920
425567260 6144
425573404 1056
425574460 18
213016073 214083682
427099755 381915
427481670 49152
427530822 3072
427533894 320
427534214 20
427099755 1020488
428120243 576
428120819 48
428120867 6
428120873 1
214280219 214280231
428560450 69632
428630082 272
428630354 12
428630366 2
428560450 763830
429324280 12288
429336568 136
429336704 6
428560450 1145745
429706195 4160
429710355 40
429710395 6
429706195 66560
429772755 2
428560450 1338586
429899036 28768
429927804 1807
429929611 125
429929736 1
215884669 216266584
432151253 258706
432409959 2176
432412135 48
432412183 3
216455184 216455185
432910369 270994
433181363 10240
433191603 768
433192371 80
433192451 12
433192463 2
432910369 381915
433292284 49152
433341436 6144
433347580 288
433347868 6
433347874 1
432910369 763830
433674199 221024
433895223 2560
433897783 384
433898167 96
433898263 5
432910369 1495809
434406178 2560
434408738 384
434409122 12
216455185 218009838
434465023 73728
434538751 6144
434544895 1536
434546431 192
434546623 9
434465023 381915
434846938 81920
434928858 12288
434941146 2560
434943706 96
434943802 10
218773668 218009838
436783506 636525
437420031 24576
437444607 2560
437447167 384
437447551 23
218806393 218806392
437612785 287378
437900163 28768
437928931 1056
437929987 20
437930007 1
437612785 1782271
439395056 40960
439436016 6144
439442160 1807
439443967 113
439444080 6
218806393 221018011
439824404 636525
440460929 81920
440542849 5120
440547969 768
440548737 29
439824404 1145745
440970149 81920
441052069 12288
441064357 3072
441067429 640
441068069 40
441068109 6
439824404 1557578
441381982 20480
441402462 768
441403230 12
441403242 3
441403245 1
221614041 221614032
443228073 192841
443420914 24576
443445490 2560
443448050 320
443448370 8
221614041 222240966
443855007 49152
443904159 384
443904543 113
443904656 3
443904659 1
443855007 525604
444380611 10240
444390851 1536
444392387 8
222545870 222705943
445251813 49152
445300965 4063
445305028 12
445305040 3
445305043 1
222710218 222710215
445420433 160073
445580506 1152
445581658 96
445581754 9
445420433 2542407
447962840 49152
448011992 10240
448022232 1807
448024039 144
448024183 12
448024195 2
445420433 2987849
448408282 49152
448457434 3072
448460506 160
448460666 24
448460690 3
448460693 1
226092876 222710218
448803094 636525
449439619 33792
449473411 113
449473524 1
448803094 1034824
449837918 12288
449850206 2112
449852318 48
449852366 5
448803094 1939493
450742587 287378
451029965 20480
451050445 768
451051213 96
451051309 5
448803094 2860545
451663639 49152
451712791 3072
451715863 768
451716631 160
451716791 3
451716794 1
226107988 226107724
452215712 377490
452593202 2304
452595506 68
452595574 2
452215712 381915
452597627 106496
452704123 2560
452706683 96
452706779 10
226107988 226622906
452730894 287378
453018272 20480
453038752 1280
453040032 192
453040224 48
453040272 2
226679867 227169199
453849066 381915
454230981 81920
454312901 2560
454315461 144
454315605 9
229323059 227636771
456959830 381915
457341745 49152
457390897 288
457391185 24
456959830 1782271
458742101 36864
458778965 1536
458780501 36
458742101 116736
458858837 1280
458860117 20
458860137 1
456959830 1939493
458899323 49152
458948475 10240
458958715 1999
458960714 40
458960754 6
230019455 230019445
460038900 768
460039668 192
460039860 36
460039896 2
460038900 225609
460264509 6144
460270653 1280
460271933 192
460272125 48
460272173 9
230829560 230019455
460849015 381915
461230930 49152
461280082 320
460849015 763830
461612845 192841
461805686 1536
461807222 191
230829560 231371548
462201108 131401
462332509 192
462332701 12
462332713 3
462332716 1
462201108 369298
462570406 2176
462572582 79
231395468 231395480
462790948 40960
462831908 384
462832292 96
462832388 10
231839474 232168146
464007620 73728
464081348 3072
464084420 160
464084580 20
464084600 2
232284630 232168731
464453361 40960
464494321 160
464494481 19
233606260 233606262
467212522 340296
467552818 3072
467555890 768
467556658 48
467556706 12
467556718 3
233606262 234066901
467673163 192841
467866004 17408
467883412 640
467884052 80
467884132 3
467884135 1
234180555 234180549
468361104 381915
468743019 81920
468824939 8704
468833643 192
468833835 47
468361104 1145745
469506849 32608
469539457 136
469539593 3
468361104 1305818
469666922 3072
469669994 288
469670282 20
234180555 237201943
471382498 541988
471924486 28768
471953254 2304
471955558 3
471382498 763830
472146328 49152
472195480 3072
472198552 288
472198840 29
237464745 237201943
474666688 81920
474748608 10240
474758848 1152
474760000 113
474760113 3
474760116 1
474666688 225609
474892297 6144
474898441 1056
474899497 20
237470943 237470937
474941880 1145745
476087625 81920
476169545 6144
476175689 640
476176329 113
476176442 8
238750390 238750372
477500762 40960
477541722 3072
477544794 113
477544907 9
239779133 238750390
478529523 352914
478882437 12288
478894725 3072
478897797 288
478898085 10
239783111 239921312
479704423 381915
480086338 106496
480192834 6144
480198978 768
480199746 160
480199906 20
480199926 2
241058795 241977379
483036174 225609
483261783 1536
483263319 192
483263511 36
483263547 1
242552135 241977379
484529514 381915
484911429 81920
484993349 6144
484999493 10
243276047 242564882
485840929 636525
486477454 12288
486489742 1536
486491278 144
486491422 12
243276047 243912572
487188619 541988
487730607 5120
487735727 160
487735887 20
487735907 2
243981504 243981506
487963010 69632
488032642 2560
488035202 288
488035490 10
243981506 244374646
488356152 763830
489119982 192841
489312823 18432
489331255 1280
489332535 192
489332727 12
489332739 1
245458622 244374646
489833268 763830
490597098 192841
490789939 10240
490800179 384
490800563 40
490800603 3
245725766 246362291
492088057 607524
492695581 6144
492701725 768
492702493 96
492702589 6
492702595 1
247591385 247288308
494879693 287378
495167071 24576
495191647 768
495192415 160
495192575 10
247721408 247721407
495442815 143689
495586504 6144
495592648 1807
495594455 33
495442815 574756
496017571 20480
496038051 576
496038627 29
248875448 248875477
497750925 10240
497761165 1536
497762701 29
497762730 1
249063244 249063233
498126477 1939493
500065970 320146
500386116 10240
500396356 640
500396996 113
249063244 252309671
501372915 102400
501475315 1152
501476467 67
501372915 1782271
503155186 20480
503175666 320
503175986 48
503176034 3
503176037 1
501372915 2669708
504042623 73728
504116351 5120
504121471 640
504122111 48
504122159 3
504122162 1
252309671 252597049
504906720 241993
505148713 5120
505153833 160
505153993 29
252614841 252614937
505229778 541988
505771766 8448
505780214 144
505780358 1
252614937 256041583
508656520 287378
508943898 1280
508945178 12
508945190 1
260987488 259725495
520712983 9216
520722199 192
520722391 29
520722420 2
520712983 381915
521094898 115712
521210610 640
521211250 48
521211298 6
521211304 1
520712983 1034824
521747807 3072
521750879 576
521751455 6
521751461 1
520712983 1116744
521829727 6144
521835871 640
521836511 96
521836607 6
521836613 1
261299834 261299826
522599660 180223
522779883 5120
522785003 544
522785547 20
522599660 192841
522792501 20480
522812981 2304
522815285 40
522815325 5
261299834 262217012
523516846 763830
524280676 40960
524321636 4160
524325796 10
263181325 262383115
525564440 1020488
526584928 2112
526587040 40
525564440 1338586
526903026 20480
526923506 2560
526926066 384
526926450 96
526926546 12
526926558 2
263945155 263181325
527126480 381915
527508395 12288
527520683 3072
527523755 576
527524331 40
527524371 3
527524374 1
264060705 263970619
528031324 49152
528080476 2304
528082780 80
528082860 12
528082872 1
264060705 265144681
529205386 49152
529254538 6144
529260682 1088
529261770 47
265993340 265958524
531951864 28768
531980632 1807
531982439 24
531982463 3
265994984 266403726
532398710 69632
532468342 1088
532469430 11
532398710 73728
532472438 6144
532478582 384
532478966 131
266756640 266403726
533160366 160073
533320439 5120
533325559 576
533326135 48
533326183 1
266760173 266760168
533520341 81920
533602261 1088
533603349 48
533603397 12
533603409 1
266966085 266965953
533932038 160073
534092111 4224
534096335 96
534096431 12
534096443 2
266966085 267338713
534304798 381915
534686713 32772
534719485 48
534719533 12
534719545 3
267928638 267928637
535857275 12288
535869563 2304
535871867 68
535871935 1
268251944 268251943
536503887 381915
536885802 49152
536934954 9216
536944170 768
536944938 144
536945082 12
536945094 1
268251944 268828822
537080766 381915
537462681 24576
537487257 2304
537489561 144
537489705 5
269135966 269135960
538271926 143689
538415615 4160
538419775 20
538419795 1
538271926 1145745
539417671 12288
539429959 288
539430247 19
539417671 98306
539515977 136
539516113 5
269135966 271111512
540247478 160073
540407551 4063
540411614 3
540247478 1145745
541393223 69632
541462855 3072
541465927 384
541466311 113
541466424 10
540247478 1289434
541536912 6144
541543056 1040
540247478 1684883
541932361 12288
541944649 544
541945193 9
540247478 1782271
542029749 17408
542047157 20
542047177 2
542029749 124928
542154677 1536
542156213 24
540247478 2669708
542917186 100352
543017538 1536
543019074 160
543019234 24
543019258 1
272146336 271111512
543257848 381915
543639763 67584
543707347 1807
543709154 160
543639763 106496
543746259 3072
543749331 544
543749875 3
543749878 1
272148063 272147872
544295935 270994
544566929 6144
544573073 640
544573713 2
544295935 763830
545059765 106496
545166261 4608
545170869 320
545171189 40
545171229 6
544295935 1034824
545330759 12288
545343047 3072
545346119 80
545346199 8
544295935 1145745
545441680 102400
545544080 3072
545547152 544
544295935 1782271
546078206 69632
546147838 1152
546148990 48
546149038 12
546078206 129353
546207559 1152
546208711 20
546208731 2
274172996 272148063
546321059 623908
546944967 3072
546948039 768
546948807 192
546948999 3
546949002 1
546321059 636525
546957584 4352
546961936 192
546962128 6
546962134 1
546321059 1495809
547816868 2304
547819172 132
547819304 1
546321059 1782271
548103330 123392
548226722 66
546321059 2542407
548863466 69632
548933098 3072
548936170 640
548936810 1
274974994 274974997
549949991 81920
550031911 9216
550041127 544
550041671 6
275207376 275207308
550414684 6867914
557282598 221024
557503622 384
557504006 80
557504086 5
275207376 282460954
557668330 763830
558432160 241993
558674153 4608
558678761 288
558679049 12
557668330 3720189
561388519 6144
561394663 384
561395047 72
557668330 4230980
561899310 118784
562018094 3072
562021166 768
562021934 192
562022126 9
557668330 6867914
564536244 135497
564671741 2112
564673853 12
564673865 3
564673868 1
282734879 282734876
565469755 16640
565486395 72
565486467 1
565469755 381915
565851670 106496
565958166 2304
565960470 20
282734879 283434823
566169702 118784
566288486 3072
566291558 68
566291626 2
566169702 381915
566551617 16896
566568513 144
566568657 2
283499534 284353653
567853187 574756
568427943 113
568428056 10
285312209 284548379
569860588 636525
570497113 69632
570566745 384
570567129 48
570567177 9
285781548 285781558
571563106 40960
571604066 6144
571610210 1999
571612209 34
287388614 287415078
574803692 98687
574902379 36
574902415 1
287491377 287491366
574982743 270994
575253737 4063
575257800 48
575257848 12
575257860 1
574982743 763830
575746573 73728
575820301 6144
575826445 144
575826589 12
575826601 2
287491377 290065640
577557017 1557578
579114595 49152
579163747 12288
579176035 2560
579178595 288
579178883 24
579178907 3
577557017 2860545
580417562 6144
580423706 384
580424090 3
580424093 1
577557017 2987849
580544866 160073
580704939 9216
580714155 576
580714731 48
580714779 12
580714791 2
291383283 291383282
582766565 49152
582815717 8256
582823973 12
582823985 3
291706905 291706866
583413771 381915
583795686 36864
583832550 1280
583833830 136
583413771 636525
584050296 106496
584156792 3072
584159864 768
584160632 192
584160824 3
584160827 1
291706905 292558498
584265403 504796
584770199 3072
584773271 640
584773911 1
584265403 763830
585029233 32772
585062005 384
585062389 113
585062502 8
292587161 292587163
585174324 135497
585309821 2560
585312381 384
585312765 2
293533572 292897047
586430619 40960
586471579 6144
586477723 136
586430619 541988
586972607 28768
587001375 1536
587002911 96
587003007 12
587003019 3
293615684 293615713
587231397 636525
587867922 118784
587986706 3072
587989778 768
587990546 8
295316302 293615713
588932015 192841
589124856 6144
589131000 384
589131384 12
589131396 3
588932015 525604
589457619 9216
589466835 768
589467603 95
588932015 1338586
590270601 40960
590311561 4608
590316169 160
590316329 5
296257141 296257147
592514288 381915
592896203 81920
592978123 12288
592990411 1280
592991691 192
592991883 39
298786762 297898893
596685655 131401
596817056 1536
596818592 160
596818752 18
596685655 340296
597025951 10240
597036191 528
597036719 3
596685655 381915
597067570 100352
597167922 383
596685655 1051208
597736863 20480
597757343 3072
597760415 768
597761183 96
597761279 12
597761291 1
299145240 299145242
598290482 381915
598672397 49152
598721549 8704
598730253 384
598730637 68
300395130 299145242
599540372 225609
599765981 3072
599769053 576
599769629 36
599769665 1
599540372 1338586
600878958 20480
600899438 2176
600901614 34
599540372 1782271
601322643 81920
601404563 10240
601414803 143
302334623 301168490
603503113 352914
603856027 12288
603868315 640
603868955 12
603868967 1
603503113 1051208
604554321 520
604554841 6
302524334 302524339
605048673 160073
605208746 4608
605213354 79
302741283 302524339
605265622 49152
605314774 6144
605320918 384
605321302 66
303081579 302741283
605822862 192841
606015703 12288
606027991 768
606028759 96
303278314 303278279
606556593 636525
607193118 10240
607203358 528
607203886 10
304298861 303278314
607577175 763830
608341005 49152
608390157 8448
608398605 96
608398701 12
608398713 1
304371437 304371550
608742987 192841
608935828 16896
608952724 384
608953108 96
608953204 2
608742987 1116744
609859731 8704
609868435 113
609868548 6
609868554 1
304371550 305739059
610110609 574756
610685365 2560
610687925 384
610688309 40
610688349 3
610110609 1145745
611256354 40960
610110609 1482274
611592883 6144
611599027 1280
611600307 96
611600403 3
306170126 306120974
612291100 6144
612297244 160
612297404 17
306172373 306172302
612344675 129120
612473795 160
612473955 12
612473967 3
306362967 306172373
612535340 106496
612641836 1280
612643116 192
612643308 3
306374879 306374881
612749760 381915
613131675 65735
613197410 12
306932859 306861266
613794125 160073
613954198 5120
613959318 640
613959958 34
307218205 307218208
614436413 40960
614477373 1280
614478653 144
614478797 11
307544524 309602235
617146759 763830
617910589 102400
618012989 3072
618016061 384
618016445 96
618016541 9
311210872 311210866
622421738 1463041
623884779 4608
623889387 18
311210872 312743790
623954662 102400
624057062 3072
624060134 384
624060518 65
623954662 287378
624242040 12288
624254328 2560
624256888 17
623954662 1338586
625293248 34816
625328064 131
313773978 313774103
627548081 287378
627835459 8256
627548081 541988
628090069 2176
628092245 113
628092358 6
313774103 315916316
629690419 287378
629977797 8224
629986021 6
629986027 1
629690419 1026632
630717051 1536
630718587 40
630717051 2176
630719227 24
630719251 2
629690419 1338586
631029005 24576
631053581 1152
631054733 80
631054813 6
316036828 316036867
632073695 1338586
633412281 12288
633424569 767
632073695 1684883
633758578 31840
633790418 48
633790466 1
318731015 318731128
637462143 636525
638098668 118784
638217452 1536
638218988 48
638219036 12
638219048 1
318731128 320287954
639019082 763830
639782912 49152
639832064 3072
639835136 113
639835249 5
639782912 73728
639856640 2560
639859200 384
639859584 66
639782912 160073
639942985 12288
639955273 1807
639957080 160
639957240 20
639957260 1
639019082 1289434
640308516 9216
640317732 576
640318308 36
639019082 1400359
640419441 12288
640431729 3072
640434801 260
320309043 320309010
640618053 40960
640659013 3072
640662085 288
640662373 12
640662385 1
320309043 320730733
641039776 381915
641421691 102400
641524091 1807
641525898 95
321416410 321367258
642783668 24576
642808244 3072
642811316 95
321430403 321548300
642978703 18432
642997135 768
642997903 192
642998095 8
642978703 221024
643199727 640
643200367 113
643200480 1
642978703 287378
643266081 6144
643272225 1999
643274224 2
321548300 322184825
643733125 381915
644115040 73728
644188768 6144
644194912 1536
644196448 96
644196544 12
644196556 1
644115040 106496
644221536 6144
644227680 1152
644228832 34
322701969 322701971
645403940 541988
645945928 6144
645952072 288
645952360 18
645403940 763830
646167770 192841
646360611 12288
646372899 3072
646375971 640
646376611 96
322701971 324268540
646970511 636525
647607036 20480
647627516 3072
647630588 640
647631228 125
647631353 1
324270988 324270989
648541977 763830
649305807 225609
649531416 12288
649543704 3072
649546776 272
649547048 5
324270989 325847564
650118553 1939493
652058046 160073
652218119 3072
652221191 528
652221719 12
652221731 2
650118553 2542407
652660960 81920
652742880 288
652743168 10
325847564 326993309
652840873 763830
653604703 143689
653748392 1807
653750199 3
653750202 1
327093661 326993309
654086970 49152
654136122 12288
654148410 576
654148986 40
654149026 5
329227192 328192368
657419560 381915
657801475 49152
657850627 6144
657856771 1536
657858307 113
657858420 10
329310200 329310211
658620411 381915
659002326 81920
659084246 6144
659090390 40
659090430 6
330333918 330334557
660668475 49152
660717627 9216
660726843 384
660727227 6
660668475 1782271
662450746 24576
662475322 320
662475642 40
662475682 6
662450746 36864
662487610 2560
662490170 125
660668475 1939493
662607968 49152
662657120 10240
662667360 1088
662668448 10
332746136 330334557
663080693 1939493
665020186 155647
665175833 768
665176601 264
332760426 332760423
665520849 81920
665602769 6144
665608913 1088
665610001 40
665610041 2
332760426 333382661
666143087 73728
666216815 5120
666221935 768
666222703 192
666222895 40
666222935 2
333723287 333723416
667446703 81920
667528623 8320
667536943 96
667537039 6
667537045 1
334307741 334307738
668615479 2669708
671285187 129312
671414499 11
334307741 337158592
671466333 2987849
674454182 81920
674536102 12288
674548390 2560
674550950 192
674551142 9
337576451 337576411
675152862 102400
675255262 320
675255582 48
675255630 10
338031736 338304337
676336073 340296
676676369 1807
676678176 160
676678336 24
340105818 338642777
678748595 106496
678855091 1807
678856898 160
678857058 3
678748595 541988
679290583 18432
679309015 1536
679310551 160
679310711 12
679310723 2
678748595 763830
679512425 160073
679672498 576
679673074 5
678748595 1020488
679769083 5120
679774203 384
679774587 113
679774700 6
679774706 1
340108685 340108666
680217351 1083976
681301327 8320
681309647 3
681309650 1
680217351 1133128
681350479 10240
681360719 1807
681362526 143
342521724 340108685
682630409 131401
682761810 384
682762194 72
682762266 3
682630409 340296
682970705 8448
682979153 48
682979201 10
682630409 1495809
684126218 12288
684138506 3072
684141578 519
682630409 2291487
684921896 12288
684934184 1280
684935464 48
684935512 3
342612872 342612875
685225747 352914
685578661 10240
685588901 192
685589093 12
685589105 3
685589108 1
685225747 763830
685989577 192841
686182418 12288
686194706 2560
686197266 80
686197346 12
344340235 345548265
689888500 574756
690463256 8448
690471704 136
690471840 3
689888500 763830
690652330 40960
690693290 6144
690699434 768
690700202 192
690700394 48
690700442 2
345979393 345979392
691958785 106496
692065281 5120
692070401 768
692071169 113
692071282 11
691958785 636525
692595310 49152
692644462 3072
692647534 768
692648302 65
346865867 345979393
692845260 143689
692988949 10240
692999189 640
692999829 113
692845260 1338586
694183846 16896
694200742 24
694200766 3
694200769 1
692845260 1449506
694294766 10240
694305006 320
694305326 24
694305350 2
347629697 346865867
694495564 381915
694877479 73728
694951207 6144
694957351 1280
694958631 159
347639254 347639253
695278507 262802
695541309 1152
695542461 80
695542541 11
348534799 347639254
696174053 320146
696494199 12288
696506487 2560
696509047 384
696509431 96
696509527 12
696509539 3
696174053 763830
696937883 40960
696978843 1088
696979931 48
696979979 10
696937883 225609
697163492 12288
697175780 1536
697177316 160
697177476 8
349395892 350003416
699399308 352914
699752222 10240
699762462 1280
699763742 160
351199440 350381010
701580450 192841
701773291 16640
701789931 129
351470434 351414409
702884843 24576
702909419 1536
702910955 67
353699843 352093500
705793343 763830
706557173 81920
706639093 10240
706649333 1280
706650613 12
705793343 1338586
707131929 28768
707160697 768
707161465 160
707161625 29
354026789 354026800
708053589 763830
708817419 192841
709010260 80
709010340 1
708053589 1116744
709170333 4224
709174557 12
709174569 2
708053589 1939493
709993082 258706
710251788 1152
710252940 12
708053589 3487206
711540795 160073
711700868 12288
711713156 3072
711716228 576
711716804 40
711716844 2
357948957 354026800
711975757 574756
712550513 31840
712582353 640
712582993 80
712583073 11
711975757 1782271
713758028 135497
713893525 1807
713895332 72
713895404 3
713895407 1
711975757 1939493
713915250 192841
714108091 12288
714120379 1088
714121467 12
714121479 1
711975757 2418792
714394549 24576
714419125 3072
714422197 144
714422341 8
711975757 2669708
714645465 73728
714719193 1536
714720729 192
714720921 19
711975757 3467154
715442911 9216
715452127 544
715452671 23
711975757 3487206
715462963 106496
715569459 576
715570035 40
715570075 3
711975757 3775523
715751280 20480
715771760 3072
715774832 96
715774928 8
711975757 3878947
715854704 34816
715889520 576
715890096 12
715890108 3
715890111 1
711975757 4230980
716206737 160073
716366810 9216
716376026 640
716376666 12
716376678 3
357948957 359379246
717328203 763830
718092033 34816
718126849 1152
718128001 113
718128114 2
717328203 1145745
718473948 106496
718580444 4608
718585052 144
718585196 10
361342300 359846491
721188791 340296
721529087 1536
721530623 264
721188791 352914
721541705 4352
721546057 160
721546217 1
721188791 763830
721952621 100352
722052973 1088
722054061 19
721188791 1034824
722223615 1807
722225422 80
722225502 8
361351836 361351871
722703707 381915
723085622 8448
723094070 40
723094110 1
361351871 361785984
723137855 607524
723745379 5120
723750499 640
723751139 40
723751179 6
723137855 636290
723774145 12
362084658 362084659
724169317 192841
724362158 12288
724374446 3072
724377518 384
724377902 113
724378015 5
724169317 369298
724538615 18
362540131 362540133
725080264 541988
725622252 3072
725625324 192
725625516 65
362540133 363538296
726078429 1939493
728017922 262802
728280724 2560
728283284 160
728283444 12
728283456 3
728283459 1
365921805 363538296
729460101 1145745
730605846 34816
730640662 768
730641430 160
730641590 9
729460101 1939493
731399594 123392
731522986 40
731399594 192841
731592435 9216
731601651 288
731601939 6
365942931 365942932
731885863 763830
732649693 66311
732716004 96
732716100 2
731885863 1083976
732969839 31840
733001679 192
733001871 40
733001911 6
731885863 2373407
734259270 6144
734265414 768
734266182 72
734266254 5
365942932 368604196
734547128 40960
734588088 6144
734594232 1280
734595512 144
734595656 2
734547128 607524
735154652 8448
735163100 48
735163148 12
735163160 2
370100005 368793248
738893253 20480
738913733 159
372320361 370635478
742955839 192841
743148680 18432
743167112 1536
743168648 132
743168780 1
742955839 1145745
744101584 69632
744171216 3072
744174288 768
744175056 48
744175104 12
744175116 2
372326785 372326777
744653562 81920
744735482 10240
744745722 1152
744746874 96
744653562 513316
745166878 1056
745167934 9
744653562 636525
745290087 28768
745318855 384
745319239 1
744653562 1289434
745942996 4224
745947220 9
373882553 372326785
746209338 66560
746275898 576
746276474 20
746276494 2
746209338 541988
746751326 24576
746775902 2304
373882553 374646383
748528936 763830
749292766 135497
749428263 5120
749433383 192
749433575 29
375152656 376179288
751331944 49152
751381096 384
751381480 96
751381576 6
751381582 1
376811565 376811564
753623129 287378
753910507 18432
753928939 1999
753930938 34
377364869 376811565
754176434 180223
754356657 2560
754359217 80
754359297 10
377466693 377466740
754933433 636525
755569958 69632
755639590 2304
755641894 160
755642054 12
755642066 2
379124200 379124202
758248402 160073
758408475 17408
758425883 272
758426155 5
380359659 380777219
761136878 67584
761204462 1056
761205518 20
761136878 574756
761711634 768
761712402 144
761712546 8
381035925 380777219
761813144 131401
761944545 2112
761946657 48
761946705 6
761944545 3072
761947617 384
761948001 96
761948097 1
381037205 381037364
762074569 49152
762123721 2560
762126281 384
762126665 80
762126745 12
381136364 381136363
762272727 381915
762654642 2303
381828427 381136364
762964791 81920
763046711 4352
763051063 113
763051176 3
382221714 382221726
764443440 517412
764960852 768
764961620 192
764961812 20
382221726 382823055
765044781 9216
765053997 768
765054765 160
765054925 3
765054928 1
382841786 383635624
766477410 525604
767003014 3072
767006086 768
767006854 160
767007014 11
766477410 763830
767241240 192841
767434081 3072
767437153 192
767437345 48
767437393 9
384138673 384194153
768332826 381915
768714741 36864
768751605 2560
768754165 131
768332826 1557578
769890404 40960
769931364 5120
769936484 768
769937252 113
769937365 5
768332826 1684883
770017709 40960
770058669 5120
770063789 12
768332826 1939493
770272319 40960
770313279 640
770313919 40
770313959 3
770272319 287378
770559697 8704
770568401 160
770568561 23
768332826 2669708
771002534 106496
771109030 6144
771115174 1536
771116710 136
384194153 387054698
771248851 1430289
772679140 8448
772687588 20
771248851 2669708
773918559 143689
774062248 2175
388120119 387090812
775210931 320146
775531077 6144
390339392 389378758
779718150 127200
779845350 80
779845430 12
390364112 390364113
780728225 381915
781110140 66560
781176700 264
781176964 3
781176967 1
390860384 390860497
781720881 636525
782357406 106496
782463902 4608
782468510 29
782468539 2
781720881 763830
782484711 49152
782533863 6144
782540007 768
782540775 48
782484711 106496
782591207 6144
782597351 1536
782598887 96
782598983 12
782598995 3
390860497 393623842
784484339 129353
784613692 96
784484339 1020488
785504827 544
785505371 10
784484339 1145745
785630084 2176
785632260 5
784484339 1557578
786041917 49152
786091069 12288
786103357 3072
786106429 320
786106749 2
393973777 393973738
787947515 73728
788021243 6144
788027387 576
788027963 47
787947515 287378
788234893 16896
788251789 192
788251981 47
787947515 2669708
790617223 73728
790690951 3072
790694023 160
790694183 23
787947515 2860545
790808060 49152
790857212 5120
790862332 640
790862972 11
790808060 81920
790889980 1152
790891132 29
790891161 2
397270262 393973777
791244039 1083976
792328015 17408
792345423 576
792345999 48
792346047 1
791244039 1281242
792525281 1807
792527088 136
792527224 3
792527227 1
791244039 2987849
794231888 155647
794387535 2176
794389711 11
398296894 397270262
795567156 155647
795722803 192
795722995 48
795723043 1
398302336 398302334
796604670 287378
796892048 16896
796908944 48
796908992 12
796909004 3
399646006 399106103
798752109 636525
799388634 16896
799405530 192
799405722 48
799405770 1
399646006 400666494
800312500 192841
800505341 17408
800522749 576
800523325 36
800312500 541988
800854488 10240
800864728 576
800865304 48
800865352 5
400671318 400671321
801342639 381915
801724554 40960
801765514 6144
801771658 9
801724554 81920
801806474 8224
801814698 3
801814701 1
400671321 401373928
802045249 67584
802112833 1536
802114369 192
802114561 12
402899338 402291814
805191152 287378
805478530 8704
805487234 288
805487522 24
805487546 1
402905181 402905182
805810363 192841
806003204 10240
806013444 768
806014212 160
806014372 12
806014384 3
402905182 403551246
806456428 381915
806838343 81920
806920263 12288
806932551 768
806933319 40
806933359 3
403717225 404662522
808379747 81920
808461667 12288
808473955 3072
808477027 768
808477795 160
808477955 6
808379747 381915
808761662 81920
808843582 3072
808846654 576
808847230 48
808847278 8
404662522 405299047
809961569 381915
810343484 49152
810392636 6144
810398780 1040
810399820 6
810399826 1
809961569 525604
810487173 5120
810492293 384
810492677 3
405316551 405316559
810633110 192841
810825951 20480
810846431 768
810847199 160
810847359 20
810847379 2
407699136 406676223
814375359 623908
814999267 8704
815007971 384
815008355 47
407893911 408338831
816232742 192841
816425583 12288
816437871 768
816438639 34
408338831 408519054
816857885 49152
816907037 3072
816910109 576
816910685 6
816910691 1
408526894 408526903
817053797 192841
817246638 16480
817263118 12
817263130 2
408526903 409597330
818124233 1018456
819142689 1807
819144496 48
819144544 6
818124233 1145745
819269978 81920
819351898 12288
819364186 768
819364954 160
819365114 8
411064139 410614020
821678159 763830
822441989 192841
822634830 9216
822644046 768
822644814 40
822644854 5
821678159 1145745
822823904 36864
822860768 2560
822863328 384
822863712 33
822823904 114528
822938432 20
822938452 2
412658661 412658664
825317325 320146
825637471 16512
825653983 1
413294760 412658664
825953424 623908
826577332 10240
826587572 576
826588148 40
413579130 413579135
827158265 541988
827700253 32608
827732861 48
827732909 8
413579135 414550708
828129843 381915
828511758 20480
828532238 3072
828535310 384
828535694 66
415096930 415096920
830193850 352914
830546764 6144
830552908 384
830553292 66
830193850 574756
830768606 24576
830793182 3072
830796254 768
830797022 72
830797094 2
415826388 415096930
830923318 636525
831559843 81920
831641763 6144
831647907 640
831648547 24
831648571 2
830923318 1528577
832451895 5120
832457015 192
832457207 29
832457236 2
415826388 417132206
832958594 574756
833533350 2176
833535526 66
832958594 763830
833722424 81920
833804344 8704
833813048 113
833813161 6
833813167 1
417177886 417177887
834355773 100352
834456125 1088
834457213 40
834457253 6
834355773 381915
834737688 40960
834778648 384
834779032 48
834779080 12
834779092 3
834779095 1
417705752 417177887
834883639 118784
835002423 48
835002471 6
834883639 352914
835236553 12288
835248841 2304
835251145 80
835251225 1
419201561 417705752
836907313 1145745
838053058 18432
838071490 1280
838072770 68
838072838 2
836907313 1305818
838213131 16896
838230027 144
838230171 9
836907313 1430289
838337602 5120
838342722 287
419703211 419806093
839509304 106496
839615800 2112
839617912 12
839617924 3
839617927 1
420009814 420009819
840019633 320146
840339779 8704
840348483 80
840348563 10
840019633 1273054
841292687 5120
841297807 640
841298447 29
840019633 1305818
841325451 28768
841354219 2560
841356779 48
841356827 1
422481184 423023172
845504356 525604
846029960 12288
846042248 160
846042408 9
423490692 424106579
847597271 17408
847614679 768
847615447 113
847615560 3
847597271 143689
847740960 3072
847744032 288
847744320 12
847744332 3
847744335 1
847597271 636525
848233796 24576
848258372 3072
848261444 544
848261988 24
848262012 2
847597271 763830
848361101 160073
848521174 3072
848524246 320
848524566 3
848524569 1
847597271 1145745
848743016 73728
848816744 1536
848818280 264
848818544 5
424902003 425445165
850347168 270994
850618162 10240
850628402 1999
850630401 24
850630425 2
425485340 425446831
850932171 6144
850938315 1280
850939595 80
850939675 11
425574460 425574478
851148938 763830
851912768 135497
852048265 4160
852052425 20
852052445 1
427099755 425574478
852674233 1557578
854231811 106496
854338307 2112
854340419 48
854340467 10
427099755 427481670
854581425 18432
854599857 1152
854601009 72
854601081 5
428560450 428120874
856681324 40960
856722284 1280
856723564 96
856723660 12
856723672 1
856681324 352914
857034238 6144
857040382 1536
857041918 160
857042078 3
428630366 428630368
857260734 381915
857642649 9216
857651865 384
857652249 12
857652261 3
429929737 429929736
859859473 1145745
861005218 116736
861121954 520
861122474 3
859859473 1782271
861641744 67584
861709328 768
861710096 48
861710144 12
861710156 2
861641744 106496
861748240 640
861748880 96
861748976 2
859859473 1939493
861798966 114528
861913494 288
861913782 5
432151253 429929737
862080990 763830
862844820 81920
862926740 12288
862939028 1536
862940564 96
862940660 12
862940672 3
433347874 433347875
866695749 270994
866966743 6144
866972887 640
866973527 48
866973575 6
866973581 1
433347875 433674199
867022074 180223
867202297 9216
867211513 520
867212033 2
434406178 433898268
868304446 2560
868307006 384
868307390 10
434943802 434943812
869887614 381915
870269529 69632
870339161 2304
870341465 96
870341561 9
869887614 763830
870651444 180223
870831667 6144
870837811 1536
870839347 136
870839483 3
870831667 8704
870840371 384
870840755 113
870840868 2
869887614 1495809
871383423 3072
871386495 320
871386815 24
871386839 2
869887614 1557578
871445192 36864
871482056 2560
871484616 160
871484776 12
436783506 434943812
871727318 763830
872491148 135497
872626645 384
872627029 80
872627109 12
871727318 1782271
873509589 135497
873645086 2560
873647646 320
873647966 24
873647990 3
436783506 437420031
874203537 320146
874523683 6144
874529827 768
874530595 96
874530691 12
874530703 3
437420031 437444607
874864638 192
874864830 20
437612785 437447574
875060359 99263
875159622 10
875060359 135497
875195856 6144
875202000 320
875202320 48
875202368 3
875202371 1
437900163 437612785
875512948 135497
875648445 5120
875653565 640
875654205 23
439395056 437930008
877325064 320146
877645210 5120
877650330 576
877650906 8
877325064 381915
877706979 49152
877756131 8704
877764835 260
877706979 81920
877788899 12288
877801187 2560
877803747 24
439444086 439824404
879268490 40960
879309450 5120
879314570 768
879315338 48
879315386 1
440548766 440970149
881518915 143689
881662604 5120
881667724 768
881668492 72
881668564 6
441403245 441403246
882806491 49152
882855643 2560
882858203 192
882858395 39
882806491 143359
882949850 192
882950042 6
882806491 504796
883311287 2560
883313847 130
882806491 763830
883570321 160073
883730394 10240
883740634 576
883741210 24
883741234 1
882806491 1557578
884364069 40960
884405029 6144
884411173 384
884411557 3
882806491 1684883
884491374 73728
884565102 6144
884571246 1280
884572526 68
884572594 1
443904659 443904660
887809319 225609
888034928 9216
888044144 768
888044912 24
888044936 1
887809319 262802
888072121 4128
888076249 3
444392395 444392387
888784782 574756
889359538 28768
889388306 768
889389074 10
445420433 445305044
890725477 225609
890951086 1536
890952622 113
890952735 2
445581754 445581763
891163517 1289434
892452951 12288
892465239 2560
892467799 192
892467991 17
891163517 1557578
892721095 49152
892770247 6144
892776391 260
447962840 445581763
893544603 131401
893676004 1536
893677540 192
893677732 40
893677772 2
893544603 1400359
894944962 5120
894950082 768
894950850 40
894950890 1
893544603 1782271
895326874 49152
895376026 4224
895380250 24
895380274 1
893544603 1939493
895484096 255634
895739730 384
895740114 33
893544603 2383509
895928112 576
895928688 12
895928700 3
895928703 1
448024195 448024197
896048392 250185
896298577 1280
896299857 72
896299929 3
896299932 1
448408282 448024197
896432479 6144
896438623 320
896438943 23
449439619 448803094
898242713 352914
898595627 12288
898607915 2304
898610219 192
898610411 48
898610459 6
449473525 449473524
898947049 250185
899197234 2304
899199538 34
449852366 449852371
899704737 320146
900024883 6144
900031027 384
900031411 72
900031483 2
899704737 636525
900341262 98816
900440078 192
900440270 24
900440294 3
900440297 1
451051309 451051314
902102623 143689
902246312 2304
902248616 48
902248664 3
452215712 452593202
904808914 10240
904819154 113
904819267 10
452730894 453018272
905749166 135497
905884663 5120
905889783 320
905890103 29
905890132 1
454230981 453849066
908080047 6144
908086191 768
908086959 48
908087007 9
908080047 381915
908461962 69632
908531594 2064
454315614 454315605
908631219 1051208
909682427 10240
909692667 320
909692987 3
456959830 454315614
911275444 81920
911357364 1536
911358900 132
911359032 1
457391185 457391209
914782394 574756
915357150 6144
915363294 1088
915364382 48
915364430 1
458742101 457391209
916133310 36864
916170174 3072
916173246 768
916174014 160
916174174 19
916133310 763830
916897140 20480
916917620 1280
916918900 136
916919036 3
916919039 1
458899323 458860138
917759461 49152
917808613 10240
917818853 1536
917820389 131
458960760 460038900
918999660 118784
919118444 3072
919121516 128
460272173 460272182
920544355 81920
920626275 12288
920638563 768
920639331 80
920639411 3
920639414 1
461280402 461280082
922560484 73728
922634212 6144
922640356 192
922640548 24
462201108 461807413
924008521 287378
924295899 20480
924316379 768
924317147 12
924317159 2
462832388 462832398
925664786 40960
925705746 6144
925711890 1807
925713697 72
925713769 5
464007620 462832398
926840018 33792
926873810 72
926873882 3
926873885 1
464494500 464494481
928988981 320
928989301 40
928989341 5
928988981 1338586
930327567 49152
930376719 9216
930385935 768
930386703 12
928988981 1557578
930546559 12288
930558847 1807
930560654 144
930560798 12
930560810 2
928988981 1939493
930928474 192841
931121315 640
931121955 72
930928474 287378
931215852 18432
931234284 1807
931236091 96
931236187 12
931236199 3
931236202 1
464494500 467212522
931707022 1400359
933107381 20480
933127861 2176
933130037 48
933130085 1
467673163 467556721
935229884 160073
935389957 8448
935398405 160
935398565 6
935398571 1
467673163 467866004
935539167 49152
935588319 6144
935594463 1999
935596462 5
935539167 81920
935621087 3072
935624159 384
935624543 80
935624623 1
467884136 467884135
935768271 340296
936108567 2560
936111127 260
468833882 468833835
937667717 381915
938049632 102400
938152032 192
938152224 24
938152248 3
469539596 469539593
939079189 49152
939128341 5120
939133461 768
939134229 80
939134309 11
469670302 471382498
941052800 1145745
942198545 18432
942216977 1280
942218257 192
942218449 5
942198545 49152
942247697 1807
942249504 96
942249600 10
941052800 1557578
942610378 116736
942727114 1152
942728266 6
472198869 472198840
944397709 135497
944533206 2112
944535318 29
944397709 143689
944541398 10240
944551638 768
944397709 1939493
946337202 143689
946480891 10240
946491131 272
946491403 1
946337202 320146
946657348 18432
946675780 544
946676324 8
472198869 474666688
946865557 192841
947058398 12288
947070686 2064
947072750 12
947072762 1
946865557 1305818
948171375 6144
948177519 320
948177839 48
948177887 12
948177899 2
474748608 474666688
949415296 49152
949464448 12288
949476736 1280
949478016 192
474899517 474941880
949841397 763830
950605227 221024
950826251 2560
950828811 384
950829195 48
950829243 12
950829255 3
950829258 1
474941880 476087625
951029505 381915
951411420 49152
951460572 12288
951472860 3072
951475932 384
951476316 131
477500762 476176450
953677212 143689
953820901 6144
953827045 192
953827237 2
478529523 477544916
956074439 574756
956649195 5120
956654315 48
956654363 5
478882437 478529523
957411960 81920
957493880 12288
957506168 1999
957508167 40
957508207 1
480086338 480192834
960279172 106496
960385668 5120
960390788 576
960391364 48
480199926 480199928
960399854 541988
960941842 18432
960960274 640
960960914 24
960960938 3
960960941 1
960399854 1430289
961830143 4352
961834495 192
961834687 36
961834723 1
960399854 1939493
962339347 160073
962499420 12288
962511708 2560
962514268 32
480199928 483036174
963236102 1782271
965018373 49152
965067525 6144
965073669 1152
965074821 40
965074861 2
483263547 483263548
966527095 225609
966752704 4608
966757312 48
966757360 2
966527095 1145745
967672840 73728
967746568 5120
967751688 384
967752072 72
967752144 5
485840929 484999503
970840432 192841
971033273 20480
971053753 2176
971055929 113
971056042 6
970840432 381915
971222347 81920
971304267 1999
971306266 48
971306314 2
486491434 486491422
972982856 34816
973017672 1280
973018952 160
973019112 29
972982856 574756
973557612 2560
973560172 23
487730607 487188619
974919226 381915
975301141 1152
975302293 96
975302389 9
489119982 488356152
977476134 40960
977517094 640
977517734 48
977517782 8
977476134 180223
977656357 4352
977660709 12
977660721 1
977476134 763830
978239964 40960
978280924 6144
978287068 576
978287644 6
978287650 1
489833268 489332740
979166008 763830
979929838 155647
980085485 1999
980087484 24
980087508 2
979166008 1145745
980311753 31840
980343593 113
980343706 8
490800606 490800603
981601209 12288
981613497 576
981614073 33
981601209 180223
981781432 3072
981784504 319
981601209 381915
981983124 66048
982049172 192
982049364 48
982049412 1
981601209 636525
982237734 100352
982338086 1280
982339366 80
982339446 10
982237734 118784
982356518 3072
982359590 68
982359658 2
492088057 490800606
982888663 763830
983652493 180223
983832716 48
983832764 3
983832767 1
492088057 492695581
984783638 287378
985071016 12288
985083304 1536
985084840 144
985084984 9
492702596 492702595
985405191 763830
986169021 128329
986297350 640
986297990 80
986298070 9
985405191 1782271
987187462 135497
987322959 768
987323727 260
987323987 1
985405191 1939493
987344684 73728
987418412 144
987418556 10
494879693 492702596
987582289 287378
987869667 2560
987872227 192
987872419 24
987872443 2
987582289 372734
987955023 2560
987957583 12
987957595 2
987582289 763830
988346119 160073
988506192 6144
988512336 1088
988513424 48
988513472 6
987582289 1684883
989267172 33792
989300964 640
989301604 96
989301700 12
989301712 1
987582289 1782271
989364560 40960
989405520 192
989405712 24
989405736 1
495192585 495442815
990635400 287378
990922778 5120
990927898 768
990928666 80
990928746 1
495594455 495594488
991188943 69632
991258575 1807
991260382 8
991188943 155647
991344590 3072
991347662 768
991348430 36
991188943 287378
991476321 24576
991500897 1807
991502704 48
991502752 3
991502755 1
496017571 495594488
991612059 225609
991837668 12288
991849956 768
991850724 136
991612059 287378
991899437 12288
991911725 1088
991912813 9
496038656 496038627
992077283 381915
992459198 106496
992565694 4607
992077283 1557578
993634861 81920
993716781 767
497750925 496038656
993789581 221024
994010605 2304
994012909 192
994013101 36
993789581 1449506
995239087 10240
995249327 1280
995250607 113
498126477 497762731
995889208 636525
996525733 123232
996648965 131
995889208 763830
996653038 2560
996655598 160
996655758 24
996655782 2
995889208 1939493
997828701 320146
998148847 16896
998165743 192
998165935 48
998165983 12
998165995 3
498126477 500065970
998192447 763830
998956277 33792
998990069 259
