608
1 1
2 1
3 2
5 1
3 5
8 1
8 2
5 6
11 1
8 9
17 1
10 9
19 1
12 11
23 1
12 17
29 5
18 17
35 1
20 19
39 1
24 23
47 1
34 29
63 5
36 35
71 1
40 39
79 1
48 47
95 1
72 71
143 1
80 79
159 1
96 95
191 1
96 143
239 20
259 1
143 144
287 1
159 160
319 1
191 192
383 1
288 287
575 1
320 319
639 1
384 383
767 1
384 575
959 96
1055 1
1055 29
1084 3
1087 1
576 575
1151 1
640 639
1279 1
768 767
1535 1
1055 959
2014 63
2077 3
1087 1088
2175 1
1151 1152
2303 1
1279 1280
2559 1
1535 1536
3071 1
2176 2175
4351 1
2304 2303
4607 1
2560 2559
5119 1
3072 3071
6143 1
4608 4607
9215 1
5120 5119
10239 1
6144 6143
12287 640
12927 29
12287 1536
13823 144
13967 12
13979 1
12287 2560
14847 144
14991 12
15003 1
9215 6144
15359 1536
16895 144
17039 12
17051 1
10240 10239
20479 640
21119 29
12956 12927
25883 29
25912 1
13979 13980
27959 1
15003 15004
30007 1
17052 17051
34103 1
17052 20479
37531 1280
38811 48
38859 9
25913 25912
27959 27960
55919 1
34103 30008
64111 640
64751 29
38868 38859
77727 6144
83871 1056
84927 17
84927 18
84927 19
77727 10240
87967 1056
89023 17
51825 38868
90693 2304
92997 96
93093 40
93133 3
55919 51825
107744 3072
110816 40
87967 84946
172913 2560
175473 192
175665 8
175665 9
175665 10
93133 93136
186269 2304
188573 48
188621 8
175675 186269
361944 6144
368088 2014
370102 36
370138 1
361944 188629
550573 51825
602398 2304
604702 19
370139 550573
920712 84946
1005658 320
1005978 19
920712 110856
1031568 55920
1087488 3072
1090560 768
1091328 96
1091424 2
602398 550573
1152971 21148
1174119 384
1174503 96
1174599 36
1174635 1
604721 604702
1209423 93136
1302559 239
1302798 3
1302801 1
1209423 188629
1398052 10240
1408292 1280
1409572 96
1409668 24
1409692 2
1398052 38868
1436920 10240
1447160 71
1398052 90693
1488745 1280
1490025 35
1398052 110856
1508908 10240
1519148 72
1519220 6
920712 604721
1525433 107744
1633177 2560
1635737 239
1635976 1
1525433 110856
1636289 55920
1692209 5120
1697329 640
1697969 80
1698049 10
1525433 188629
1714062 110856
1824918 6144
1831062 2560
1833622 80
1833702 12
1833714 1
1525433 370139
1895572 27960
1923532 1280
1924812 144
1924956 6
1924962 1
920712 1005658
1926370 64780
1991150 10240
2001390 1280
2002670 192
2002862 29
2002891 3
1005997 1031568
2037565 51825
2089390 3072
2092462 768
2093230 18
2037565 77727
2115292 1280
2116572 160
2116732 29
1152971 1091426
2244397 10240
2254637 768
2255405 96
2244397 64780
2309177 10240
2319417 1152
2320569 80
2320649 6
1174636 1209423
2384059 55920
2439979 1280
2441259 192
2441451 6
2441457 1
1302559 1209423
2511982 64780
2576762 6144
2582906 2560
2585466 160
2585626 8
2511982 89040
2601022 1152
2602174 80
2602254 5
1398052 1302802
2700854 10240
2711094 768
2711862 48
2711910 1
2700854 38868
2739722 1152
2740874 63
2740937 1
1519226 1525433
3044659 21148
3065807 3072
3068879 1152
3070031 40
3070071 1
3044659 55920
3100579 3072
3103651 640
3104291 63
3104354 1
1525433 1633177
3158610 55920
3214530 5120
3219650 96
3219746 39
1698049 1698059
3396108 2560
3398668 320
3398988 36
1714062 1824918
3538980 64780
3603760 6144
3609904 40
3609944 1
1895572 1833715
3729287 38868
3768155 10240
3778395 1088
3779483 12
3779495 1
3729287 55920
3785207 768
3785975 68
1924963 1926370
3851333 15004
3866337 191
1926370 1991150
3917520 17052
3934572 959
3935531 48
3935579 8
2037565 2002894
4040459 768
4041227 63
4040459 34104
4074563 2560
4077123 192
4077315 24
4077339 1
4040459 55920
4096379 959
4097338 20
2089390 2037565
4126955 9216
4136171 320
4136491 20
4136511 1
4126955 38868
4165823 2560
4168383 239
4168622 2
2093248 2093230
4186478 9216
4195694 959
4196653 40
4196693 6
4186478 20479
4206957 29
4206986 1
2116761 2116732
4233493 34104
4267597 2560
4270157 80
4270237 12
2244397 2116761
4361158 34104
4395262 1152
4396414 2
4361158 38868
4400026 5120
4405146 640
4405786 6
2309177 2255501
4564678 25913
4590591 2014
4592605 20
2320655 2384059
4704714 2560
4707274 288
4707562 24
4707586 3
4707589 1
4704714 38868
4743582 3072
4746654 768
4747422 48
4747470 1
4704714 87967
4792681 260
4792941 11
2439979 2384059
4824038 21148
4845186 768
4845954 5
2441458 2511982
4953440 30008
4983448 1280
4984728 160
4984888 24
4984912 3
4953440 38868
4992308 10240
5002548 768
5003316 80
5003396 9
4953440 83871
5037311 768
5038079 144
5038223 3
5038226 1
2602259 2602254
5204513 9216
5213729 959
5214688 40
5214728 2
5204513 51825
5256338 768
5257106 40
5257146 6
2740938 2740937
5481875 15359
5497234 768
5498002 144
5498146 9
5481875 93136
5575011 1152
5576163 34
5481875 188629
5670504 64780
5735284 1536
5736820 79
2740938 3044659
5785597 15359
5800956 1280
5802236 96
5802332 3
5785597 83871
5869468 384
5869852 160
5870012 29
5870041 1
5785597 107744
5893341 72
5893341 1536
5894877 384
5895261 12
5895273 3
5785597 188629
5974226 93136
6067362 4608
6071970 144
6072114 1
3219746 3219785
6439531 4608
6444139 320
6444459 29
6444488 3
6444491 1
6439531 27960
6467491 1088
6468579 29
6468608 3
6468611 1
3219785 3396108
6615893 64780
6680673 959
6681632 1
6615893 110856
6726749 21148
6747897 3072
6750969 1152
6752121 36
6726749 25913
6752662 1536
6754198 160
6754358 24
3398988 3399024
6798012 92997
6891009 79
3399024 3538980
6938004 110856
7048860 17052
7065912 2560
7068472 260
7068732 2
7048860 25913
7074773 1152
7075925 72
7075997 6
7048860 55920
7104780 1280
7106060 34
3538980 3603760
7142740 17052
7159792 192
7159984 40
7160024 5
3729287 3609945
7339232 30008
7369240 1088
7370328 34
3779495 3779496
7558991 3072
7562063 768
7562831 96
7562927 12
7562939 1
3786043 3785975
7572018 55920
7627938 3072
7631010 40
7631050 3
7631053 1
3786043 3851333
7637376 30008
7667384 1536
7668920 288
7669208 9
3866528 3866337
7732865 20479
7753344 384
7753728 160
7753888 24
7753912 2
3935579 3935587
7871166 38868
7910034 6144
7916178 260
7916438 5
7910034 10240
7920274 1536
7921810 20
7871166 55920
7927086 2560
7929646 260
7929906 6
7871166 64780
7935946 5120
7941066 768
7941834 144
7941978 9
3935587 4040459
7976046 64780
8040826 2560
8043386 80
8043466 9
7976046 89040
8065086 640
8065726 24
8065750 1
4077339 4077340
8154679 5120
8159799 384
8160183 40
8160223 6
4126955 4136171
8263126 6144
8269270 1280
8270550 96
8270646 12
8270658 2
4136512 4165823
8302335 30008
8332343 1152
8333495 80
8333575 10
4405792 4405786
8811578 110856
8922434 21148
8943582 3072
8946654 1088
8947742 48
8947790 11
4564678 4405792
8970470 64780
9035250 5120
9040370 63
9040433 1
4592625 4592605
9185230 9216
9194446 640
9195086 40
9195126 2
9185230 21148
9206378 3072
9209450 384
9209834 80
9209914 12
9209926 1
9185230 30008
9215238 2176
9217414 80
4792681 4747471
9540152 1536
9541688 260
9541948 3
4845959 4845954
9691913 17052
9708965 2304
9711269 192
9711461 2
9691913 21148
9713061 1536
9714597 239
9714836 8
4953440 4845959
9799399 6144
9805543 384
9805927 40
9805967 3
9799399 34104
9833503 2080
9835583 3
9835586 1
9799399 93136
9892535 9216
9901751 768
9902519 72
9902591 2
4992308 4984915
9977223 6144
9983367 640
9984007 96
9984103 12
9984115 3
