5685
1 1
2 1
3 2
5 1
3 5
8 1
8 2
5 6
11 1
8 9
17 1
10 9
19 1
12 11
23 1
12 17
29 3
32 1
29 5
18 17
35 1
20 19
39 1
24 23
47 1
32 33
65 1
34 33
67 1
36 35
71 1
40 39
79 1
48 47
95 1
48 65
113 12
125 3
128 1
113 17
65 66
131 1
67 68
135 1
71 72
143 1
79 80
159 1
95 96
191 1
130 129
259 1
132 131
263 1
136 135
271 1
144 143
287 1
160 159
319 1
192 191
383 1
192 259
451 48
499 12
511 2
451 65
259 260
519 1
263 264
527 1
271 272
543 1
287 288
575 1
319 320
639 1
383 384
767 1
511 513
1024 1
520 519
1039 1
528 527
1055 1
544 543
1087 1
576 575
1151 1
640 639
1279 1
768 767
1535 1
1025 1039
1039 1040
2079 1
1055 1056
2111 1
1087 1088
2175 1
1151 1152
2303 1
1279 1280
2559 1
1535 1536
3071 1
2064 1536
3600 511
4111 1
2079 2080
4159 1
2111 2112
4223 1
2175 2176
4351 1
2303 2304
4607 1
2559 2560
5119 1
3071 3072
6143 1
4112 4111
8223 33
4160 4159
8319 1
4224 4223
8447 1
4352 4351
8703 1
4608 4607
9215 1
5120 5119
10239 1
6144 6143
12287 1
6144 8223
14367 1536
15903 451
16354 29
16383 2
8223 8256
16479 33
8319 8320
16639 1
8447 8448
16895 1
8703 8704
17407 1
9215 9216
18431 1
10239 10240
20479 1
12287 12288
24575 1
16385 16383
32768 1
32768 2
16639 16640
33279 1
16895 16896
33791 1
17407 17408
34815 1
18431 18432
36863 1
20479 20480
40959 1
24575 24576
49151 1
32768 32769
65537 1
32770 32769
65539 1
65539 192
65731 48
65779 12
65791 1
65539 499
66038 10
33280 33279
66559 1
33792 33791
67583 1
34816 34815
69631 1
36864 36863
73727 1
40960 40959
81919 1
49152 49151
98303 1
49152 65537
114689 16383
131072 1
114689 16385
65538 65537
131075 1
65540 65539
131079 1
131079 9
66038 66048
132086 10
66559 66560
133119 1
67583 67584
135167 1
69631 69632
139263 1
73727 73728
147455 1
81919 81920
163839 1
98303 98304
196607 1
132096 132086
264182 640
264822 1
264822 2
264822 3
264822 5
264822 9
133119 133120
266239 576
266815 48
266863 8
135167 133120
268287 576
268863 48
268911 8
135167 135168
270335 2560
272895 113
273008 6
273014 1
139264 139263
278527 2560
281087 113
281200 6
281206 1
147455 147456
294911 2560
297471 113
297584 6
297590 1
163840 163839
327679 2560
330239 113
330352 6
330358 1
196607 196608
393215 2560
395775 113
395888 6
395894 1
264824 264823
529647 1
264824 264825
529649 1
264827 264825
529652 2
266863 266871
533734 8
268911 268919
537830 8
273015 273014
546029 1
281206 281207
562413 1
297591 297590
595181 1
330358 330359
660717 1
395895 395894
791789 2560
794349 113
794462 6
794468 1
529647 395895
925542 133120
1058662 576
1059238 48
1059286 6
1059292 1
1059286 8
529648 529647
1059295 1
529650 529649
1059299 1
529654 529652
1059306 2
537838 537830
1075668 8
546030 546029
1092059 1
562414 562413
1124827 1
595182 595181
1190363 1
660718 660717
1321435 2560
1323995 113
1324108 6
1324114 1
794469 794468
1588937 1
1059293 1059292
2118585 1
1059293 1059294
2118587 1
1059295 1059296
2118591 1
1059306 1059308
2118614 2
1092059 1092060
2184119 1
1124827 1124828
2249655 1
1190363 1190364
2380727 2560
2383287 113
2383400 6
2383406 1
1324114 1324115
2648229 1
1588937 1588938
3177875 1
3177876 3177876
6355752 1324115
7679867 147456
7827323 12288
7839611 1280
7840891 192
7841083 32
3177875 3177876
6355751 2383407
8739158 196608
8935766 20480
8956246 1280
8957526 192
8957718 33
6355751 3177876
9533627 196608
9730235 33792
9764027 768
9764795 24
9533627 1324115
10857742 40960
10898702 6144
10904846 96
10904942 3
9533627 1588938
11122565 139264
11261829 2176
11264005 2
11122565 330359
11452924 24576
11477500 5120
11482620 640
11483260 48
11483308 12
11483320 1
6355752 6355751
12711503 281207
12992710 6144
12998854 544
12999398 9
12711503 395895
13107398 40960
13148358 2560
13150918 113
13151031 8
8739158 6355751
15094909 1588938
16683847 24576
16708423 768
16709191 160
16709351 2
15094909 2184120
17279029 40960
17319989 5120
17325109 768
17325877 96
17325973 12
9764819 9764795
19529614 49152
19578766 2560
19581326 451
19581777 40
19529614 562414
20092028 12288
20104316 640
20104956 96
20105052 11
19529614 595182
20124796 40960
20165756 768
20166524 143
9764819 10857742
20622561 98304
20720865 6144
20727009 640
20727649 72
20727721 6
20622561 114689
20737250 3072
20740322 192
20740514 12
20740526 1
12711503 11483321
24194824 660718
24855542 98304
24953846 8704
24962550 451
24963001 12
24194824 1190364
25385188 3072
25388260 384
25388644 29
25388673 2
24194824 1324115
25518939 98304
25617243 8704
25625947 192
25626139 10
13148358 13107398
26255756 12288
26268044 1536
26269580 136
26269716 1
26255756 34816
26290572 24
26290596 1
13151031 13151039
26302070 546030
26848100 14367
26862467 516
26302070 1588938
27891008 49152
27940160 5120
27945280 384
27945664 48
27945712 9
15094909 13151039
28245948 794469
29040417 67584
29108001 1280
29109281 96
29109281 113
29109394 9
28245948 1190364
29436312 49152
29485464 14367
29499831 768
29500599 48
29500647 6
28245948 1324115
29570063 49152
29619215 2304
29621519 96
29621615 12
29570063 67584
29637647 1536
29639183 499
29639682 6
29639688 1
16683847 15094909
31778756 925542
32704298 98304
32802602 5120
32807722 768
32808490 160
32808650 6
32808656 1
17325985 17325973
34651958 595182
35247140 49152
35296292 5120
35301412 528
35301940 6
35301946 1
34651958 1190364
35842322 73728
35916050 1536
35917586 113
35917699 3
35917702 1
34651958 1588938
36240896 395895
36636791 20480
36657271 3600
36660871 192
36661063 48
36661111 6
17325985 19529614
36855599 395895
37251494 81920
37333414 4608
37338022 24
37338046 3
36855599 1324115
38179714 4352
38184066 35
19529614 19578766
39108380 5120
39113500 768
39114268 80
39114348 3
20166667 20166524
40333191 196608
40529799 49152
40578951 10240
40589191 1280
40590471 12
40590483 2
40333191 278527
40611718 2176
40613894 96
40613990 11
20740527 20740526
41481053 34816
41515869 768
41516637 80
41516717 10
41481053 1324115
42805168 24576
42829744 1536
42831280 320
42831600 12
42831612 3
42805168 196608
43001776 4224
43006000 48
43006048 12
43006060 3
41481053 1588938
43069991 395895
43465886 81920
43547806 9216
43557022 640
43557662 113
43557775 3
43557778 1
41481053 2648230
44129283 395895
44525178 81920
44607098 12288
44619386 1280
44620666 9
20740527 24194824
44935351 330359
45265710 24576
45290286 5120
45295406 320
45295726 48
45295774 6
45295780 1
44935351 395895
45331246 98304
45429550 20
45429570 1
44935351 2648230
47583581 330359
47913940 49152
47963092 1536
47964628 384
47965012 6
47965018 1
25388675 25518939
50907614 73728
50981342 4608
50985950 40
50985990 5
25626149 26255756
51881905 196608
52078513 49152
52127665 9216
52136881 640
52137521 96
52137617 12
52137629 3
52137632 1
26302070 26290597
52592667 297591
52890258 12288
52902546 1536
52904082 272
52904354 6
52904360 1
26862983 26862467
53725450 24576
53750026 3072
53753098 80
53753178 12
53753190 1
53725450 330359
54055809 1536
54057345 451
54057796 29
54057825 2
53725450 794469
54519919 114689
54634608 6144
54640752 384
54641136 40
54641176 5
27891008 26862983
54753991 163840
54917831 8704
54926535 192
54926727 20
54753991 537838
55291829 576
55292405 48
55292453 10
54753991 925542
55679533 49152
55728685 6144
55734829 384
55735213 24
27945712 27945721
55891433 196608
56088041 66048
56154089 320
56154409 48
56154457 2
29109403 29436312
58545715 196608
58742323 49152
58791475 3072
58794547 24
58794571 3
58794574 1
29639688 29639689
59279377 1588938
60868315 395895
61264210 98304
61362514 3072
61365586 136
61365722 3
29639689 31778756
61418445 1324115
62742560 196608
62939168 17408
62956576 384
62956960 40
62957000 1
61418445 1588938
63007383 330359
63337742 49152
63386894 5120
63392014 192
63392206 48
63392254 3
32704298 31778756
64483054 163840
64646894 14367
64661261 640
64661901 113
64662014 11
32808657 34651958
67460615 196608
67657223 3072
67660295 320
67660615 48
67660663 12
67660675 2
35301947 35842322
71144269 395895
71540164 14367
71554531 451
71554982 40
71555022 1
35917703 35917702
71835405 12288
71847693 640
71848333 40
71848373 6
37251494 36855599
74107093 1536
74108629 192
74108821 32
74107093 65792
74172885 192
74173077 32
37338046 37338049
74676095 546030
75222125 3072
75225197 320
75225517 34
37338049 38179714
75517763 546030
76063793 14367
76078160 1280
76079440 96
76079536 3
38184066 38184101
76368167 163840
76532007 12288
76544295 320
76544615 48
76544663 10
39114351 40333191
79447542 1092060
80539602 12288
80551890 1280
80553170 23
79447542 1190364
80637906 24576
80662482 6144
80668626 768
80669394 80
80669474 12
80669486 1
40590483 40590485
81180968 5120
81186088 519
40614001 41481053
82095054 595182
82690236 36864
82727100 1536
82728636 39
41516727 41516717
83033444 34816
83068260 1536
83069796 72
83069868 5
42805168 41516727
84321895 925542
85247437 98304
85345741 10240
85355981 768
85356749 20
85356769 2
84321895 1190364
85512259 81920
85594179 12288
85606467 1280
85607747 192
85607939 8
43069991 43006063
86076054 163840
86239894 4608
86244502 384
86244886 47
86076054 327679
86403733 1536
86405269 320
86405589 6
43465886 43069991
86535877 66560
86602437 451
86602888 47
86535877 196608
86732485 34816
86767301 1536
86768837 288
86769125 24
86769149 3
86769152 1
43557778 43557779
87115557 297591
87413148 12288
87425436 1280
87426716 192
87426908 12
87426920 3
44620675 44620666
89241341 163840
89405181 10240
89415421 320
89415741 48
89415789 2
45265710 44935351
90201061 36864
90237925 1152
90239077 80
90239157 8
45429570 45429571
90859141 395895
91255036 49152
91304188 12288
91316476 1152
91317628 48
91317676 9
90859141 1588938
92448079 395895
92843974 114689
92958663 3600
92962263 451
92962714 19
45429571 47583581
93013152 660718
93673870 24576
93698446 3600
93702046 159
93673870 49152
93723022 12288
93735310 640
93735950 96
93736046 12
93736058 1
93013152 1124828
94137980 49152
94187132 8704
94195836 96
94195932 11
93013152 1324115
94337267 49152
94386419 3072
94389491 48
94389539 6
93013152 1588938
94602090 49152
94651242 10240
94661482 1088
94662570 40
94662610 3
47965019 47965018
95930037 1324115
97254152 196608
97450760 36864
97487624 1280
97488904 192
97489096 23
50907614 47965019
98872633 196608
99069241 18432
99087673 640
99088313 125
99088438 1
98872633 1059308
99931941 12288
99944229 1280
99945509 48
99945557 12
99945569 2
98872633 1588938
100461571 395895
100857466 49152
100906618 10240
100916858 1088
100917946 48
100917994 11
98872633 2118616
100991249 6144
100997393 1536
100998929 320
100999249 2
50985995 50985990
101971985 395895
102367880 24576
102392456 640
102393096 125
51881905 50985995
102867900 395895
103263795 33792
103297587 768
103298355 12
102867900 546030
103413930 15903
103429833 72
103429905 2
102867900 660718
103528618 10240
103538858 1536
103540394 451
103540845 40
102867900 794469
103662369 114689
103777058 6144
103783202 264
103783466 1
52137632 52137633
104275265 330359
104605624 16896
104622520 192
104622712 23
52137633 52592667
104730300 327679
105057979 1536
105059515 96
105059611 2
54057825 54057827
108115652 281207
108396859 5120
108401979 80
108402059 2
54057827 54519919
108577746 49152
108626898 10240
108637138 1536
108638674 192
108638866 47
55292453 55292463
110584916 147456
110732372 12288
110744660 1088
110745748 48
110745796 6
110745802 1
55891433 55735237
111626670 24576
111651246 2112
111653358 48
111653406 11
111626670 139264
111765934 4352
111770286 80
111770366 9
56154459 56154457
112308916 1092060
113400976 1536
113402512 320
113402832 12
113402844 3
112308916 1588938
113897854 81920
113979774 10240
113990014 1536
113991550 272
113991822 3
56154459 58545715
114700174 395895
115096069 114689
115210758 1151
114700174 1588938
116289112 273015
116562127 1536
116563663 384
116564047 24
116564071 3
116564074 1
58794575 59279377
118073952 69632
118143584 528
118144112 9
118073952 925542
118999494 40960
119040454 6144
119046598 1536
119048134 144
119048278 11
118073952 1324115
119398067 49152
119447219 6144
119453363 768
119454131 192
119454323 12
118073952 1588938
119662890 114689
119777579 8448
119786027 192
119786219 24
119786243 2
119662890 395895
120058785 24576
120083361 6144
120089505 640
120090145 96
120090241 10
60868315 61264210
122132525 330359
122462884 20480
122483364 3072
122486436 192
122486628 12
122486640 3
62742560 61418445
124161005 395895
124556900 20480
124577380 3600
124580980 9
63337742 63007383
126345125 73728
126418853 2560
126421413 80
126421493 6
63392257 63392254
126784511 114689
126899200 14367
126913567 144
126913711 2
126784511 794469
127578980 49152
127628132 12288
127640420 768
127641188 160
127641348 17
64483054 63392257
127875311 98304
127973615 12288
127985903 768
127986671 192
127986863 40
127986903 3
127986906 1
127875311 147456
128022767 6144
128028911 320
128029231 48
128029279 10
127875311 660718
128536029 114689
128650718 3072
128653790 288
128654078 23
64662014 64662025
129324039 49152
129373191 5120
129378311 640
129378951 2
129324039 1075676
130399715 3072
130402787 384
130403171 40
129324039 1190364
130514403 24576
130538979 6144
130545123 80
130545203 10
130514403 98304
130612707 2560
130615267 451
130615718 24
130615742 3
64662025 67460615
132122640 330359
132452999 49152
132502151 6144
132508295 96
132508391 12
132508403 2
132122640 925542
133048182 73728
133121910 3072
133124982 451
133125433 24
133125457 2
132122640 1324115
133446755 114689
133561444 6144
133567588 576
133568164 29
133568193 2
132122640 1588938
133711578 330359
134041937 34816
134076753 288
134077041 10
67657223 67660295
135317518 2176
135319694 96
135319790 5
67660675 67660677
135321352 395895
135717247 81920
135799167 15903
135815070 125
135815195 2
135321352 660718
135982070 49152
136031222 10240
136041462 1536
136042998 160
136043158 24
136043182 1
135982070 81920
136063990 6144
136070134 1280
136071414 191
135321352 1324115
136645467 49152
136694619 8448
136703067 192
136703259 29
136703288 1
135321352 2648230
137969582 73728
138043310 5120
138048430 768
138049198 48
138049246 5
67660677 71144269
138804946 660718
139465664 2560
139468224 136
139468360 1
138804946 1588938
140393884 34816
140428700 767
138804946 2648230
141453176 395895
141849071 36864
141885935 2560
141888495 192
141888687 48
141888735 12
138804946 3177876
141982822 546030
142528852 12288
142541140 768
142541908 144
142542052 9
71144269 71540164
142684433 114689
142799122 9216
142808338 451
142808789 40
142808829 2
142684433 196608
142881041 14367
142895408 36
142895444 1
71848379 71848373
143696752 395895
144092647 81920
144174567 8704
144183271 192
144183463 20
144183483 2
143696752 660718
144357470 81920
144439390 3072
144442462 192
144442654 35
144357470 114689
144472159 15903
144488062 160
144488222 5
143696752 1588938
145285690 73728
145359418 640
145360058 39
143696752 2184120
145880872 24576
145905448 5120
145910568 264
145910832 3
74107093 71848379
145955472 147456
146102928 4608
146107536 48
146107584 5
145955472 1190364
147145836 36864
147182700 2560
147185260 113
147185373 3
147185376 1
74676095 75222125
149898220 20480
149918700 2560
149921260 451
76063793 75517763
151581556 330359
151911915 40960
151952875 5120
151957995 499
151958494 11
76544673 76544663
153089336 196608
153285944 49152
153335096 2560
153337656 320
153337976 9
153089336 1190364
154279700 49152
154328852 12288
154341140 1536
154342676 451
154343127 10
153089336 1324115
154413451 49152
154462603 12288
154474891 640
154475531 80
154475611 10
154413451 196608
154610059 36864
154646923 1280
154648203 160
154648363 20
154648383 2
153089336 1588938
154678274 73728
154752002 4608
154756610 288
154756898 20
154756918 1
153089336 2249656
155338992 24576
155363568 3072
155366640 320
155366960 48
155367008 1
76544673 79447542
155992215 40960
156033175 4352
156037527 18
155992215 794469
156786684 69632
156856316 1536
156857852 131
155992215 1588938
157581153 196608
157777761 5120
157782881 576
157783457 34
80553193 80637906
161191099 20480
161211579 640
161212219 96
161212315 2
81186088 81186607
162372695 49152
162421847 10240
162432087 1040
162433127 8
162372695 595182
162967877 49152
163017029 12288
163029317 576
163029893 12
163029905 3
163029908 1
82095054 81186607
163281661 395895
163677556 12288
163689844 1536
163691380 71
163281661 1059308
164340969 5120
164346089 384
164346473 40
164346513 2
163281661 1190364
164472025 49152
164521177 2304
164523481 80
164523561 3
164523564 1
82728675 83033444
165762119 147456
165909575 1536
165911111 8
84321895 83069873
167391768 925542
168317310 67584
168384894 528
168385422 3
167391768 1190364
168582132 40960
168623092 6144
168629236 768
168630004 1
84321895 85247437
169569332 595182
170164514 18432
170182946 1536
170184482 272
170184754 5
86405589 86405595
172811184 12288
172823472 1536
172825008 320
172825328 9
86767301 86732485
173499786 6144
173505930 39
87426920 87426923
174853843 330359
175184202 768
175184970 5
174853843 595182
175449025 12288
175461313 1536
175462849 288
175463137 3
175463140 1
175449025 49152
175498177 8448
175506625 72
175506697 2
89241341 89405181
178646522 98304
178744826 2560
178747386 12
178747398 1
89415791 89415789
178831580 395895
179227475 114689
179342164 2560
179344724 144
179344868 9
89415791 90201061
179616852 330359
179947211 49152
179996363 2304
179998667 192
179998859 2
90859141 91255036
182114177 163840
182278017 14367
182292384 768
182293152 47
182114177 268919
182383096 768
182383864 144
182384008 5
91317676 91317685
182635361 20480
182655841 1536
182657377 113
182657490 6
182657496 1
182635361 794469
183429830 98304
183528134 14367
183542501 768
183543269 24
183543293 2
92448079 92843974
185292053 196608
185488661 24576
185513237 6144
185519381 1536
185520917 384
185521301 48
185521349 10
93702205 93702046
187404251 8320
187412571 72
187412643 2
94662613 94662610
189325223 546030
189871253 8448
189879701 192
189879893 24
189325223 1190364
190515587 3600
190519187 96
190519283 10
95930037 94662613
190592650 1092060
191684710 4608
191689318 384
191689702 39
190592650 1324115
191916765 196608
192113373 16385
192129758 17
190592650 2184120
192776770 33280
192810050 384
192810434 40
192810474 3
95930037 97254152
193184189 294911
193479100 2176
193481276 48
193481324 5
193184189 395895
193580084 15903
193595987 68
193596055 2
193184189 546030
193730219 10240
193740459 1088
193741547 34
97489096 97489119
194978215 925542
195903757 49152
195952909 2304
195955213 160
195955373 18
99945569 99945571
199891140 395895
200287035 98304
200385339 14367
200399706 1152
200400858 96
200400954 6
200400960 1
100461571 99945571
200407142 114689
200521831 5120
200526951 768
200527719 192
200527911 32
200521831 6144
200527975 320
200528295 34
200407142 163840
200570982 24576
200595558 2304
200597862 192
200598054 35
101971985 100999251
202971236 133120
203104356 1280
203105636 160
203105796 12
203105808 3
202971236 546030
203517266 9216
203526482 640
203527122 80
203527202 1
103297587 103263795
206561382 6144
206567526 1536
206569062 125
206569187 2
105059611 105059613
210119224 196608
210315832 5120
210320952 640
210321592 80
210321672 1
210119224 2184120
212303344 36864
212340208 2560
212342768 80
212342848 9
105059613 108115652
213175265 1075676
214250941 2560
214253501 113
214253614 6
214253620 1
108638866 108638913
217277779 196608
217474387 12288
217486675 1152
217487827 96
217487923 12
217277779 595182
217872961 49152
217922113 1280
217923393 96
217923489 2
217277779 925542
218203321 18432
218221753 640
218222393 32
217277779 1324115
218601894 67584
218669478 1152
218670630 80
218670710 9
217277779 1588938
218866717 73728
218940445 6144
218946589 640
218947229 32
108638913 110584916
219223829 794469
220018298 16896
220035194 272
220035466 11
219223829 925542
220149371 24576
220173947 3072
220177019 384
220177403 6
111626670 110745803
222372473 73728
222446201 2304
222448505 12
222448517 2
222372473 595182
222967655 9216
222976871 768
222977639 96
222977735 6
113400976 112308916
225709892 925542
226635434 73728
226709162 5120
226714282 320
226714602 36
226714638 1
113897854 113402847
227300701 67584
227368285 1088
227369373 24
227369397 3
227369400 1
227300701 330359
227631060 17408
227648468 768
227649236 68
227649304 1
227300701 546030
227846731 5120
227851851 768
227852619 160
227852779 24
227852803 3
227852806 1
113991822 113991825
227983647 1280
227984927 96
227985023 2
114700174 113991825
228691999 81920
228773919 12288
228786207 1536
228787743 451
228788194 11
114700174 115096069
229796243 163840
229960083 20480
229980563 768
229981331 48
229981379 2
115210758 115096069
230306827 81920
230388747 14367
230403114 320
230403434 3
116562127 116289112
232851239 196608
233047847 49152
233096999 10240
233107239 1536
233108775 320
233109095 8
116564075 116564074
233128149 395895
233524044 49152
233573196 14367
233587563 768
233588331 80
233588411 3
233588414 1
116564075 118073952
234638027 139264
234777291 5120
234782411 192
234782603 48
234782651 12
118144121 118144112
236288233 395895
236684128 24576
236708704 3600
236712304 72
236712376 1
120090251 120090241
240180492 794469
240974961 24576
240999537 4608
241004145 320
241004465 40
241004505 6
240180492 1588938
241769430 330359
242099789 49152
242148941 640
242149581 48
242149629 12
242149641 2
120090251 122132525
242222776 163840
242386616 640
242387256 96
242387352 11
242222776 330359
242553135 14367
242567502 640
242568142 113
242222776 395895
242618671 114689
242733360 6144
242739504 1536
242741040 320
242741360 48
242741408 1
122486640 122486643
244973283 1190364
246163647 81920
246245567 768
246246335 160
246246495 12
246246507 3
246246510 1
244973283 1324115
246297398 196608
246494006 24576
246518582 768
246519350 192
246519542 48
246519590 1
244973283 1588938
246562221 20480
246582701 3600
246586301 384
246586685 40
246586725 3
246586728 1
124580989 124580980
249161969 73728
249235697 6144
249241841 384
249242225 20
249242245 2
124580989 126345125
250926114 281207
251207321 4608
251211929 48
251211977 3
251211980 1
250926114 330359
251256473 40960
251297433 4352
251301785 80
251301865 12
251301877 2
250926114 660718
251586832 114689
251701521 4608
251706129 192
251706321 32
126421499 126421493
252842992 330359
253173351 20480
253193831 1280
253195111 113
253195224 5
126913711 126913713
253827424 395895
254223319 40960
254264279 4352
254268631 96
254268727 12
127578980 126913713
254492693 562414
255055107 14367
255069474 320
255069794 35
127641365 127641348
255282713 98304
255381017 1040
255382057 12
127641365 127875311
255516676 24576
255541252 6144
255547396 640
255548036 40
255548076 1
128536029 128029289
256565318 266239
256831557 192
256831749 40
128654101 128654078
257308179 81920
257390099 9216
257399315 640
257399955 32
129324039 128654101
257978140 660718
258638858 36864
258675722 768
258676490 192
258676682 19
258638858 40960
258679818 6144
258685962 1536
258687498 48
258687546 12
258687558 1
129324039 129373191
258697230 20480
258717710 320
258718030 23
129378953 129378951
258757904 281207
259039111 1536
259040647 320
259040967 20
130399715 129378953
259778668 395895
260174563 98304
260272867 9216
260282083 576
260282659 36
260282695 2
260272867 10240
260283107 640
260283747 96
260283843 12
259778668 595182
260373850 49152
260423002 8704
260431706 320
260432026 11
130615742 130615745
261231487 5120
261236607 640
261237247 40
261231487 1124828
262356315 12288
262368603 160
262368763 10
132122640 130615745
262738385 395895
263134280 34816
263169096 1536
263170632 451
263171083 8
262738385 925542
263663927 12288
263676215 160
263676375 12
262738385 1588938
264327323 98304
264425627 9216
264434843 576
264435419 48
264435467 6
133568195 133711578
267279773 395895
267675668 49152
267724820 10240
267735060 1152
267736212 39
134041937 133711578
267753515 196608
267950123 14367
267964490 768
267965258 29
134077051 134077041
268154092 925542
269079634 2176
269081810 125
134077051 135317518
269394569 595182
269989751 49152
270038903 8320
270047223 20
270047243 2
136071414 136071605
272143019 163840
272306859 18432
272325291 640
272325931 80
272326011 2
137969582 136703289
274672871 1092060
275764931 16896
275781827 499
275782326 11
138049251 138049246
276098497 395895
276494392 20480
276514872 1536
276516408 40
276516448 5
138049251 138804946
276854197 20480
276874677 3600
276878277 384
276878661 24
276878685 2
276854197 660718
277514915 114689
277629604 5120
277634724 576
277635300 20
277635320 1
276854197 925542
277779739 8704
277788443 384
277788827 34
139465664 138804946
278270610 73728
278344338 11
139468361 139468360
278936721 794469
279731190 36864
279768054 1536
279769590 384
279769974 35
139468361 140393884
279862245 794469
280656714 40960
280697674 1536
280699210 192
280699402 29
140428700 140429467
280858167 297591
281155758 1280
281157038 192
281157230 48
281157278 6
281157284 1
140429467 141453176
281882643 330359
282213002 6144
282219146 1536
282220682 513
281882643 660718
282543361 81920
282625281 12288
282637569 1280
282638849 48
282638897 10
282543361 114689
282658050 12288
282670338 768
282671106 96
282671202 3
281882643 925542
282808185 49152
282857337 8704
282866041 40
141849071 141453176
283302247 139264
283441511 6144
283447655 320
283447975 8
141888747 141982822
283871569 595182
284466751 16640
284483391 192
284483583 20
284483603 2
142895445 142895444
285790889 32770
285823659 384
285824043 2
142895445 143696752
286592197 925542
287517739 33792
287551531 640
287552171 48
286592197 1092060
287684257 24576
287708833 192
287709025 12
144183485 144357470
288540955 36864
288577819 1536
288579355 160
288579515 24
288579539 3
288579542 1
144357470 144439390
288796860 49152
288846012 5120
288851132 272
288851404 12
288851416 1
144488227 144488222
288976449 81920
289058369 5120
289063489 640
289064129 96
289064225 2
288976449 196608
289173057 12288
289185345 1280
289186625 192
289186817 40
289186857 6
144488227 145285690
289773917 794469
290568386 14367
290582753 1088
290583841 24
290583865 2
290568386 49152
290617538 9216
290626754 768
290627522 192
290627714 48
290627762 5
146107589 146107584
292215173 196608
292411781 49152
292460933 12288
292473221 640
292473861 96
146107589 147145836
293253425 163840
293417265 24576
293441841 1280
293443121 96
147185376 147185377
294370753 330359
294701112 18432
294719544 1536
294721080 451
294721531 12
294721543 3
294721546 1
149898220 147185377
297083597 925542
298009139 34816
298043955 136
297083597 1588938
298672535 395895
299068430 81920
299150350 12288
299162638 384
299163022 11
297083597 2249656
299333253 40960
299374213 3600
299377813 384
149921260 149921711
299842971 794469
300637440 16640
300654080 11
299842971 1190364
301033335 81920
301115255 9216
301124471 768
301125239 29
301125268 1
151581556 149921711
301503267 40960
301544227 192
301544419 6
301503267 163840
301667107 24576
301691683 1536
301693219 36
151958494 151958505
303916999 266871
304183870 384
304184254 47
153089336 151958505
305047841 595182
305643023 16896
305659919 320
305660239 29
305660268 1
305047841 925542
305973383 18432
305991815 1536
305993351 130
305973383 73728
306047111 1280
306048391 160
306048551 29
306048580 1
153337985 153337976
306675961 2176
306678137 36
306678173 2
306675961 395895
307071856 98304
307170160 14367
307184527 451
307184978 40
307185018 3
306675961 660718
307336679 114689
307451368 3072
307454440 191
154756919 155338992
310095911 395895
310491806 49152
310540958 5120
310546078 640
310546718 96
310546814 12
310546826 3
155367009 155367008
310734017 330359
311064376 49152
311113528 10240
311123768 1536
311125304 320
311125624 17
155992215 155367009
311359224 163840
311523064 24576
311547640 5120
311552760 640
311553400 80
311553480 5
156037545 156037527
312075072 533742
312608814 640
312609454 72
312609526 1
156786684 156037545
312824229 330359
313154588 6144
313160732 768
313161500 192
313161692 24
313161716 1
312824229 794469
313618698 16896
313635594 288
313635882 12
313635894 1
157783491 161191099
318974590 196608
319171198 14367
319185565 1025
319186590 9
318974590 1324115
320298705 73728
320372433 2304
320374737 192
320374929 20
320374949 2
320298705 196608
320495313 49152
320544465 12288
320556753 384
320557137 66
318974590 2249656
321224246 36864
321261110 1536
321262646 160
321262806 12
321262818 3
318974590 2383407
321357997 196608
321554605 40960
321595565 1280
321596845 192
321597037 48
321597085 12
321597097 2
161212315 161212317
322424632 595182
323019814 384
323020198 40
323020238 5
322424632 794469
323219101 81920
323301021 5120
323306141 132
323306273 2
162372695 161212317
323585012 281207
323866219 3600
323869819 160
323869979 12
323869991 3
323869994 1
323585012 925542
324510554 40960
324551514 5120
324556634 768
324557402 96
324557498 6
324557504 1
162433135 162967877
325401012 196608
325597620 20480
325618100 2560
325620660 80
325620740 6
325620746 1
163029909 163281661
326311570 395895
326707465 12288
326719753 768
326720521 160
326720681 3
326720684 1
326707465 98304
326805769 6144
326811913 640
326812553 40
326812593 3
326812596 1
326311570 529654
326841224 3600
326844824 288
326845112 12
326845124 3
163677556 163281661
326959217 98304
327057521 6144
327063665 768
327064433 136
326959217 196608
327155825 320
327156145 10
163691380 163691451
327382831 163840
327546671 2304
327548975 192
327549167 40
327549207 6
327382831 196608
327579439 18432
327597871 34
163691451 164340969
328032420 196608
328229028 49152
328278180 6144
328284324 1280
328285604 72
328285676 3
164523565 164523564
329047129 40960
329088089 1536
329089625 192
329089817 48
165762119 164523565
330285684 297591
330583275 24576
330607851 2304
330610155 160
330610315 20
165911111 165911119
331822230 132096
331954326 576
331954902 24
331954926 3
331822230 925542
332747772 40960
332788732 6144
332794876 768
332795644 48
332795692 5
165911119 167391768
333302887 73728
333376615 6144
333382759 1152
333383911 80
333383991 3
333383994 1
333302887 395895
333698782 114689
333813471 4352
333817823 192
333818015 32
168317310 167391768
335709078 660718
336369796 98304
336468100 15903
336484003 384
336484387 48
168630005 168630004
337260009 36864
337296873 3072
337299945 132
337300077 2
169569332 168630005
338199337 1324115
339523452 163840
339687292 1536
339688828 12
339688840 1
170184754 170184759
340369513 660718
341030231 81920
341112151 2304
341114455 48
340369513 925542
341295055 24576
341319631 6144
341325775 192
341325967 40
341295055 81920
341376975 12288
341389263 24
341389287 3
341389290 1
170184759 172811184
342995943 196608
343192551 40960
343233511 4608
343238119 384
343238503 24
343238527 3
343238530 1
342995943 1190364
344186307 40960
344227267 3072
344230339 384
344230723 24
344230747 2
342995943 1324115
344320058 49152
344369210 10240
344379450 1536
344380986 320
344381306 12
344381318 3
342995943 1588938
344584881 395895
344980776 33792
345014568 72
345014640 5
173505969 174853843
348359812 73728
348433540 3072
348436612 288
348436900 19
348359812 395895
348755707 36864
348792571 1536
348359812 1324115
349683927 10240
349694167 320
349694487 6
348359812 1588938
349948750 81920
350030670 768
350031438 192
350031630 48
350031678 1
175184202 174853843
350038045 273015
350311060 3600
350314660 23
175184975 175184970
350369945 163840
350533785 6144
350539929 544
350540473 2
175506697 175506699
351013396 131088
351144484 384
351144868 35
351013396 196608
351210004 16896
351226900 192
351227092 65
351013396 395895
351409291 114689
351523980 8704
351532684 320
351533004 33
351013396 1324115
352337511 49152
352386663 1280
352387943 36
175506699 178646522
354153221 114689
354267910 14367
354282277 768
354283045 96
354283141 12
354283153 2
354153221 196608
354349829 40960
354390789 4608
354395397 6
354153221 1588938
355742159 196608
355938767 20480
355959247 1536
355960783 320
355961103 12
355961115 2
355742159 268919
356011078 1088
356012166 6
356012172 1
178831580 179227475
358059055 163840
358222895 18432
358241327 1280
358242607 160
358242767 8
179342164 179227475
358569639 114689
358684328 192
358684520 23
179616852 179344877
358961729 98304
359060033 9216
359069249 576
359069825 40
359069865 3
359069868 1
358961729 163840
359125569 6144
359131713 768
359132481 24
358961729 395895
359357624 36864
359394488 3072
359397560 192
359397752 47
179998859 179998861
359997720 4224
360001944 95
359997720 49152
360046872 6144
360053016 1536
360054552 48
360054600 5
182114177 179998861
362113038 330359
362443397 24576
362467973 5120
362473093 768
362473861 80
362473941 2
362113038 595182
362708220 24576
362732796 125
362113038 794469
362907507 15903
362923410 160
362923570 12
362923582 3
362113038 925542
363038580 69632
363108212 3072
363111284 320
363111604 39
362113038 2118616
364231654 40960
364272614 3072
364275686 5
183543295 183543293
367086588 925542
368012130 65792
368077922 113
368078035 10
185292053 183543295
368835348 1324115
370159463 114689
370274152 1280
370275432 136
370275568 3
368835348 1588938
370424286 6144
370430430 768
370431198 113
370431311 6
185521359 185521349
371042708 562414
371605122 20480
371625602 192
371625794 20
371625814 1
371042708 925542
371968250 40960
372009210 1056
372010266 9
371968250 49152
372017402 3072
372020474 96
372020570 5
185521359 187404251
372925610 81920
373007530 14367
373021897 1280
373023177 160
373023337 2
372925610 98304
373023914 6144
373030058 1088
373031146 12
373031158 3
187412643 187412645
374825288 297591
375122879 24576
375147455 1040
375148495 8
374825288 925542
375750830 98304
375849134 3072
375852206 263
187412645 189325223
376737868 595182
377333050 24576
377357626 1536
377359162 320
377359482 11
376737868 2383407
379121275 20480
379141755 768
379142523 72
379142595 2
191916765 192113373
384030138 81920
384112058 6144
384118202 1536
384119738 192
384119930 12
384119942 1
192129775 192776770
384906545 196608
385103153 66048
385169201 6
384906545 395895
385302440 3072
385305512 288
385305800 20
385305820 1
192810477 193184189
385994666 114689
386109355 9216
386118571 768
386119339 144
386119483 6
193479100 193184189
386663289 281207
386944496 10240
386954736 1536
386956272 384
386956656 6
386956662 1
193596057 193596055
387192112 36864
387228976 576
387229552 19
193740459 193741547
387482006 384
387482390 47
193741547 193741581
387483128 281207
387764335 4608
387768943 264
387769207 6
193741581 194978215
388719796 1190364
389910160 40960
389951120 6144
389957264 192
389957456 17
195955391 195955373
391910764 1588938
393499702 69632
393569334 1536
393570870 113
199891140 195955391
395846531 1324115
397170646 147456
397318102 1280
397319382 24
397319406 1
395846531 3177876
399024407 330359
399354766 49152
399403918 3072
399406990 192
399407182 11
399024407 595182
399619589 40960
399660549 3072
399663621 96
399663717 12
399663729 2
200385339 200287035
400672374 12288
400684662 1536
400686198 191
200598054 200598089
401196143 395895
401592038 49152
401641190 12288
401653478 520
401653998 3
401592038 114689
401706727 4608
401711335 192
401711527 48
401711575 10
401196143 595182
401791325 24576
401815901 4608
401820509 12
401196143 660718
401856861 98304
401955165 1536
401956701 384
401957085 66
401196143 794469
401990612 98304
402088916 14367
402103283 48
402103331 2
401196143 1124828
402320971 24576
402345547 4608
402350155 384
402350539 48
402350587 8
200598089 202971236
403569325 395895
403965220 1536
403966756 192
403966948 48
403966996 12
403967008 1
403569325 2118616
405687941 10240
405698181 264
405687941 40960
405728901 5120
405734021 24
405734045 2
203105811 203105808
406211619 81920
406293539 4224
406297763 96
406297859 10
203527203 203527202
407054405 133120
407187525 1280
407188805 192
407188997 18
407054405 163840
407218245 24576
407242821 2304
407245125 80
407245205 12
407054405 2249656
409304061 81920
409385981 12288
206561382 203527203
410088585 81920
410170505 8704
410179209 384
410088585 395895
410484480 24576
410509056 4608
410513664 320
410513984 19
410088585 1588938
411677523 49152
411726675 9216
411735891 768
411736659 192
411736851 24
411736875 3
411736878 1
206569187 206569189
413138376 1324115
414462491 20480
414482971 3600
414486571 12
414462491 73728
414536219 4608
414540827 288
414541115 20
206569189 210119224
416688413 196608
416885021 24576
416909597 528
416910125 12
416910137 2
416909597 6144
416915741 1536
416917277 160
416917437 20
416917457 2
416688413 395895
417084308 114689
417198997 6144
417205141 1536
417206677 384
417207061 40
417207101 2
416688413 1324115
418012528 40960
418053488 5120
418058608 640
418059248 80
418059328 1
210321673 212303344
422625017 297591
422922608 2080
422924688 12
422924700 1
422625017 1588938
424213955 196608
424410563 36864
424447427 3072
424450499 113
424450612 6
424450618 1
213175265 212342857
425518122 660718
426178840 40960
426219800 1280
426221080 80
426221160 12
426221172 1
425518122 1324115
426842237 196608
427038845 8320
427047165 96
427047261 12
213175265 214250941
427426206 163840
427590046 24576
427614622 5120
427619742 272
427620014 12
427620026 1
427426206 925542
428351748 36864
428388612 1152
428389764 72
428389836 1
214253620 214253621
428507241 1324115
429831356 49152
429880508 1088
429881596 20
429881616 1
428507241 2249656
430756897 49152
430806049 6144
430812193 1152
430813345 48
430813393 10
428507241 2383407
430890648 40960
430931608 6144
430937752 72
430937824 3
214253621 217277779
431531400 49152
431580552 2304
431582856 11
431531400 537838
432069238 5120
432074358 384
432074742 36
432074778 1
431531400 660718
432192118 73728
432265846 1536
432267382 113
432267495 3
432267498 1
431531400 1190364
432721764 768
432722532 96
432722628 6
432722634 1
432721764 36864
432758628 768
432759396 160
432759556 24
432759580 1
431531400 2648230
434179630 81920
434261550 12288
434273838 1152
434274990 125
217487935 217872961
435360896 330359
435691255 4112
435695367 18
435360896 395895
435756791 20480
435777271 3600
435780871 384
435781255 48
435781303 2
217923489 217923491
435846980 163840
436010820 4608
436015428 320
436015748 3
217923491 218203321
436126812 196608
436323420 49152
436372572 2304
436374876 144
436375020 9
218222425 218222393
436444818 81920
436526738 12288
436539026 1536
436540562 192
436540754 12
436540766 3
218601894 218222425
436824319 264831
437089150 768
437089918 160
437090078 9
218866717 218670719
437537436 196608
437734044 24576
437758620 3072
437761692 288
437761980 9
218947261 218947229
437894490 81920
437976410 1280
437977690 113
220018298 219223829
439242127 660718
439902845 16385
439919230 40
439919270 1
220177403 220177409
440354812 1124828
441479640 24576
441504216 2560
441506776 263
220177409 222372473
442549882 1588938
444138820 196608
444335428 49152
444384580 5120
444389700 160
444389860 3
222977735 222977741
445955476 196608
446152084 49152
446201236 8704
446209940 451
446210391 40
446210431 6
445955476 660718
446616194 12288
446628482 640
446629122 9
445955476 2249656
448205132 40960
448246092 5120
448251212 520
448251732 1
225709892 222977741
448687633 81920
448769553 5120
448774673 24
448774697 3
448774700 1
448687633 196608
448884241 49152
448933393 10240
448943633 1536
448945169 3
448945172 1
448687633 660718
449348351 81920
449430271 384
449430655 48
449430703 12
449430715 2
225709892 226635434
452345326 281207
452626533 5120
452631653 640
452632293 48
452632341 6
226714639 226714638
453429277 330359
453759636 40960
453800596 1536
453802132 271
227649305 227649304
455298609 24576
455323185 5120
455328305 160
455328465 3
455328468 1
227985023 227985025
455970048 14367
455984415 1280
455985695 125
455985820 1
228788205 228788194
457576399 794469
458370868 20480
458391348 3072
458394420 384
458394804 3
228788205 229796243
458584448 147456
458731904 192
458732096 24
458732120 3
229796243 229960083
459756326 24576
459780902 5120
459786022 320
459786342 29
459786371 2
230306827 230388747
460695574 69632
460765206 48
460765254 11
230403437 230403434
460806871 98304
460905175 12288
460917463 272
460917735 10
232851239 230403437
463254676 1190364
464445040 73728
464518768 1088
464519856 12
464519868 3
463254676 1324115
464578791 196608
464775399 49152
464824551 12288
464836839 1280
464838119 192
464838311 32
463254676 1588938
464843614 395895
465239509 5120
465244629 384
465245013 24
465245037 3
465245040 1
463254676 2249656
465504332 114689
465619021 576
465619597 48
465619645 8
233047847 232851239
465899086 81920
465981006 768
465981774 192
465981966 47
233109103 233128149
466237252 196608
466433860 24576
466458436 1536
466459972 320
466460292 40
466460332 5
466237252 395895
466633147 6144
466639291 1280
466640571 144
466640715 10
234782663 234782651
469565314 18432
469583746 320
469584066 24
469584090 1
469565314 395895
469961209 98304
470059513 15903
470075416 320
470075736 24
470075760 1
236288233 234782663
471070896 114689
471185585 6144
471191729 1536
471193265 48
471193313 10
471070896 660718
471731614 69632
471801246 3072
471804318 12
471804330 3
471070896 1059308
472130204 3600
472133804 40
472133844 1
236712377 236712376
473424753 794469
474219222 81920
474301142 10240
474311382 271
473424753 1324115
474748868 139264
474888132 160
474888292 24
474888316 3
473424753 1588938
475013691 273015
475286706 2080
475288786 24
475288810 3
473424753 3177876
476602629 147456
476750085 10240
476760325 1280
476761605 12
236712377 240180492
476892869 330359
477223228 49152
477272380 10240
477282620 24
477282644 3
476892869 660718
477553587 98304
477651891 6144
477658035 384
477658419 20
241004511 241004505
482009016 395895
482404911 49152
482454063 6144
482460207 1152
482461359 36
482461395 2
242741409 242741408
485482817 660718
486143535 36864
486180399 1536
486181935 192
486182127 34
485482817 1124828
486607645 20480
486628125 3072
486631197 24
486631221 2
485482817 1588938
487071755 395895
487467650 20480
487488130 2560
487490690 451
487491141 40
487491181 3
487491184 1
244973283 242741409
487714692 1324115
489038807 196608
489235415 40960
489276375 640
489277015 29
489277044 1
487714692 1588938
489303630 395895
489699525 81920
489781445 3600
489785045 80
244973283 246163647
491136930 562414
491699344 6144
491705488 1152
491706640 29
491706669 2
246586728 246586729
493173457 163840
493337297 18432
493355729 1536
493357265 125
493357390 1
493173457 533742
493707199 1536
493708735 451
493709186 11
249161969 246586729
495748698 660718
496409416 98304
496507720 6144
496513864 1280
496515144 113
496515257 2
495748698 794469
496543167 20480
496563647 451
496564098 12
496564110 3
496543167 114689
496657856 10240
496668096 768
496668864 113
496668977 10
495748698 1324115
497072813 18432
497091245 1536
497092781 80
497092861 12
497092873 2
249242247 249242245
498484492 660718
499145210 20480
499165690 3072
499168762 144
499168906 5
249242247 250926114
500168361 147456
500315817 4352
500320169 144
500320313 3
500320316 1
500168361 925542
501093903 49152
501143055 14367
501157422 768
501158190 144
501158334 9
251301879 251301877
502603756 133120
502736876 768
502737644 20
502737664 1
251586832 251301879
502888711 73728
502962439 5120
502967559 384
502967943 48
502967991 3
502967994 1
251706321 251706353
503412674 10240
503422914 451
503423365 40
503423405 2
253173351 252842992
506016343 196608
506212951 17408
506230359 384
506230743 48
506230791 3
506230794 1
506016343 297591
506313934 4608
506318542 499
254268739 254268727
508537466 98304
508635770 192
508635962 40
508636002 5
254492693 254268739
508761432 546030
509307462 14367
509321829 544
509322373 20
509322393 2
508761432 595182
509356614 36864
509393478 3600
509397078 48
509397126 1
255282713 255381017
510663730 49152
510712882 3072
510715954 513
255516676 255541252
511057928 15903
511073831 272
511074103 3
511074106 1
255548077 255548076
511096153 139264
511235417 3600
511239017 192
511239209 3
511239212 1
255548077 256565318
512113395 395895
512509290 98304
512607594 1088
512608682 39
257308179 256831789
514139968 395895
514535863 114689
514650552 14367
514664919 768
514665687 113
514665800 9
257399955 257399987
514799942 131088
514931030 768
514931798 192
514931990 23
514799942 330359
515130301 20480
515150781 511
515151292 1
257399987 257978140
515378127 395895
515774022 6144
515780166 1088
515781254 29
257978140 258638858
516616998 562414
517179412 18432
517197844 48
517197892 1
259778668 259040987
518819655 794469
519614124 81920
519696044 12288
519708332 1536
519709868 35
518819655 925542
519745197 67584
519812781 10
519745197 132096
519877293 768
519878061 72
519878133 2
260174563 259778668
519953231 266239
520219470 47
260283855 260373850
520657705 18432
520676137 1025
520677162 3
261231487 260432037
521663524 147456
521810980 8320
521819300 20
521819320 1
261237287 261237247
522474534 794469
523269003 32770
523301773 48
261237287 262356315
523593602 537838
524131440 3072
524134512 160
524134672 12
524134684 3
523593602 925542
524519144 114689
524633833 2304
524636137 144
524636281 12
263663927 263171091
526835018 395895
527230913 67584
527298497 1056
527299553 20
527299573 2
264435467 264435473
528870940 1588938
530459878 139264
530599142 6144
530605286 640
530605926 29
530605955 2
528870940 2249656
531120596 98304
531218900 6144
531225044 1536
531226580 80
531226660 6
531226666 1
267279773 264435473
531715246 660718
532375964 12288
532388252 48
532388300 6
532388306 1
531715246 2118616
533833862 32770
533866632 384
533867016 48
533867064 12
533867076 1
267279773 267675668
534955441 147456
535102897 12288
535115185 451
535115636 11
267950123 267753515
535703638 196608
535900246 12288
535912534 1088
535913622 33
267965287 267965258
535930545 81920
536012465 12288
536024753 1152
536025905 48
536025953 8
269079634 268154092
537233726 2560
537236286 384
537236670 24
537236694 3
537233726 196608
537430334 40960
537471294 320
537471614 48
537471662 6
537471668 1
269394569 269081935
538476504 20480
538496984 1536
538498520 192
538498712 3
269989751 269394569
539384320 147456
539531776 1280
539533056 144
539533200 12
539533212 1
539384320 196608
539580928 34816
539615744 1536
539617280 451
539617731 24
539617755 2
270047245 270047243
540094488 18432
540112920 768
540113688 160
540113848 5
540094488 925542
541020030 36864
541056894 1536
541058430 192
541058622 48
541058670 11
540094488 1588938
541683426 297591
541981017 12288
541993305 768
541994073 192
541994265 36
272143019 270047245
542190264 395895
542586159 81920
542668079 1536
542669615 144
542669759 10
542190264 1190364
543380628 81920
543462548 14367
543476915 640
543477555 12
543477567 3
543477570 1
272326013 272326011
544652024 114689
544766713 6144
544772857 1152
544774009 96
544774105 6
272326013 274672871
546998884 73728
547072612 3072
547075684 192
547075876 20
547075896 1
546998884 196608
547195492 10240
547205732 1280
547207012 160
547207172 20
547207192 1
275764931 274672871
550437802 114689
550552491 3600
550556091 288
550556379 24
550556403 3
550556406 1
275782337 275782326
551564663 270335
551834998 1280
551836278 192
551836470 48
551836518 9
275782337 276098497
551880834 196608
552077442 65540
552142982 24
552143006 3
551880834 395895
552276729 73728
552350457 5120
552355577 640
552356217 80
552356297 12
552356309 2
276494392 276098497
552592889 297591
552890480 20480
552910960 1536
552912496 451
552912947 24
552912971 2
276516448 276516453
553032901 163840
553196741 24576
553221317 5120
553226437 544
553226981 2
276878685 276878687
553757372 114689
553872061 10240
553882301 384
553882685 66
278344338 278344349
556688687 24576
556713263 768
556714031 24
556714055 2
556688687 163840
556852527 24576
556877103 320
556877423 34
278344349 278936721
557281070 281207
557562277 4224
557566501 80
557566581 3
557566584 1
279731190 278936721
558667911 196608
558864519 12288
558876807 1536
558878343 80
558878423 2
279770009 279862245
559632254 24576
559656830 3600
559660430 288
559660718 12
559660730 1
280699431 280699402
561398833 34816
561433649 451
561434100 35
280699431 280858167
561557598 147456
561705054 10240
561715294 1280
561716574 80
561716654 9
281157284 281157285
562314569 66560
562381129 499
562381628 1
281882643 281157285
563039928 330359
563370287 49152
563419439 544
563419983 24
563420007 3
563420010 1
563039928 794469
563834397 49152
563883549 10240
563893789 640
563894429 12
563039928 925542
563965470 10240
563975710 320
563976030 40
563976070 1
282213002 281882643
564095645 330359
564426004 1088
564427092 33
282866081 283302247
566168328 163840
566332168 10240
566342408 384
566342792 48
566342840 12
566342852 1
284483605 284483603
568967208 49152
569016360 1536
569017896 160
569018056 3
285790889 285823659
571614548 6144
571620692 1536
571622228 47
285824043 285824045
571648088 660718
572308806 98304
572407110 8223
572415333 12
285824045 286592197
572416242 147456
572563698 14367
572578065 384
572578449 36
572578485 2
572416242 546030
572962272 12288
572974560 19
287709037 287709025
575418062 395895
575813957 18432
575832389 384
575832773 32
575418062 595182
576013244 49152
576062396 10240
576072636 144
576072780 9
287709037 288540955
576249992 562414
576812406 20480
576832886 3072
576835958 451
576836409 40
576836449 6
289186863 289773917
578960780 69632
579030412 192
579030604 48
579030652 12
579030664 1
578960780 794469
579755249 40960
579796209 6144
579802353 1280
579803633 192
579803825 24
579803849 3
579803852 1
290568386 289773917
580342303 330359
580672662 24576
580697238 5120
580702358 768
580703126 192
580703318 1
580342303 595182
580937485 24576
580962061 499
580962560 6
580962566 1
290627767 290627762
581255529 1190364
582445893 49152
582495045 6144
582501189 1152
582502341 80
582502421 8
292215173 290627767
582842940 794469
583637409 528
583637937 6
582842940 1324115
584167055 147456
584314511 5120
584319631 640
584320271 80
584320351 2
582842940 1588938
584431878 49152
584481030 3600
584484630 192
584484822 19
294370753 293443217
587813970 98304
587912274 10240
587922514 68
587922582 1
587813970 595182
588409152 36864
588446016 1536
588447552 72
588447624 5
294721546 294721547
589443093 925542
590368635 49152
590417787 1040
590418827 2
589443093 1190364
590633457 114689
590748146 3072
590751218 159
589443093 2184120
591627213 49152
591676365 14367
591690732 1152
591691884 113
591691997 10
294721547 297083597
591805144 196608
592001752 2560
592004312 384
592004696 48
592004744 6
592004750 1
297083597 298009139
595092736 660718
595753454 98304
595851758 6144
595857902 1152
595859054 113
595859167 10
298044091 298043955
596088046 395895
596483941 98304
596582245 2560
596584805 384
596585189 48
596585237 12
596585249 3
596585252 1
298672535 298044091
596716626 297591
597014217 12288
597026505 768
597027273 68
299378197 299377813
598756010 270335
599026345 1536
599027881 192
599028073 48
599028121 2
598756010 330359
599086369 14367
599100736 1280
599102016 192
599102208 40
599102248 5
300637440 299842971
600480411 537838
601018249 5120
601023369 544
601023913 8
300654080 300654091
601308171 196608
601504779 49152
601553931 1536
601555467 48
300654091 301033335
601687426 395895
602083321 24576
602107897 1088
301693255 301693219
603386474 147456
603533930 6144
603540074 9
603386474 925542
604312016 34816
604346832 499
603386474 1190364
604576838 114689
604691527 5120
604696647 640
604697287 18
603386474 1324115
604710589 69632
604780221 516
603386474 1588938
604975412 49152
605024564 5120
605029684 768
605030452 160
605030612 11
604975412 395895
605371307 49152
605420459 12288
605432747 272
605433019 3
605433022 1
303916999 301693255
605610254 1588938
607199192 395895
607595087 98304
607693391 6144
607699535 192
607699727 36
607699763 2
304184254 304184301
608368555 395895
608764450 114689
608879139 1536
608880675 18
305643023 305659919
611302942 9216
611312158 768
611312926 131
306675961 306048581
612724542 69632
612794174 264
612794438 1
612724542 395895
613120437 49152
613169589 12288
613181877 80
307454440 307454631
614909071 925542
615834613 10240
615844853 640
615845493 68
614909071 1588938
616498009 395895
616893904 65540
616959444 131
614909071 2383407
617292478 131088
617423566 640
617424206 95
307454631 310095911
617550542 281207
617831749 5120
617836869 384
617837253 20
617837273 2
617550542 1588938
619139480 163840
619303320 24576
619327896 320
619328216 12
619328228 3
617550542 2648230
620198772 114689
620313461 8256
620321717 24
311359224 311523064
622882288 163840
623046128 16640
623062768 160
623062928 1
312075072 311553485
623628557 660718
624289275 98304
624387579 4224
624391803 12
624391815 3
624391818 1
312608814 312075072
624683886 330359
625014245 33280
625047525 272
625047797 10
312609527 312609526
625219053 163840
625382893 10240
625393133 1056
625394189 12
625394201 3
625394204 1
313161717 313161716
626323433 330359
626653792 49152
626702944 2560
626705504 384
626705888 48
626705936 12
626705948 3
313635894 313635895
627271789 49152
627320941 9216
627330157 160
627330317 8
627271789 794469
628066258 24576
628090834 5120
628095954 263
627271789 1190364
628462153 49152
628511305 3072
628514377 125
628514502 1
627271789 2184120
629455909 49152
629505061 8704
629513765 72
629513837 2
627271789 3177876
630449665 595182
631044847 1536
631046383 32
630449665 1092060
631541725 16896
631558621 384
631559005 40
631559045 3
631559048 1
630449665 1190364
631640029 81920
631721949 3600
631725549 160
631725709 12
631725721 3
631725724 1
318974590 313635895
632610485 794469
633404954 98304
633503258 9216
633512474 6
633512480 1
632610485 1588938
634199423 12288
634211711 1536
634213247 96
634213343 6
632610485 3177876
635788361 925542
636713903 36864
636750767 451
636751218 40
636751258 1
635788361 1588938
637377299 196608
637573907 24576
637598483 640
637599123 34
319186599 319186590
638373189 330359
638703548 24576
638728124 451
638728575 20
638373189 660718
639033907 114689
639148596 5120
639153716 640
639154356 19
319186599 320298705
639485304 925542
640410846 81920
640492766 14367
640507133 10
320556753 320544465
641101218 10240
641111458 192
641111650 12
641111662 3
321224246 320557203
641781449 196608
641978057 66560
642044617 320
642044937 48
642044985 3
642044988 1
641781449 562414
642343863 10240
642354103 1088
642355191 40
642355231 2
321597097 321597099
643194196 562414
643756610 3600
643760210 135
322424632 321597099
644021731 925542
644947273 81920
645029193 9216
645038409 451
645038860 29
645038889 2
323219101 323020243
646239344 24576
646263920 5120
646269040 768
646269808 192
646270000 3
323869994 323869995
647739989 20480
647760469 3600
647764069 144
647764213 10
324557504 324557505
649115009 395895
649510904 98304
649609208 12288
649621496 1536
649623032 159
325401012 324557505
649958517 794469
650752986 49152
650802138 1536
650803674 288
650803962 17
325620747 325620746
651241493 395895
651637388 81920
651719308 1152
651720460 1
326311570 325620747
651932317 395895
652328212 98304
652426516 3600
652430116 320
652430436 9
326311570 326707465
653019035 147456
653166491 12288
653178779 192
653178971 6
653019035 297591
653316626 18432
653335058 384
653335442 6
653335448 1
326720685 326805769
653526454 40960
653567414 2304
653569718 192
653569910 33
328032420 328229028
656261448 135168
656396616 3072
656399688 384
656400072 33
329047129 328285679
657332808 16640
657349448 9
657332808 660718
657993526 49152
658042678 8704
658051382 125
658051507 2
657993526 98304
658091830 14367
658106197 768
658106965 192
658107157 24
329088089 329047129
658135218 24576
658159794 640
658160434 48
658160482 5
329089865 329089817
658179682 537838
658717520 4160
658721680 12
658721692 1
330285684 329089865
659375549 163840
659539389 24576
659563965 6144
659570109 1152
659571261 40
659571301 6
659375549 660718
660036267 49152
660085419 1536
660086955 160
660087115 20
660087135 2
659375549 794469
660170018 12288
660182306 640
660182946 20
660182966 1
330285684 330583275
660868959 4224
660873183 96
660873279 8
660868959 270335
661139294 192
661139486 12
661139498 3
331822230 330610335
662432565 660718
663093283 49152
663142435 10240
663152675 320
663152995 48
663153043 3
663153046 1
331954929 331954926
663909855 163840
664073695 2560
664076255 320
664076575 8
333302887 332795697
666098584 546030
666644614 2560
666647174 192
666647366 9
333383994 333383995
666767989 40960
666808949 520
666809469 6
333698782 333383995
667082777 49152
667131929 14367
667146296 768
667147064 192
667147256 47
333818047 333818015
667636062 266871
667902933 113
667903046 3
333818047 335709078
669527125 49152
669576277 10240
669586517 1280
669587797 48
669587845 3
669587848 1
669527125 1190364
670717489 6144
670723633 1280
670724913 192
670725105 48
670725153 2
669527125 1588938
671116063 266239
671382302 192
671382494 3
669527125 2383407
671910532 49152
671959684 14367
671974051 640
671974691 66
336369796 335709078
672078874 395895
672474769 114689
672589458 2064
672591522 6
672591528 1
339687292 339523452
679210744 40960
679251704 3072
679254776 48
679254824 12
679254836 3
339688840 339688841
679377681 330359
679708040 49152
679757192 3600
679760792 384
679761176 5
341389291 341389290
682778581 196608
682975189 24576
682999765 6144
683005909 192
683006101 48
683006149 2
342995943 341389291
684385234 73728
684458962 2176
684461138 80
684461218 1
684385234 1124828
685510062 49152
685559214 6144
685565358 451
685565809 12
685565821 2
343192551 342995943
686188494 163840
686352334 20480
686372814 1280
686374094 113
686374207 8
343238531 344186307
687424838 395895
687820733 49152
687869885 6144
687876029 1152
687877181 6
687424838 660718
688085556 40960
688126516 768
688127284 160
688127444 11
344980776 344584881
689565657 16896
689582553 320
689582873 6
345014640 345014645
690029285 794469
690823754 24576
690848330 2560
690850890 192
690851082 33
690029285 1092060
691121345 14367
691135712 1280
691136992 192
691137184 48
691137232 11
690029285 2648230
692677515 66560
692744075 640
692744715 66
348359812 345014645
693374457 81920
693456377 5120
693461497 544
693462041 18
693374457 2648230
696022687 139264
696161951 4608
696166559 451
696167010 47
696022687 163840
696186527 20480
696207007 3072
696210079 451
696210530 40
696210570 3
693374457 3177876
696552333 139264
696691597 4608
696696205 192
696696397 48
696696445 3
696696448 1
350314683 350369945
700684628 196608
700881236 9216
700890452 192
700890644 23
350540475 350540473
701080948 196608
701277556 36864
701314420 1152
701315572 72
701315644 5
701080948 395895
701476843 16896
701493739 96
701493835 6
350540475 351013396
701553871 163840
701717711 24576
701742287 4608
701746895 384
701747279 32
351144903 351144868
702289771 5120
702294891 113
702295004 9
351523980 351409291
702933271 20480
702953751 80
702953831 10
351533004 351533037
703066041 114689
703180730 1280
703182010 192
703182202 48
703182250 3
703066041 595182
703661223 49152
703710375 5120
703715495 160
703715655 20
352387979 352387943
704775922 1588938
706364860 24576
706389436 3600
706393036 288
706393324 9
352387979 354153221
706541200 562414
707103614 10240
707113854 516
707114370 1
706541200 794469
707335669 81920
707417589 1152
707418741 48
707418789 6
706541200 925542
707466742 36864
707503606 1536
707505142 384
707505526 1
354395403 354395397
708790800 278527
709069327 768
709070095 136
709070231 2
356012173 356012172
712024345 273015
712297360 3600
712300960 319
712024345 1588938
713613283 114689
713727972 15903
713743875 320
356012173 358059055
714071228 196608
714267836 768
714268604 160
714268764 23
714071228 660718
714731946 114689
714846635 1536
714848171 320
714071228 1324115
715395343 16640
715411983 3
715411986 1
715395343 163840
715559183 24576
715583759 2304
715586063 136
715586199 3
715586202 1
714071228 1588938
715660166 196608
715856774 20480
715877254 2560
715879814 288
715880102 17
714071228 2118616
716189844 4352
716194196 160
716194356 6
716194362 1
358242775 358569639
716812414 268919
717081333 384
717081717 66
359357624 359132505
718490129 163840
718653969 18432
718672401 768
718673169 36
360054600 360054605
720109205 15903
720125108 384
720125492 19
720109205 660718
720769923 81920
720851843 9216
720861059 544
720861603 8
720769923 98304
720868227 12288
720880515 768
720881283 160
720881443 12
720881455 2
720109205 1124828
721234033 49152
721283185 6144
721289329 1152
721290481 80
362113038 360054605
722167643 20480
722188123 20
722167643 49152
722216795 1536
722218331 288
722218619 18
722167643 1588938
723756581 273015
724029596 3072
724032668 320
724032988 39
362473943 362708220
725182163 196608
725378771 6144
725384915 80
725384995 3
725384998 1
362732796 362732921
725465717 81920
725547637 10240
725557877 160
725558037 24
725558061 3
725558064 1
363111643 363111604
726223247 98304
726321551 4608
726326159 384
726326543 8
726223247 660718
726883965 65792
726949757 48
726949805 2
364231654 363111643
727343297 595182
727938479 24576
727963055 6144
727969199 1280
727970479 96
727970575 2
727343297 660718
728004015 114689
728118704 40
728118744 1
364275691 364275686
728551377 114689
728666066 10240
728676306 768
728677074 159
728551377 1059308
729610685 5120
729615805 544
729616349 29
729616378 1
728551377 1588938
730140315 163840
730304155 12288
730316443 1280
730317723 136
730317859 2
730140315 330359
730470674 49152
730519826 10240
730530066 1280
730531346 96
730531442 3
728551377 2648230
731199607 147456
731347063 5120
731352183 768
731352951 113
731353064 11
364275691 367086588
731362279 1324115
732686394 33792
732720186 640
732720826 12
732720838 3
731362279 1588938
732951217 330359
733281576 6144
733287720 576
733288296 29
733288325 2
732951217 395895
733347112 114689
733461801 640
733462441 20
733462461 2
731362279 2383407
733745686 163840
733909526 20480
733930006 3072
733933078 384
733933462 29
731362279 2648230
734010509 395895
734406404 4224
734410628 33
731362279 3177876
734540155 395895
734936050 98304
735034354 12288
735046642 1280
735047922 192
735048114 20
735048134 1
367086588 368012130
735098718 395895
735494613 10240
735504853 1280
735506133 12
735506145 2
368078045 368078035
736156080 660718
736816798 24576
736841374 4608
736845982 499
736846481 10
368078045 368835348
736913393 297591
737210984 6144
737217128 1152
737218280 80
737218360 11
736913393 595182
737508575 24576
737533151 5120
737538271 34
736913393 1588938
738502331 297591
738799922 15903
738815825 113
738815938 9
738502331 330359
738832690 24576
738857266 4352
738861618 160
738861778 5
370159463 368835348
738994811 147456
739142267 5120
739147387 768
739148155 192
739148347 12
739148359 2
738994811 1190364
740185175 1536
740186711 320
740187031 36
740187067 2
740185175 73728
740258903 6144
740265047 1536
740266583 451
740267034 40
740267074 3
371042708 370431317
741474025 163840
741637865 24576
741662441 6144
741668585 1280
741669865 192
741670057 48
741670105 2
371042708 371605122
742647830 330359
742978189 2304
742980493 80
742980573 6
371625815 371968250
743594065 69632
743663697 768
743664465 40
743664505 3
743664508 1
743594065 196608
743790673 40960
743831633 4608
743836241 136
743836377 2
372925610 372020575
744946185 1088
744947273 48
744946185 114689
745060874 3600
745064474 320
745064794 29
373031158 373031161
746062319 660718
746723037 69632
746792669 1280
746793949 144
746794093 10
374825288 373031161
747856449 794469
748650918 36864
748687782 1536
748689318 48
748689366 3
747856449 1588938
749445387 395895
749841282 40960
749882242 1536
749883778 516
749884294 1
375852469 376737868
752590337 794469
753384806 40960
753425766 2304
753428070 125
753384806 81920
753466726 160
753466886 20
753466906 1
752590337 1059308
753649645 12288
753661933 1152
753663085 24
753663109 2
377359493 377359482
754718975 1324115
756043090 69632
756112722 3600
756116322 451
379142597 379142595
758285192 196608
758481800 49152
758530952 5120
758536072 640
758536712 96
758536808 1
758285192 660718
758945910 98304
759044214 1536
759045750 451
759046201 12
758285192 1588938
759874130 163840
760037970 18432
760056402 288
760056690 24
760056714 3
758285192 3177876
761463068 395895
761858963 98304
761957267 9216
761966483 192
761966675 48
761966723 10
761463068 1324115
762787183 196608
762983791 49152
763032943 12288
763045231 544
763045775 18
384030138 379142597
763172735 595182
763767917 24576
763792493 1152
763793645 72
763172735 794469
763967204 81920
764049124 768
764049892 132
764050024 1
763172735 925542
764098277 81920
764180197 9216
764189413 384
764189797 20
763172735 3177876
766350611 330359
766680970 1280
766682250 160
766682410 5
766350611 660718
767011329 81920
767093249 8320
767101569 36
766350611 1588938
767939549 10240
767949789 1152
767950941 36
384119943 384119942
768239885 196608
768436493 49152
768485645 6144
768491789 144
768239885 297591
768537476 18432
768555908 1536
768557444 80
768557524 12
768557536 1
768239885 395895
768635780 73728
768709508 4608
768714116 260
768714376 1
768635780 98304
768734084 12288
768746372 192
768746564 39
385169207 385169201
770338408 20480
770358888 384
770359272 47
385169207 385302440
770471647 20480
770492127 1280
770493407 113
770493520 11
385305821 385994666
771300487 66560
771367047 40
771367087 6
386119489 386119483
772238972 196608
772435580 18432
772454012 768
772454780 48
772454828 12
772454840 1
772238972 395895
772634867 114689
772749556 6144
772755700 1536
772757236 80
772757316 9
387229571 387229552
774459123 33792
774492915 640
774493555 12
774493567 3
774493570 1
387769213 387769207
775538420 196608
775735028 49152
775784180 14367
775798547 113
775798660 11
775538420 395895
775934315 1536
775935851 192
775936043 12
775936055 2
388719796 387769213
776489009 297591
776786600 10240
776796840 1280
776798120 192
776798312 39
776489009 395895
776884904 98304
776983208 8704
776991912 144
776992056 9
776489009 595182
777084191 40960
777125151 6144
777131295 768
777132063 80
777132143 12
777132155 2
776489009 925542
777414551 114689
777529240 2560
777531800 80
777531880 11
776489009 1190364
777679373 98304
777777677 14367
777792044 768
777792812 3
776489009 1324115
777813124 196608
778009732 12288
778022020 768
778022788 160
778022948 5
388719796 389910160
778629956 925542
779555498 81920
779637418 12288
779649706 1536
779651242 288
779651530 6
779651536 1
389957456 389957473
779914929 1588938
781503867 330359
781834226 6144
781840370 1536
781841906 451
781842357 12
389957473 391910764
781868237 2184120
784052357 40960
784093317 576
784093893 48
784093941 10
781868237 2383407
784251644 69632
784321276 1536
784322812 288
784323100 11
781868237 2648230
784516467 49152
784565619 8448
784574067 144
784574211 8
784516467 330359
784846826 40960
784887786 129
391910764 393499702
785410466 34816
785445282 1280
785446562 136
785446698 1
785410466 1324115
786734581 139264
786873845 6144
786879989 451
786880440 29
393570983 393570870
787141853 395895
787537748 49152
787586900 6144
787593044 288
787593332 3
787141853 595182
787737035 49152
787786187 5120
787791307 192
787791499 48
787791547 3
787791550 1
395846531 393570983
789417514 297591
789715105 4608
789719713 18
789417514 2648230
792065744 81920
792147664 5120
792152784 29
395846531 397170646
793017177 660718
793677895 24576
793702471 6144
793708615 1280
793709895 192
793710087 40
397319407 397319406
794638813 147456
794786269 5120
794791389 511
794791900 1
794638813 395895
795034708 81920
795116628 8704
795125332 72
795125404 5
794638813 660718
795299531 114689
795414220 12288
795426508 1536
795428044 384
795428428 12
795428440 1
794638813 1588938
796227751 98304
796326055 6144
796332199 1536
796333735 96
397319407 399024407
796343814 395895
796739709 114689
796854398 6144
796860542 384
796860926 24
796860950 1
796343814 660718
797004532 9216
797013748 96
797013844 1
796343814 1588938
797932752 196608
798129360 40960
798170320 6144
798176464 1536
798178000 384
798178384 29
798178413 2
400686198 400686389
801372587 114689
801487276 6144
801493420 640
801494060 80
801494140 12
801494152 1
801372587 330359
801702946 14367
801717313 640
801717953 20
400686389 401196143
801882532 595182
802477714 49152
802526866 9216
802536082 544
802536626 20
802536646 1
401196143 401592038
802788181 327679
803115860 2176
803118036 40
803118076 3
401654001 401653998
803307999 18432
803326431 384
803326815 66
401957151 401990612
803947763 81920
804029683 4608
804034291 12
804034303 3
804034306 1
804029683 5120
804034803 640
804035443 12
804035455 2
402103331 402103333
804206664 196608
804403272 14367
804417639 768
804418407 8
402350595 402350587
804701182 147456
804848638 10240
804858878 384
804859262 1
804701182 163840
804865022 24576
804889598 2560
804892158 320
804892478 11
804701182 196608
804897790 16896
804914686 272
804914958 5
402350595 403569325
805919920 925542
806845462 24576
806870038 3600
806873638 384
806874022 5
403967008 403967009
807934017 1190364
809124381 73728
809198109 1536
809199645 272
809199917 8
405687941 403967009
809654950 395895
810050845 40960
810091805 3600
810095405 136
810095541 3
810095544 1
809654950 925542
810580492 114689
810695181 6144
810701325 1280
810702605 72
810702677 6
406211619 405734047
811945666 297591
812243257 18432
812261689 451
812262140 39
406297859 406297869
812595728 196608
812792336 40960
812833296 5120
812838416 768
812839184 72
812839256 3
812595728 395895
812991623 81920
813073543 14367
813087910 1055
407245217 409304061
816549278 1092060
817641338 18432
817659770 451
817660221 20
816549278 1588938
818138216 147456
818285672 8704
818294376 36
818294412 1
818138216 395895
818534111 6144
818540255 1280
818541535 34
409385981 409398269
818784250 196608
818980858 49152
819030010 12288
819042298 1152
819043450 1
818784250 297591
819081841 14367
819096208 768
819096976 12
819096988 1
818784250 595182
819379432 40960
819420392 520
819420912 3
410513984 410514003
821027987 1124828
822152815 1536
822154351 499
822154850 11
411736879 411736878
823473757 1190364
824664121 36864
824700985 1056
824702041 12
824702053 2
411736879 413138376
824875255 925542
825800797 49152
825849949 520
825850469 6
824875255 1588938
826464193 281087
826745280 68
826745348 1
824875255 2383407
827258662 81920
827340582 12288
827352870 384
827353254 48
827353302 11
413138376 414462491
827600867 297591
827898458 16896
827915354 320
827915674 9
414541115 414541135
829082250 595182
829677432 10240
829687672 1056
829688728 12
829688740 1
829082250 660718
829742968 14367
829757335 1152
829758487 8
416688413 414541135
831229548 14367
831243915 384
831244299 2
831229548 297591
831527139 10240
831537379 1536
831538915 288
831539203 2
831229548 1324115
832553663 114689
832668352 2560
832670912 384
832671296 39
416917437 416917277
833834714 20
833834734 1
418059329 418059328
836118657 529654
836648311 3072
836651383 192
836651575 3
836651578 1
836118657 794469
836913126 65792
836978918 160
836979078 11
418059329 422625017
840684346 2383407
843067753 81920
843149673 8704
843158377 320
843158697 8
840684346 2648230
843332576 114689
843447265 6144
843453409 640
843454049 80
843454129 6
843332576 163840
843496416 12288
843508704 1152
843509856 48
843509904 1
843496416 24576
843520992 1536
843522528 9
843332576 395895
843728471 49152
843777623 10240
843787863 1152
843789015 68
840684346 3177876
843862222 395895
844258117 114689
844372806 33
843862222 529654
844391876 576
844392452 17
843862222 1190364
845052586 20480
845073066 2560
845075626 499
845076125 8
425518122 424450619
849968741 10240
849978981 576
849979557 48
849979605 8
426178840 425518122
851696962 595182
852292144 24576
852316720 6144
852322864 640
852323504 47
426221172 426221173
852442345 330359
852772704 20480
852793184 2560
852795744 96
852795840 11
426842237 426221173
853063410 73728
853137138 2080
853139218 5
427620026 427620027
855240053 139264
855379317 576
855379893 20
855379317 1280
855380597 160
855380757 24
855380781 3
855380784 1
855240053 196608
855436661 24576
855461237 6144
855467381 1088
855468469 48
428351748 428388612
856740360 5120
856745480 768
856746248 29
856746277 2
428507241 429831356
858338597 81920
858420517 8704
858429221 320
858429541 48
858429589 2
858338597 1124828
859463425 18432
859481857 1280
859483137 160
859483297 24
859483321 3
859483324 1
429881617 429881616
859763233 81920
859845153 6144
859851297 96
859851393 12
859763233 660718
860423951 73728
860497679 3600
860501279 34
430756897 429881617
860638514 24576
860663090 6144
860669234 72
860669306 1
860638514 562414
861200928 14367
861215295 640
861215935 48
861215983 12
861215995 3
861215998 1
430890648 430813403
861704051 73728
861777779 1280
861779059 192
861779251 48
861779299 12
430937827 430937824
861875651 395895
862271546 10240
862281786 499
862282285 8
431531400 430937827
862469227 562414
863031641 4352
863035993 72
863036065 3
863036068 1
432069238 431582867
863652105 297591
863949696 16512
863966208 113
863966321 10
434179630 432759581
866939211 281207
867220418 6144
867226562 1536
867228098 160
867228258 24
867228282 1
435360896 434275115
869636011 163840
869799851 6144
869805995 384
869806379 12
869806391 2
869636011 395895
870031906 34816
870066722 1536
870068258 160
870068418 5
869636011 925542
870561553 114689
870676242 160
870676402 20
870676422 1
870676242 10240
870686482 768
870687250 72
870687322 5
435846980 436010820
871857800 133120
871990920 768
871991688 160
871991848 3
437537436 437090087
874627523 24576
874652099 5120
874657219 576
874657795 12
874657807 2
874627523 281207
874908730 1536
874910266 384
874910650 1
874627523 327679
874955202 2304
874957506 40
874957546 5
437537436 437734044
875271480 24576
875296056 3600
875299656 192
875299848 24
875299872 3
437977690 437977803
875955493 925542
876881035 98304
876979339 6144
876985483 768
876986251 18
439242127 437977803
877219930 529654
877749584 3600
877753184 96
877753280 11
877219930 562414
877782344 20480
877802824 2112
877804936 48
877804984 1
877219930 1324115
878544045 196608
878740653 49152
878789805 14367
878804172 320
878804492 9
439242127 439902845
879144972 15903
879160875 24
879144972 196608
879341580 49152
879390732 12288
879403020 768
879403788 29
879403817 2
440354812 439919271
880274083 24576
880298659 6144
880304803 1152
880305955 40
880305995 3
880305998 1
441479640 440354812
881834452 794469
882628921 98304
882727225 3072
882730297 132
441507039 441506776
883013815 546030
883559845 10240
883570085 640
883570725 20
442549882 441507039
884056921 14367
884071288 640
884071928 80
884072008 3
884056921 562414
884619335 14367
884633702 1280
884634982 20
884635002 1
884056921 925542
884982463 98304
885080767 12288
885093055 640
885093695 12
884056921 1588938
885645859 395895
886041754 36864
886078618 1536
886080154 33
886041754 81920
886123674 160
886123834 19
884056921 2184120
886241041 36864
886277905 2304
886280209 48
886280257 12
886280269 2
444138820 442549882
886688702 395895
887084597 24576
887109173 4352
887113525 144
887113669 2
445955476 444389863
890345339 10240
890355579 451
890356030 11
446629131 446629122
893258253 278527
893536780 1536
893538316 320
893538636 29
893258253 595182
893853435 36864
893890299 1536
893891835 384
893892219 6
893258253 1324115
894582368 196608
894778976 8320
894787296 9
448687633 448769553
897457186 69632
897526818 2304
897529122 12
897529134 3
449430271 449348351
898778622 73728
898852350 6144
898858494 1088
898859582 33
449430715 449430717
898861432 660718
899522150 81920
899604070 9216
899613286 768
899614054 48
899614102 12
899614114 1
898861432 2383407
901244839 114689
901359528 10240
901369768 768
901370536 192
901370728 48
901370776 6
901370782 1
901244839 196608
901441447 20480
901461927 451
901462378 12
901462390 3
449430717 452345326
901776043 196608
901972651 2112
901974763 40
901776043 330359
902106402 40960
902147362 2304
902149666 144
902149810 3
901776043 2648230
904424273 3072
904427345 384
452632347 452632341
905264688 395895
905660583 98304
905758887 6144
905765031 192
905765223 48
905765271 10
453429277 452632347
906061624 196608
906258232 49152
906307384 9216
906316600 768
906317368 96
906317464 9
906061624 794469
906856093 3072
453802132 453802403
907604535 163840
907768375 14367
907782742 451
907783193 40
907783233 6
907604535 660718
908265253 49152
908314405 320
908314725 12
908314737 3
908314740 1
455298609 453802403
909101012 1324115
910425127 114689
910539816 6144
910545960 1280
910547240 68
910547308 1
455328469 455328468
910656937 297591
910954528 3600
910958128 160
910958288 19
910656937 395895
911052832 133120
911185952 143
455985820 455985821
911971641 1324115
913295756 49152
913344908 14367
913359275 1280
913360555 48
913360603 6
913295756 196608
913492364 20480
913512844 768
913513612 5
458370868 457576399
915947267 562414
916509681 6144
916515825 320
916516145 18
458732123 459756326
918488449 794469
919282918 81920
919364838 8448
919373286 144
919373430 5
460917735 460917745
921835480 196608
922032088 20480
922052568 3600
922056168 192
922056360 12
922056372 3
921835480 794469
922629949 40960
922670909 2560
922673469 499
922673968 3
921835480 1588938
923424418 330359
923754777 12288
923767065 640
923767705 20
460917745 463254676
924172421 1075676
925248097 768
925248865 36
925248901 2
924172421 1124828
925297249 49152
925346401 5120
925351521 768
925352289 192
925352481 6
924172421 1324115
925496536 73728
925570264 1152
925571416 65
925496536 114689
925611225 8704
925619929 288
925620217 12
463254676 464445040
927699716 281207
927980923 3600
927984523 499
927985022 9
465619021 465504332
931123353 40960
931164313 2304
931166617 192
931166809 36
465619653 465899086
931518739 196608
931715347 10240
931725587 1536
931727123 3
931727126 1
466237252 465982013
932219265 147456
932366721 2560
932369281 160
932369441 29
932369470 1
466640715 466640725
933281440 1190364
934471804 69632
934541436 1536
934542972 192
934543164 23
933281440 1324115
934605555 69632
934675187 2560
934677747 320
934678067 48
934678115 12
933281440 1588938
934870378 395895
935266273 24576
935290849 1280
935292129 72
935292201 3
935292204 1
933281440 2249656
935531096 67584
935598680 1040
935599720 6
935599726 1
935531096 98304
935629400 12288
935641688 451
935642139 36
933281440 2383407
935664847 196608
935861455 33792
935895247 640
935895887 40
935895927 2
469565314 466640725
936206039 273015
936479054 3072
936482126 96
936482222 5
936206039 330359
936536398 20480
936556878 544
936557422 29
936206039 1190364
937396403 73728
937470131 1088
937471219 48
937471267 10
936206039 1324115
937530154 133120
937663274 576
937663850 12
937663862 3
937530154 135168
937665322 1536
937666858 451
937667309 12
937667321 3
937667324 1
936206039 2118616
938324655 49152
938373807 12288
938386095 576
938386671 40
938386711 6
936206039 2383407
938589446 196608
938786054 18432
938804486 264
938804750 1
470075761 471070896
941146657 273015
941419672 320
941419992 36
941420028 1
941146657 925542
942072199 98304
942170503 14367
942184870 1152
942186022 12
942186034 3
471731614 471193323
942924937 98304
943023241 8704
943031945 288
943032233 18
942924937 395895
943320832 81920
943402752 2304
943405056 48
943405104 3
471804333 471804330
943608663 14367
943623030 288
943623318 29
472133845 472133844
944267689 1124828
945392517 24576
945417093 3600
945420693 192
945420885 24
945420909 2
473424753 472133845
945558598 660718
946219316 40960
946260276 4352
946264628 192
946264820 5
945558598 925542
946484140 6144
946490284 1056
946491340 19
473424753 474219222
947643975 16896
947660871 451
947661322 33
474311653 474311382
948623035 297591
948920626 1536
948922162 191
475013691 475286706
950300397 24576
950324973 4352
950329325 192
950329517 40
950329557 3
950329560 1
950300397 196608
950497005 66048
950563053 192
950563245 20
950563265 2
475288813 475288810
950577623 6144
950583767 1056
950584823 8
950577623 98304
950675927 10240
950686167 768
950686935 24
475288813 476602629
951891442 24576
951916018 6144
951922162 1152
951923314 48
951923362 11
951891442 81920
951973362 12288
951985650 1152
951986802 35
951891442 395895
952287337 114689
952402026 1280
952403306 144
952403450 9
476602629 476750085
953352714 18432
953371146 1536
953372682 160
953372842 1
476892869 476761617
953654486 98304
953752790 5120
953757910 144
953758054 9
477282647 477282644
954565291 147456
954712747 12288
954725035 640
954725675 12
954725687 2
477651891 477658035
955309926 6144
955316070 144
955316214 12
955316226 1
477658439 477658419
955316858 196608
955513466 49152
955562618 3072
955565690 272
955565962 9
955316858 395895
955712753 114689
955827442 4224
955831666 80
955831746 11
955316858 2648230
957965088 20480
957985568 2176
957987744 12
957987756 1
955316858 3177876
958494734 595182
959089916 49152
959139068 4608
959143676 144
959143820 6
959143826 1
482009016 477658439
959667455 196608
959864063 1536
959865599 96
959667455 281207
959948662 4224
959952886 72
959952958 3
959667455 1588938
961256393 163840
961420233 24576
961444809 6144
961450953 320
961451273 20
959667455 3177876
962845331 12288
962857619 66
962845331 660718
963506049 5120
963511169 20
482461397 482461395
964922792 395895
965318687 73728
965392415 96
965392511 12
965392523 3
965392526 1
964922792 925542
965848334 114689
965963023 8704
965971727 40
965971767 2
964922792 1075676
965998468 12288
966010756 640
966011396 48
966011444 12
966011456 1
964922792 1324115
966246907 163840
966410747 3600
966414347 384
966414731 40
966414771 3
966414774 1
964922792 2118616
967041408 20480
967061888 1088
967062976 5
964922792 2383407
967306199 131088
485482817 482461397
967944214 1324115
969268329 196608
969464937 49152
969514089 10240
969524329 1088
969525417 8
967944214 2648230
970592444 281207
970873651 10240
970883891 640
970884531 48
970884579 12
970884591 3
970884594 1
970592444 395895
970988339 20480
971008819 113
971008932 9
967944214 3177876
971122090 330359
971452449 4224
971456673 10
486182161 486182127
972364288 196608
972560896 49152
972610048 1536
972611584 520
972612104 1
972610048 14367
972624415 272
972624687 12
972624699 2
487071755 486631223
973702978 98304
973801282 1536
973802818 384
973803202 40
973803242 1
973702978 114689
973817667 9216
973826883 113
973826996 5
487714692 489038807
976753499 49152
976802651 3600
976806251 384
976806635 24
976753499 393215
977146714 160
977146874 5
976753499 1124828
977878327 14367
977892694 272
977892966 3
489785045 489785125
979570170 49152
979619322 12288
979631610 1280
979632890 9
979570170 925542
980495712 81920
980577632 10240
980587872 1152
980589024 39
491136930 489785125
980922055 1092060
982014115 6144
982020259 640
982020899 80
982020979 6
980922055 1588938
982510993 114689
982625682 15903
982641585 384
982641969 34
491699344 491136930
982836274 24576
982860850 3072
982863922 160
982864082 29
491706669 491706671
983413340 595182
984008522 10240
984018762 320
984019082 48
984019130 1
983413340 660718
984074058 114689
984188747 520
984189267 3
984189270 1
983413340 1190364
984603704 40960
984644664 6144
984650808 1536
984652344 451
984652795 36
983413340 1324115
984737455 98304
984835759 9216
984844975 288
984845263 24
984845287 3
984845290 1
493173457 491706671
984880128 660718
985540846 114689
985655535 10240
985665775 192
985665967 24
985665991 3
985665994 1
493357390 493357391
986714781 196608
986911389 17408
986928797 288
986929085 6
493709197 493709186
987418383 1588938
989007321 135168
989142489 768
989143257 192
989143449 48
989143497 12
495748698 493709197
989457895 20480
989478375 528
989478903 6
989457895 925542
990383437 17408
990400845 544
990401389 24
989457895 1588938
991046833 330359
991377192 16640
991393832 160
991393992 17
989457895 2249656
991707551 81920
991789471 10240
991799711 768
991800479 29
991800508 1
496409416 495748698
992158114 196608
992354722 40960
992395682 5120
992400802 768
992401570 24
992401594 3
497092875 497092873
994185748 81920
994267668 4608
994272276 160
994272436 12
994272448 1
994185748 147456
994333204 6144
994339348 1152
994340500 113
994340613 2
498484492 499145210
997629702 562414
998192116 24576
998216692 3600
998220292 272
998220564 12
998220576 1
499168911 500168361
999337272 281207
999618479 1280
999619759 96
999619855 12
999619867 3
999619870 1
