5751
1 1
2 1
3 2
5 1
3 5
8 1
8 2
5 6
11 1
8 9
17 1
10 9
19 1
12 11
23 1
12 17
29 3
32 1
29 5
18 17
35 1
20 19
39 1
24 23
47 1
32 33
65 1
34 33
67 1
36 35
71 1
40 39
79 1
48 47
95 1
48 65
113 12
125 3
128 1
113 17
65 66
131 1
67 68
135 1
71 72
143 1
79 80
159 1
95 96
191 1
128 129
257 1
130 129
259 1
132 131
263 1
136 135
271 1
144 143
287 1
160 159
319 1
192 191
383 1
258 257
515 1
260 259
519 1
264 263
527 1
272 271
543 1
288 287
575 1
320 319
639 1
384 383
767 1
384 515
899 125
1024 2
515 516
1031 1
519 520
1039 1
527 528
1055 1
543 544
1087 1
575 576
1151 1
639 640
1279 1
767 768
1535 1
1032 1031
2063 1
1040 1039
2079 1
1056 1055
2111 1
1088 1087
2175 1
1152 1151
2303 1
1280 1279
2559 1
1536 1535
3071 1
2080 2079
4159 1
2112 2111
4223 1
2176 2175
4351 1
2304 2303
4607 1
2560 2559
5119 1
3072 3071
6143 1
3072 4159
7231 899
8130 48
8178 12
8190 3
4159 4160
8319 1
4223 4224
8447 1
4351 4352
8703 1
4607 4608
9215 1
5119 5120
10239 1
6143 6144
12287 1
8193 8190
16383 2
8193 8319
8319 8320
16639 1
8447 8448
16895 1
8703 8704
17407 1
9215 9216
18431 1
10239 10240
20479 1
12287 12288
24575 1
16383 16385
32768 1
32768 2
16385 16512
32897 125
33022 2
16640 16639
33279 1
16896 16895
33791 1
17408 17407
34815 1
18432 18431
36863 1
20480 20479
40959 1
24576 24575
49151 1
32769 32768
65537 1
32769 32770
65539 1
33024 33022
66046 2
33280 33279
66559 1
33792 33791
67583 1
34816 34815
69631 1
36864 36863
73727 1
40960 40959
81919 1
49152 49151
98303 1
49152 65537
114689 16383
131072 1
114689 16385
65538 65537
131075 1
65540 65539
131079 113
131192 8
131079 384
131463 113
131576 8
66560 66559
133119 1
67584 67583
135167 1
69632 69631
139263 1
73728 73727
147455 1
81920 81919
163839 1
98304 98303
196607 1
131072 131073
262145 1
131074 131073
262147 1
131076 131075
262151 1
131076 131079
262155 20
262175 1
131200 131192
262392 264
131576 131584
263160 1032
133119 133120
266239 1
135167 135168
270335 1
139263 139264
278527 1
147455 147456
294911 1
163839 163840
327679 1
196607 196608
393215 1
262145 196608
458753 49152
507905 16383
524288 1
458753 65537
262146 262145
524291 1
262148 262147
524295 1
263160 262656
525816 520
263160 264192
527352 1032
266239 266240
532479 1
270335 270336
540671 1
278527 278528
557055 1
294911 294912
589823 1
327679 327680
655359 1
393215 393216
786431 1
528384 527352
1055736 1032
540672 540671
1081343 8193
540672 557055
1097727 2304
1100031 48
1100079 3
1100082 1
1100079 5
1100079 6
1100079 8
1100079 12
1097727 10240
1107967 288
1108255 20
557056 557055
1114111 2304
1116415 48
1116463 3
1116466 1
1114111 18432
1132543 288
1132831 20
557056 589823
1146879 18432
1165311 288
1165599 20
589824 589823
1179647 49152
1228799 2304
1231103 48
1231151 3
1231154 1
655360 655359
1310719 49152
1359871 2304
1362175 48
1362223 3
1362226 1
786432 786431
1572863 49152
1622015 2304
1624319 48
1624367 3
1624370 1
1100082 1100083
2200165 1
1100084 1100083
1116467 1116466
1132851 1132831
2265682 19
1165619 1165599
2331218 19
1165619 1179647
2345266 40960
2386226 1536
2387762 160
2387922 18
1231154 1231155
2462309 1
2462309 49152
2511461 16383
2527844 1
1231155 1310719
2541874 49152
2591026 10240
2601266 288
2601554 19
2541874 98304
2640178 7231
2647409 384
2647793 65
2647793 66
2647793 67
2647793 68
2647861 1
2647793 72
2647865 1
1362226 1362227
2724453 49152
2773605 5120
2778725 192
2778917 12
2778929 1
2724453 163840
2888293 20480
2908773 1152
2909925 72
2909997 5
1362227 1572863
2935090 196608
3131698 36864
3168562 3072
3171634 384
3172018 128
1624371 1624370
3248741 458753
3707494 36864
3744358 3072
3747430 384
3747814 125
3747939 2
2200167 2232933
4433100 9216
4442316 384
4442700 80
4442780 11
2640178 2601573
5241751 24576
5266327 2560
5268887 288
5269175 12
5269187 3
5269190 1
2778930 2888293
5667223 49152
5716375 12288
5728663 3072
5731735 768
5732503 96
3248741 3707494
6956235 196608
7152843 49152
7201995 7231
7209226 768
7209994 36
7210030 2
3747939 3747941
7495880 81920
7577800 12288
7590088 3072
7593160 384
7593544 8
5269190 5269191
10538381 327680
10866061 33792
10899853 640
10900493 48
10900541 2
5667223 5269191
10936414 163840
11100254 899
11101153 96
11101249 12
11101261 2
5732503 5732599
11465102 278528
11743630 12288
11755918 2304
11758222 96
11758318 3
11465102 524296
11989398 1280
11990678 96
5732599 6956235
12688834 589824
13278658 10240
13288898 288
13289186 5
6956235 7152843
14109078 114689
14223767 5120
14228887 640
14229527 80
14229607 12
14229619 2
7593544 7593552
15187096 49152
15236248 12288
15248536 40
15248576 3
15187096 655360
15842456 114689
15957145 12288
15969433 3072
15972505 320
15972825 19
15187096 786432
15973528 196608
16170136 20480
16190616 3072
16193688 288
16193976 12
16193988 3
15187096 1231155
16418251 49152
16467403 2560
16469963 160
16470123 17
16418251 73728
16491979 1536
16493515 320
16493835 48
16493883 6
15187096 1624371
16811467 163840
16975307 10240
16985547 1536
16987083 384
16987467 72
10538381 7593552
18131933 270336
18402269 136
18402405 5
18131933 507905
18639838 12288
18652126 1056
18653182 18
11101261 11101263
22202524 294912
22497436 6144
22503580 640
22504220 12
22504232 1
11465102 11743630
23208732 9216
23217948 384
23218332 96
23218428 6
23218434 1
11990774 11990678
23981452 540672
24522124 12288
24534412 3072
24537484 544
24538028 12
24538040 2
12688834 11990774
24679608 786432
25466040 98304
25564344 10240
25574584 640
25575224 96
25575320 12
25575332 3
25575335 1
13278658 12688834
25967492 294912
26262404 10240
26272644 899
26273543 113
26273656 10
13289186 13289191
26578377 589824
27168201 18432
27186633 1280
27187913 160
27188073 24
27188097 2
13289191 14109078
27398269 40960
27439229 7231
27446460 640
27447100 96
27447196 10
27398269 327680
27725949 8448
27734397 40
27734437 6
27398269 655360
28053629 49152
28102781 6144
28108925 899
28109824 3
14229621 15187096
29416717 196608
29613325 49152
29662477 12288
29674765 1536
29676301 384
29676685 96
29676781 10
29416717 507905
29924622 12288
29936910 1280
29938190 192
29938382 18
29416717 589824
30006541 40960
30047501 5120
30052621 768
30053389 36
16987539 16987467
33975006 393216
34368222 12288
34380510 899
34381409 113
34381522 11
16987539 18131933
35119472 655360
35774832 33792
35808624 96
35808720 11
18653182 18653200
37306382 786432
38092814 73728
38166542 3072
38169614 384
38169998 40
38170038 2
37306382 1231155
38537537 40960
38578497 7231
38585728 768
38586496 24
38586520 2
37306382 1624371
38930753 393216
39323969 40960
39364929 6144
39371073 640
39371713 96
39371809 6
22202524 18653200
40855724 98304
40954028 6144
40960172 544
40960716 24
40960740 3
40960743 1
40855724 786432
41642156 98304
41740460 2304
41742764 192
40855724 1624371
42480095 532480
43012575 576
43013151 48
43013199 6
43013205 1
40855724 2935090
43790814 163840
43954654 16640
43971294 48
43971342 2
23208732 22504233
45712965 163840
45876805 9216
45886021 320
45886341 40
23218435 23218434
46436869 655360
47092229 98304
47190533 7231
47197764 528
47198292 10
23218435 23981452
47199887 393216
47593103 49152
47642255 5120
47647375 899
47648274 96
47648370 3
24538042 24679608
49217650 532480
49750130 7231
49757361 640
49758001 2
49217650 655360
49873010 98304
49971314 9216
49980530 384
49980914 24
25466040 24679608
50145648 163840
50309488 24576
50334064 5120
50339184 131
25575336 25967492
51542828 81920
51624748 7231
51631979 258
26273666 26273656
52547322 163840
52711162 12288
52723450 80
52723530 12
52723542 1
26273666 26578377
52852043 589824
53441867 12288
53454155 3072
53457227 640
53457867 24
53457891 3
26578377 27168201
53746578 2176
53748754 113
53748867 10
27188099 27398269
54586368 163840
54750208 12288
54762496 3072
54765568 576
54766144 35
27734443 28053629
55788072 20480
55808552 132
55808684 2
28109824 28109827
56219651 786432
57006083 12288
57018371 3072
57021443 192
57021635 20
57021655 2
28109827 29416717
57526544 40960
57567504 6144
57573648 192
57573840 34
57573648 288
57573936 12
57573948 3
57526544 786432
58312976 196608
58509584 8448
58518032 96
58518128 1
57526544 1056768
58583312 8704
58592016 96
58592112 12
58592124 3
58592127 1
29938400 30006541
59944941 73728
60018669 2080
60020749 20
60020769 1
30053425 30053389
60106814 196608
60303422 18432
60321854 576
60322430 29
60322459 1
60106814 1624371
61731185 532480
62263665 2560
62266225 192
62266417 18
33975006 30053425
64028431 49152
64077583 9216
64086799 288
64087087 23
64028431 270336
64298767 6144
64304911 768
64305679 12
64028431 1231155
65259586 49152
65308738 12288
65321026 2560
65323586 144
65323730 6
65323736 1
64028431 2541874
66570305 6144
66576449 136
66576585 2
64028431 2935090
66963521 49152
67012673 10240
67022913 384
67023297 48
67023345 12
67023357 2
66963521 73728
67037249 6144
67043393 48
67043441 1
34368222 33975006
68343228 163840
68507068 24576
68531644 3072
68534716 576
68535292 48
68535340 12
34381522 34381533
68763055 196608
68959663 12288
68971951 2304
68974255 96
68974351 5
35119472 34381533
69501005 589824
70090829 49152
70139981 12288
70152269 3072
70155341 384
70155725 3
70155728 1
35119472 35774832
70894304 196608
71090912 36864
71127776 384
71128160 40
71128200 1
70894304 458753
71353057 16896
71369953 160
71370113 12
71370125 1
35808720 35808731
71617451 1089536
72706987 5120
72712107 768
72712875 66
71617451 1362227
72979678 81920
73061598 8704
73070302 384
73070686 80
73070766 10
35808731 37306382
73115113 1624371
74739484 163840
74903324 10240
74913564 1536
74915100 72
74915172 1
37306382 38092814
75399196 133120
75532316 384
75532700 35
75399196 655360
76054556 73728
76128284 5120
76133404 768
76134172 48
76134220 11
38166542 38092814
76259356 12288
76271644 2560
76274204 384
76274588 29
76274617 2
38170040 38170038
76340078 196608
76536686 24576
76561262 7231
76568493 640
76569133 96
76569229 10
38930753 39323969
78254722 49152
78303874 10240
78314114 1152
78315266 3
78254722 196608
78451330 17408
78468738 384
78469122 24
78469146 3
78469149 1
78451330 40960
78492290 5120
78497410 544
78497954 3
78497957 1
39371815 39371809
78743624 98304
78841928 5120
78847048 36
78847084 2
78743624 655360
79398984 49152
79448136 5120
79453256 768
79454024 80
79454104 1
78743624 786432
79530056 81920
79611976 1088
79613064 24
79613088 3
79530056 147456
79677512 7231
79684743 320
79685063 48
79685111 1
40960744 40960743
81921487 278528
82200015 1152
82201167 48
82201215 3
82201218 1
41742956 41742764
83485720 393216
83878936 9216
83888152 48
83888200 3
83878936 24576
83903512 1536
83905048 320
83905368 48
83905416 11
41742956 42480095
84223051 786432
85009483 49152
85058635 1536
85060171 160
85060331 29
85060360 1
42480095 43012575
85492670 114689
85607359 8320
85615679 5
43013205 43013206
86026411 589824
86616235 20480
86636715 2560
86639275 160
86639435 12
86639447 3
43971342 43971344
87942686 393216
88335902 24576
88360478 3072
88363550 288
88363838 12
88363850 3
88363853 1
45712965 43971344
89684309 589824
90274133 36864
90310997 3072
90314069 136
90314205 5
89684309 655360
90339669 114689
90454358 6144
90460502 768
90461270 3
90461273 1
45886381 46436869
92323250 393216
92716466 49152
92765618 12288
92777906 2176
92780082 40
92780122 2
46436869 47092229
93529098 589824
94118922 16896
94135818 160
94135978 24
49217650 47648373
96866023 655360
97521383 49152
97570535 12288
97582823 1536
97584359 384
97584743 19
96866023 1097727
97963750 1536
97965286 272
97965558 5
96866023 1624371
98490394 114689
98605083 2560
98607643 192
98607835 9
98490394 147456
98637850 6144
98643994 576
98644570 36
50339315 51542828
101882143 20480
101902623 1536
101904159 5
101882143 1231155
103113298 24576
103137874 5120
103142994 576
103143570 40
103143610 5
53746578 53457894
107204472 3072
107207544 640
107208184 20
54586368 53748877
108335245 40960
108376205 1280
108377485 192
108377677 12
108377689 2
54586368 54750208
109336576 36864
109373440 2560
109376000 288
109376288 2
54766179 55788072
110554251 327680
110881931 12288
110894219 384
110894603 80
110894683 1
55808686 56219651
112028337 40960
112069297 4608
112073905 320
112074225 20
112074245 2
57526544 57567504
115094048 20480
115114528 2560
115117088 3
57573948 57573951
115147899 655360
115803259 40960
115844219 3072
115847291 768
115848059 113
115848172 5
57573951 58312976
115886927 327680
116214607 6
116214607 49152
116263759 6144
116269903 132
115886927 655360
116542287 81920
116624207 12288
116636495 320
116636815 48
116636863 12
58592127 58592128
117184255 393216
117577471 16896
117594367 384
117594751 72
117594823 5
117577471 49152
117626623 10240
117636863 1536
117638399 132
117638531 2
117184255 655360
117839615 67584
117907199 384
117907583 80
117907663 2
59944941 58592128
118537069 163840
118700909 12288
118713197 384
118713581 20
60106814 60303422
120410236 73728
120483964 768
120484732 18
61731185 60322460
122053645 786432
122840077 196608
123036685 20480
123057165 1055
122053645 1624371
123678016 9216
123687232 48
123687280 1
64028431 62266435
126294866 294912
126589778 24576
126614354 3072
126617426 272
126617698 11
126294866 786432
127081298 163840
127245138 12288
127257426 640
127258066 80
127258146 3
127081298 196608
127277906 12288
127290194 2560
127292754 36
127292790 1
127277906 17408
127295314 899
127296213 12
65323586 65321026
130644612 1152
130645764 72
130645836 3
130645839 1
65323737 65323736
130647473 589824
131237297 49152
131286449 10240
131296689 1536
131298225 272
131298497 1
130647473 786432
131433905 114689
131548594 12288
131560882 1280
131562162 144
131562306 11
66576585 66576587
133153172 98304
133251476 12288
133263764 3072
133266836 899
133267735 80
133267815 12
133267827 1
67043442 67043441
134086883 40960
134127843 3072
134130915 384
134131299 128
134086883 589824
134676707 49152
134725859 1536
134727395 80
134727475 9
134086883 1165619
135252502 10240
135262742 1536
135264278 159
134086883 1231155
135318038 36864
135354902 2560
135357462 288
135357750 24
135357774 2
67043442 68343228
135386670 163840
135550510 2176
135552686 47
135386670 1089536
136476206 4352
136480558 6
136480564 1
68763055 68535352
137298407 12288
137310695 3072
137313767 899
137314666 113
137314779 3
137314782 1
137298407 98304
137396711 1280
137397991 96
137398087 1
68974356 68974351
137948707 36864
137985571 2560
137988131 192
137988323 48
137988371 1
70155729 70894304
141050033 24576
141074609 160
141074769 2
71617451 71370126
142987577 139264
143126841 899
143127740 96
143127836 6
143127842 1
142987577 458753
143446330 20480
143466810 768
143467578 96
143467674 5
72706987 71617451
144324438 81920
144406358 12288
144418646 2560
144421206 143
144324438 163840
144488278 4352
144492630 192
144492822 40
144492862 3
144492865 1
144324438 196608
144521046 20480
144541526 79
144324438 557056
144881494 20480
144901974 1152
144903126 48
144324438 1081343
145405781 4224
145410005 96
145410101 11
73115113 73070776
146185889 786432
146972321 114689
147087010 12288
147099298 160
147099458 23
146185889 1624371
147810260 24576
147834836 7231
147842067 384
147842451 113
147842564 9
73115113 74739484
147854597 196608
148051205 24576
148075781 1536
148077317 520
148077837 6
147854597 393216
148247813 40960
148288773 2304
148291077 131
147854597 458753
148313350 5120
148318470 576
148319046 10
147854597 1310719
149165316 12288
149177604 160
149177764 12
149177776 2
74915172 74915173
149830345 24576
149854921 7231
149862152 768
149862920 29
149862949 2
76569239 76569229
153138468 655360
153793828 24576
153818404 2080
153820484 29
153820513 1
153138468 786432
153924900 98304
154023204 192
154023396 48
154023444 6
153138468 1362227
154500695 98304
154598999 10240
154609239 1536
154610775 264
76569239 78254722
154823961 1362227
156186188 6144
156192332 79
156186188 81920
156268108 9216
156277324 768
156278092 18
78451330 78315269
156766599 40960
156807559 192
156807751 29
156807780 2
156766599 139264
156905863 320
156906183 24
156906207 2
79685112 79685111
159370223 458753
159828976 20480
159849456 2064
159851520 5
159370223 589824
159960047 40960
160001007 7231
160008238 640
160008878 80
160008958 5
159370223 1362227
160732450 114689
160847139 12288
160859427 3072
160862499 384
160862883 80
160862963 6
160862969 1
159370223 1624371
160994594 196608
161191202 9216
161200418 768
161201186 40
161201226 3
81921487 79685112
161606599 1362227
162968826 196608
163165434 5120
163170554 640
163171194 36
82201218 82201219
164402437 655360
165057797 49152
165106949 12288
165119237 3072
165122309 640
165122949 48
165122997 10
83485720 82201219
165686939 786432
166473371 12288
166485659 3072
166488731 768
166489499 48
166489547 12
166489559 1
165686939 1310719
166997658 24576
167022234 7231
167029465 288
83905416 83905427
167810843 294912
168105755 6144
168111899 384
168112283 48
168112331 2
84223051 83905427
168128478 278528
168407006 12288
168419294 2112
168421406 48
168128478 786432
168914910 139264
169054174 7231
169061405 288
169061693 20
169061713 1
168914910 196608
169111518 49152
169160670 10240
169170910 1536
169172446 192
169172638 48
169172686 6
169172692 1
85009483 84223051
169232534 507905
169740439 1152
169741591 80
169741671 12
85060361 85492670
170553031 8448
170561479 39
170553031 114689
170667720 10240
170677960 1152
170679112 96
170679208 2
85615684 85615679
171231363 20480
171251843 3072
171254915 544
171255459 12
171255471 3
171231363 262656
171494019 384
171494403 67
86026411 85615684
171642095 2560
171644655 288
171644943 24
171642095 24576
171666671 3072
171669743 384
171670127 40
171670167 3
171670170 1
171642095 36864
171678959 2560
171681519 192
171681711 48
171681759 8
86616235 86026411
172642646 196608
172839254 36864
172876118 1280
172877398 192
172877590 36
172877626 2
172642646 393216
173035862 49152
173085014 3072
173088086 899
173088985 113
86639447 86639450
173278897 655360
173934257 4608
173938865 384
173939249 72
86639450 87942686
174582136 786432
175368568 163840
175532408 24576
175556984 7231
175564215 768
175564983 96
175565079 8
88363854 89684309
178048163 196608
178244771 33792
178278563 160
178278723 10
178048163 1362227
179410390 114689
179525079 2560
179527639 384
179528023 9
90314210 90339669
180653879 114689
180768568 10240
180778808 1536
180780344 192
180780536 11
90461274 92323250
182784524 24576
182809100 6144
182815244 320
182815564 48
92323250 92716466
185039716 327680
185367396 49152
185416548 10240
185426788 1536
185428324 320
185428644 48
185428692 8
92780124 92780122
185560246 327680
185887926 36864
185924790 2560
185927350 6
185927356 1
94118922 94135818
188254740 6144
188260884 288
188261172 2
94135978 94136002
188271980 1624371
189896351 147456
190043807 12288
190056095 1152
190057247 35
189896351 196608
190092959 34816
190127775 576
190128351 48
190128399 1
189896351 393216
190289567 24576
190314143 2112
190316255 40
190316295 3
190316298 1
94136002 96866023
191002025 327680
191329705 3072
191332777 899
191333676 113
191333789 3
191002025 1231155
192233180 10240
192243420 1536
192244956 272
192245228 2
191002025 1310719
192312744 16896
192329640 384
192330024 71
191002025 1362227
192364252 24576
192388828 1536
192390364 20
192390384 2
192364252 67584
192431836 29
192431865 2
191002025 1624371
192626396 147456
192773852 3072
192776924 768
192777692 24
192777716 2
191002025 2888293
193890318 16512
193906830 80
193906910 8
96866023 97521383
194387406 557056
194944462 24576
194969038 2560
194971598 160
194971758 6
194971764 1
97965558 97965563
195931121 147456
196078577 12288
196090865 2112
196092977 12
196092989 1
98490394 97965563
196455957 163840
196619797 24576
196644373 2176
196646549 96
196646645 6
196455957 393216
196849173 36864
196886037 2304
196888341 40
196888381 3
98644570 98644606
197289176 393216
197682392 12288
197694680 2304
197696984 96
197697080 3
197289176 557056
197846232 8448
197854680 68
197289176 2387940
199677116 33792
199710908 192
199711100 48
199711148 2
101882143 98644606
200526749 557056
201083805 24576
201108381 6144
201114525 640
201115165 72
201115237 1
101904164 101904159
203808323 557056
204365379 12288
204377667 2304
204379971 32
203808323 786432
204594755 36864
204631619 384
204632003 12
204632015 3
101904164 103113298
205017462 327680
205345142 24576
205369718 899
205370617 96
205370713 10
103143615 103143610
206287225 327680
206614905 24576
206639481 3072
206642553 192
206642745 47
206287225 1572863
207860088 24576
207884664 768
207885432 68
207885500 1
206287225 1624371
207911596 24576
207936172 2560
207938732 32
207911596 196608
208108204 18432
208126636 899
208127535 113
208127648 11
206287225 2601573
208888798 3072
208891870 768
208892638 113
208892751 5
107204472 103143615
210348087 1231155
211579242 49152
211628394 3072
211631466 768
211632234 29
210348087 1624371
211972458 163840
212136298 9216
212145514 384
212145898 23
211972458 327680
212300138 49152
212349290 12288
212361578 2304
212363882 160
211972458 532480
212504938 3072
212508010 144
212508154 1
210348087 3248741
213596828 393216
213990044 49152
214039196 7231
214046427 576
214047003 20
214047023 1
107208204 108335245
215543449 458753
216002202 24576
216026778 1280
108377691 108377689
216755380 81920
216837300 10240
216847540 640
216848180 48
109336576 108377691
217714267 786432
218500699 2112
218502811 20
218502831 2
109376288 109376290
218752578 327680
219080258 49152
219129410 5120
219134530 136
219134666 6
110554251 109376290
219930541 294912
220225453 3072
220228525 320
219930541 528384
220458925 1536
220460461 67
219930541 786432
220716973 49152
220766125 3072
220769197 288
220769485 12
220769497 1
110894684 110894683
221789367 327680
222117047 49152
222166199 8704
222174903 384
222175287 72
222175359 6
112074245 112074247
224148492 1132851
225281343 3072
225284415 576
225284991 18
224148492 1624371
225772863 196608
225969471 24576
225994047 5120
225999167 192
225999359 40
225999399 1
115094048 112074247
227168295 2387940
229556235 8704
229564939 384
229565323 113
229565436 10
227168295 2591026
229759321 3072
229762393 288
229762681 5
227168295 2935090
230103385 73728
230177113 3072
230180185 768
230180953 20
115886927 115848177
231735104 24576
231759680 113
231759793 9
115886927 116214607
232101534 196608
232298142 8448
232306590 192
232306782 6
116624207 116542287
233166494 7231
233173725 12
233173737 3
233173740 1
233166494 20480
233186974 2560
233189534 160
233189694 17
117184255 116636875
233821130 294912
234116042 24576
234140618 6144
234146762 128
233821130 458753
234279883 12288
234292171 1280
234293451 135
117577471 117184255
234761726 163840
234925566 24576
234950142 1536
234951678 272
234951950 9
117907665 117907663
235815328 393216
236208544 49152
236257696 12288
236269984 1280
236271264 160
236271424 9
118537069 117907665
236444734 294912
236739646 7231
236746877 264
236747141 1
118713581 118713601
237427182 786432
238213614 196608
238410222 12288
238422510 3072
238425582 899
238426481 113
238426594 8
120410236 118713601
239123837 1362227
240486064 163840
240649904 24576
240674480 7231
240681711 192
240681903 40
240681943 3
240681946 1
120484750 120484732
240969482 655360
241624842 98304
241723146 6144
241729290 899
241730189 3
241730192 1
122053645 120484750
242538395 458753
242997148 7231
243004379 640
243005019 6
242538395 655360
243193755 114689
243308444 8320
243316764 72
243316836 2
242538395 786432
243324827 24576
243349403 7231
243356634 640
243357274 48
243357322 9
242538395 1362227
243900622 196608
244097230 4608
244101838 384
244102222 113
244102335 6
244102341 1
122840077 122053645
244893722 655360
245549082 16385
245565467 33
245549082 81920
245631002 5120
245636122 384
245636506 80
123678016 123058220
246736236 589824
247326060 33792
247359852 768
247360620 113
123687281 123687280
247374561 589824
247964385 899
247965284 48
247965332 12
247965344 2
247374561 655360
248029921 576
248030497 6
248030503 1
248029921 6144
248036065 384
248036449 113
248036562 3
248036565 1
247374561 786432
248160993 196608
248357601 9216
248366817 899
248367716 48
248367764 12
248367776 3
123687281 126294866
249982147 1231155
251213302 67584
251280886 320
249982147 1622015
251604162 1536
251605698 125
251605823 2
249982147 2265701
252247848 49152
252297000 12288
252309288 2304
252311592 192
252311784 24
126617709 126617698
253235407 196608
253432015 36864
253468879 3072
253471951 264
253472215 6
127296225 130644612
257940837 1116467
259057304 1536
259058840 288
259059128 18
257940837 1231155
259171992 40960
259212952 6144
259219096 1056
259220152 3
259220155 1
257940837 1310719
259251556 18432
259269988 1536
259271524 144
259271668 3
259271671 1
131237297 130647473
261884770 327680
262212450 6144
262218594 640
262219234 96
262219330 3
133153172 131562317
264715489 1231155
265946644 24576
265971220 6144
265977364 528
265977892 5
264715489 1362227
266077716 73728
266151444 2304
266153748 144
266153892 1
133251476 133153172
266404648 98304
266502952 3072
266506024 768
266506792 12
266506804 3
266506807 1
133267827 133267828
266535655 655360
267191015 98304
267289319 10240
267299559 1536
267301095 192
267301287 20
133267828 134086883
267354711 98304
267453015 12288
267465303 3072
267468375 1
134131427 134131299
268262726 507905
268770631 10240
268780871 384
268781255 48
268781303 6
134727475 134727484
269454959 327680
269782639 49152
269831791 10240
269842031 1536
269843567 192
269843759 48
269843807 6
135252502 134727484
269979986 327680
270307666 1280
270308946 125
270309071 2
135262742 135252502
270515244 10240
270525484 899
270526383 66
135552733 135552686
271105419 5120
271110539 768
271111307 72
271111379 3
271111382 1
271105419 458753
271564172 10240
271574412 12
271574424 3
271574427 1
136476206 135552733
272028939 163840
272192779 12288
272205067 2560
272207627 320
272207947 48
272207995 5
272028939 557056
272585995 5120
272591115 899
272592014 72
272592086 3
272028939 786432
272815371 114689
272930060 6144
272936204 768
272936972 40
272937012 3
136480564 136480565
272961129 196608
273157737 12288
273170025 2560
273172585 65
137988371 137988372
275976743 393216
276369959 5120
276375079 144
276375223 5
275976743 1132851
277109594 4352
277113946 72
277114018 5
275976743 1362227
277338970 12288
277351258 3072
277354330 576
277354906 29
277338970 36864
277375834 2560
277378394 320
277378714 48
277378762 2
137988372 141050033
279038405 81920
279120325 1536
279121861 192
279122053 29
279122082 2
141074771 141074769
282149540 1624371
283773911 69632
283843543 768
283844311 23
142987577 141074771
284062348 458753
284521101 12288
284533389 2176
284535565 113
284535678 6
284535684 1
143467674 143467679
286935353 139264
287074617 4608
287079225 320
287079545 32
286935353 532480
287467833 2064
287469897 6
287469903 1
286935353 786432
287721785 49152
287770937 12288
287783225 3072
287786297 544
287786841 20
287786861 1
144324438 143467679
287792117 196608
287988725 1536
287990261 384
287990645 96
287990741 3
287792117 786432
288578549 114689
288693238 12288
288705526 640
288706166 48
288706214 12
288706226 3
288706229 1
144541526 144541605
289083131 139264
289222395 1280
289223675 131
145410101 145410112
290820213 196608
291016821 36864
291053685 2560
291056245 320
291056565 36
290820213 327680
291147893 40960
291188853 5120
291193973 113
291194086 11
147099481 147099458
294198939 327680
294526619 34815
147854597 147842573
295697170 36864
295734034 2176
295736210 72
295736282 5
148051205 147854597
295905802 49152
295954954 12288
295967242 2176
295969418 113
295969531 2
148319056 148319046
296638102 196608
296834710 16896
296851606 159
149177776 149177778
298355554 507905
298863459 2560
298866019 192
298866211 12
298866223 2
149830345 149177778
299008123 196608
299204731 1280
299206011 192
299206203 40
299206243 3
299206246 1
149862951 149862949
299725900 655360
300381260 18432
300399692 1536
300401228 192
300401420 48
300401468 12
299725900 1624371
301350271 98304
301448575 9216
301457791 899
301458690 96
301458786 2
153138468 149862951
303001419 1622015
304623434 2176
304625610 113
304625723 10
303001419 2265701
305267120 34816
305301936 1536
305303472 384
305303856 96
305303952 6
303001419 2387940
305389359 40960
305430319 6144
305436463 640
305437103 80
305437183 9
154611039 154610775
309221814 49152
309270966 6144
309277110 576
309277686 33
154823961 154611039
309435000 327680
309762680 49152
309811832 7231
309819063 640
309819703 71
309435000 393216
309828216 40960
309869176 640
309869816 48
309869864 6
309869870 1
309435000 786432
310221432 163840
310385272 1280
310386552 160
310386712 24
310386736 3
310386739 1
156186188 154823961
311010149 163840
311173989 20480
311194469 2560
311197029 48
311197077 9
311010149 1056768
312066917 12288
312079205 384
312079589 6
156278110 156278092
312556202 163840
312720042 24576
312744618 3072
312747690 899
312748589 9
156278110 156766599
313044709 507905
313552614 264
156906209 156906207
313812416 10240
313822656 192
313822848 17
313812416 17408
313829824 899
313830723 96
313830819 6
313812416 278528
314090944 10240
314101184 1280
314102464 113
314102577 3
314102580 1
313812416 655360
314467776 49152
314516928 12288
314529216 2176
314531392 8
313812416 786432
314598848 139264
314738112 4224
314742336 10
313812416 1132851
314945267 4352
314949619 160
314949779 2
159370223 156906209
316276432 1362227
317638659 196608
317835267 3072
317838339 576
317838915 40
317838955 1
316276432 2647866
318924298 5120
318929418 899
318930317 40
318930357 3
159851525 159851520
319703045 40960
319744005 6144
319750149 576
319750725 36
159960047 159851525
319811572 81920
319893492 12288
319905780 2560
319908340 264
319908604 2
160008958 160008963
320017921 163840
320181761 24576
320206337 3072
320209409 768
320210177 32
160732450 160008963
320741413 557056
321298469 16896
321315365 384
321315749 96
321315845 12
321315857 1
161201229 161201226
322402455 278528
322680983 12288
322693271 2304
322695575 192
322695767 29
322695796 1
161606599 161201229
322807828 1362227
324170055 20480
324190535 3072
324193607 528
324194135 10
163165434 162968826
326134260 98304
326232564 12288
326244852 2304
326247156 192
326247348 48
164402437 163171230
327573667 1362227
328935894 98304
329034198 384
329034582 96
329034678 12
329034690 1
165057797 165106949
330164746 1536
330166282 272
330166554 3
165123007 165122997
330246004 294912
330540916 2560
330543476 384
330543860 113
330543973 6
167029753 167029465
334059218 266240
334325458 2560
334328018 80
334328098 12
334328110 2
167029753 167810843
334840596 393216
335233812 20480
335254292 1280
335255572 192
335255764 6
168407006 168128478
336535484 114689
336650173 6144
336656317 768
336657085 36
336657121 1
168421406 168421454
336842860 66048
336908908 320
336909228 48
336909276 1
169741671 169741683
339483354 20480
339503834 1536
339505370 384
339505754 36
169741683 170553031
340294714 786432
341081146 24576
341105722 5120
341110842 899
341111741 80
171255474 171494019
342749493 49152
342798645 12288
342810933 3072
342814005 113
171681759 171681767
343363526 327680
343691206 40960
343732166 1536
343733702 320
343734022 48
343734070 6
343734076 1
343363526 393216
343756742 49152
343805894 10240
343816134 384
343816518 35
171681767 172642646
344324413 196608
344521021 33792
344554813 899
344555712 113
344555825 3
344555828 1
344324413 786432
345110845 196608
345307453 9216
345316669 144
345316813 12
345316825 1
173278897 173089098
346367995 589824
346957819 3072
346960891 384
346961275 113
346961388 6
346961394 1
173934257 173278897
347213154 458753
347671907 24576
347696483 3072
347699555 320
347699875 48
347699923 12
173939321 173939249
347878570 114689
347993259 8704
348001963 288
348002251 12
348002263 3
348002266 1
347878570 327680
348206250 7231
348213481 136
348213617 5
174582136 173939321
348521457 327680
348849137 7231
348856368 95
174582136 175368568
349950704 393216
350343920 3072
350346992 128
175532408 175368568
350900976 2560
350903536 192
350903728 29
350903757 1
350900976 66048
350967024 160
350967184 24
350967208 2
175565087 175565079
351130166 655360
351785526 73728
351859254 5120
351864374 384
351864758 24
351864782 1
178048163 175565087
353613250 98304
353711554 10240
353721794 1280
353723074 9
353613250 196608
353809858 24576
353834434 899
353835333 113
353835446 3
353835449 1
353613250 655360
354268610 81920
354350530 8704
354359234 192
354359426 18
178278563 178244771
356523334 3072
356526406 640
356527046 80
356527126 9
178278723 178278733
356557456 81920
356639376 1536
356640912 384
356641296 72
356641368 3
356641371 1
356557456 294912
356852368 17408
356869776 899
356870675 48
356870723 12
356557456 786432
357343888 147456
357491344 12288
357503632 3072
357506704 899
357507603 72
357507675 6
357343888 163840
357507728 6144
357513872 384
357514256 125
178278733 179410390
357689123 589824
358278947 12288
358291235 2560
358293795 80
358293875 9
357689123 786432
358475555 98304
358573859 4608
358578467 160
358578627 3
358578630 1
179528023 179528032
359056055 196608
359252663 16385
359269048 113
359269161 1
179528032 180653879
360181911 528384
360710295 899
360711194 113
360711307 6
180780536 180780547
361561083 540672
362101755 12288
362114043 1536
362115579 384
362115963 129
361561083 1146879
362707962 136
361561083 1231155
362792238 49152
362841390 8704
362850094 272
362850366 12
180780547 182784524
363565071 393216
363958287 34816
363993103 899
363994002 96
363994098 6
363565071 655360
364220431 24576
364245007 6144
364251151 160
364251311 19
363565071 1362227
364927298 12288
364939586 1032
364940618 2
182815612 185039716
367855328 786432
368641760 264192
368905952 1536
368907488 113
368907601 2
367855328 2232933
370088261 12288
370100549 1536
370102085 520
370102605 5
185039716 185367396
370407112 196608
370603720 49152
370652872 10240
370663112 320
370663432 12
370663444 3
370407112 294912
370702024 192
370702216 48
370702264 12
370702276 3
370702279 1
185887926 185560246
371448172 7231
371455403 40
371455443 2
371448172 98304
371546476 7231
371553707 768
371554475 48
371554523 9
185927356 185927357
371854713 589824
372444537 10240
372454777 1536
372456313 320
372456633 48
372456681 8
371854713 1231155
373085868 33280
373119148 23
371854713 1624371
373479084 327680
373806764 40960
373847724 6144
373853868 144
373854012 12
373854024 1
185927357 188254740
374182097 1624371
375806468 393216
376199684 24576
376224260 3072
376227332 34
188261174 188271980
376533154 147456
376680610 9216
376689826 35
376533154 532480
377065634 1088
377066722 48
377066770 5
191002025 191329705
382331730 196608
382528338 6144
382534482 320
382534802 36
382534838 1
382331730 278528
382610258 8704
382618962 32
191333792 191333789
382667581 135168
382802749 3072
382805821 320
382806141 35
382667581 589824
383257405 6144
383263549 320
383263869 12
383263881 3
383263884 1
192233180 191333792
383566972 40960
383607932 576
383608508 20
192777718 192777716
385555434 786432
386341866 36864
386378730 3072
386381802 384
386382186 96
386382282 6
194971765 194971764
389943529 655360
390598889 69632
390668521 384
390668905 24
390668929 3
197289176 196888384
394177560 163840
394341400 24576
394365976 7231
394373207 768
394373975 48
394374023 12
394374035 3
394374038 1
197854680 197854748
395709428 655360
396364788 81920
396446708 384
396447092 125
395709428 786432
396495860 81920
396577780 12288
396590068 3072
396593140 544
396593684 12
395709428 1624371
397333799 5120
397338919 640
397339559 80
397339639 8
199677116 197854748
397531864 557056
398088920 18432
398107352 1536
398108888 29
398108917 1
397531864 655360
398187224 12288
398199512 768
398200280 24
398200304 1
397531864 786432
398318296 24576
398342872 3072
398345944 768
398318296 34816
398353112 320
398353432 48
398353480 3
398353483 1
199711150 200526749
400237899 1179647
401417546 20480
401438026 1280
401439306 160
401439466 12
401439478 1
201115238 201115237
402230475 589824
402820299 18432
402838731 768
402839499 125
402230475 786432
403016907 196608
403213515 16512
403230027 80
403230107 3
403230110 1
402230475 1624371
403854846 49152
403903998 4352
403908350 48
403908398 6
403908404 1
403854846 393216
404248062 8704
404256766 192
404256958 6
203808323 201115238
404923561 196608
405120169 12288
405132457 3072
405135529 640
405136169 96
405136265 12
405136277 2
404923561 263160
405186721 272
405186993 12
405187005 1
404923561 278528
405202089 3072
405205161 319
404923561 393216
405316777 10240
405327017 1088
405328105 48
405328153 12
405328165 1
404923561 1624371
406547932 40960
406588892 3072
406591964 640
406592604 48
406592652 10
406547932 327680
406875612 2112
406877724 40
406877764 5
406875612 10240
406885852 384
406886236 113
406886349 1
204379971 204380003
408759974 12288
408772262 1280
408773542 160
408773702 24
408773726 2
204632018 205017462
409649480 81920
409731400 6144
409737544 576
409738120 48
409738168 6
409738174 1
409731400 9216
409740616 899
409741515 48
409741563 3
205017462 205345142
410362604 278528
410641132 4224
410645356 72
205370713 205370723
410741436 294912
411036348 8448
411044796 67
206287225 206614905
412902130 278528
413180658 1280
413181938 192
413182130 33
206642792 206642745
413285537 98304
413383841 4352
413388193 192
413388385 40
413388425 3
413388428 1
413285537 458753
413744290 640
413744930 47
206642792 207860088
414502880 393216
414896096 20480
414916576 2176
414918752 2
414502880 786432
415289312 196608
415485920 3072
415488992 271
414502880 1056768
415559648 10240
415569888 899
415570787 113
415570900 10
208127659 208127648
416255307 540672
416795979 10240
416806219 1536
416807755 96
416807851 11
208892751 208892756
417785507 1362227
419147734 73728
419221462 5120
419226582 768
419227350 48
419227398 9
208892756 210348087
419240843 1624371
420865214 5120
420870334 576
420870910 40
420870950 5
420865214 393216
421258430 10240
421268670 384
421269054 113
421269167 10
419240843 2200167
421441010 20480
421461490 3072
421464562 320
421464882 36
211579242 210348087
421927329 655360
422582689 114689
422697378 12288
422709666 3072
422712738 899
422713637 1
212145921 212145898
424291819 73728
424365547 2560
424368107 384
424368491 80
424368571 11
212145921 212300138
424446059 73728
424519787 3072
424522859 576
424523435 40
424523475 3
424523478 1
212364042 212363882
424727924 135168
424863092 576
424863668 12
424863680 3
213596828 212508155
426104983 1310719
427415702 24576
427440278 3072
427443350 320
427443670 40
213596828 213990044
427586872 49152
427636024 12288
427648312 3072
427651384 899
427652283 113
427652396 3
427652399 1
214047024 214047023
428094047 393216
428487263 20480
428507743 1536
428509279 192
428509471 48
428509519 10
428487263 49152
428536415 8448
428544863 113
428544976 11
428094047 786432
428880479 196608
429077087 49152
429126239 5120
429131359 899
429132258 12
429132270 3
428094047 1056768
429150815 12288
429163103 576
429163679 48
428094047 1231155
429325202 24576
429349778 3072
429352850 113
429352963 6
429352969 1
214047024 215543449
429590473 135168
429725641 768
429726409 48
429726457 1
429590473 1572863
431163336 12288
431175624 640
431176264 34
216848228 216848180
433696408 133120
433829528 544
433830072 23
433696408 655360
434351768 81920
434433688 5120
434438808 192
434439000 40
434439040 1
218500699 217714267
436214966 36864
436251830 1032
436252862 1
436214966 589824
436804790 32770
436837560 40
436837600 6
218752578 218502833
437255411 4608
437260019 36
437260055 1
219930541 219134672
439065213 526336
439591549 288
439591837 20
439591857 1
220228845 220228525
440457370 163840
440621210 18432
440639642 1536
440641178 192
440641370 48
440641418 12
220458925 220228845
440687770 81920
440769690 8448
440778138 192
440778330 39
220716973 220460528
441177501 40960
441218461 1536
441219997 320
441220317 12
220769498 220769497
441538995 557056
442096051 24576
442120627 5120
442125747 576
442126323 12
442126335 2
221789367 220769498
442558865 786432
443345297 17408
443362705 640
443363345 80
443363425 12
222175365 222175359
444350724 196608
444547332 49152
444596484 12288
444608772 3072
444611844 143
444350724 589824
444940548 12288
444952836 899
444953735 80
444953815 12
444350724 1231155
445581879 73728
445655607 5120
445660727 320
445661047 39
444350724 1624371
445975095 196608
446171703 18432
446190135 384
446190519 32
224148492 222175365
446323857 1114111
447437968 2176
447440144 2
446323857 2387940
448711797 12288
448724085 2560
448726645 288
448726933 24
448726957 1
446323857 2601573
448925430 7231
448932661 96
448932757 6
227168295 225999400
453167695 278528
453446223 160
453446383 23
453167695 1362227
454529922 98304
454628226 6144
454634370 288
454634658 24
453167695 1624371
454792066 40960
454833026 544
454833570 24
454833594 3
453167695 2232933
455400628 4608
455405236 384
455405620 40
455405660 3
453167695 2265701
455433396 34816
455468212 1536
455469748 192
455469940 20
455469960 1
453167695 2647866
455815561 17408
455832969 576
455833545 12
455833557 3
455833560 1
453167695 3248741
456416436 8448
456424884 160
456425044 11
456416436 163840
456580276 5120
456585396 192
456585588 34
229556235 227168295
456724530 18432
456742962 1536
456744498 320
456744818 48
456744866 2
456724530 655360
457379890 114689
457494579 12288
457506867 160
457507027 20
457507047 1
229762686 230103385
459866071 73728
459939799 8130
459947929 2
231735104 230180973
461916077 458753
462374830 18432
462393262 384
462393646 80
462393726 9
461916077 589824
462505901 8704
462514605 192
462514797 48
232101534 232298142
464399676 163840
464563516 2064
464565580 9
232306788 232306782
464613570 114689
464728259 6144
464734403 192
464734595 12
464613570 458753
465072323 20480
465092803 2560
465095363 320
465095683 6
233821130 233189711
467010841 139264
467150105 2560
467152665 34
234293586 234293451
468587037 163840
468750877 640
468751517 80
468751597 12
468751609 1
234951959 234951950
469903909 557056
470460965 18432
470479397 1536
470480933 320
470481253 20
470481273 1
235815328 234951959
470767287 1165619
471932906 4608
471937514 36
471937550 1
236208544 235815328
472023872 18432
472042304 516
472042820 2
472023872 393216
472417088 640
472417728 48
472417776 12
236747142 236747141
473494283 294912
473789195 16640
473805835 96
473805931 12
473494283 327680
473821963 12288
473834251 3072
473837323 899
473838222 96
473838318 12
473838330 2
236747142 237427182
474174324 163840
474338164 24576
474362740 899
474363639 9
474174324 294912
474469236 24576
474493812 2304
474496116 96
474496212 10
474174324 528384
474702708 528
474703236 12
474703248 2
474174324 786432
474960756 114689
475075445 2080
475077525 12
475077537 2
474174324 1165619
475339943 7231
475347174 576
475347750 48
475347798 8
474174324 1310719
475485043 20480
475505523 2304
475507827 192
475508019 3
475508022 1
238426602 239123837
477550439 40960
477591399 384
477591783 18
477550439 81920
477632359 12288
477644647 768
477645415 96
477645511 12
477645523 3
477550439 1362227
478912666 163840
479076506 12288
479088794 1152
479089946 32
239123837 240486064
479609901 786432
480396333 196608
480592941 49152
480642093 12288
480654381 1280
480655661 160
480655821 20
480655841 1
240969482 240681947
481651429 262656
481914085 192
481914277 3
241730193 242538395
484268588 786432
485055020 98304
485153324 10240
485163564 1536
485165100 11
484268588 1116467
485385055 4608
485389663 384
485390047 48
485390095 12
485390107 2
244097230 243900622
487997852 131584
488129436 72
488129508 6
244102341 244102342
488204683 294912
488499595 20480
488520075 1536
488521611 136
488521747 6
244893722 244102342
488996064 540672
489536736 9216
489545952 1
488996064 1056768
490052832 10240
490063072 1536
490064608 384
490064992 80
490065072 12
245636506 245636586
491273092 294912
491568004 6144
491574148 899
491575047 40
491575087 3
246736236 247326060
494062296 393216
494455512 49152
494504664 4160
494508824 36
494508860 2
248160993 248036566
496197559 139264
496336823 2304
496339127 113
496339240 9
248367776 248367779
496735555 393216
497128771 40960
497169731 384
497170115 48
497170163 12
497170175 3
497170178 1
496735555 458753
497194308 2176
497196484 29
497196513 1
496735555 589824
497325379 2560
497327939 384
497328323 80
497328403 3
496735555 1179647
497915202 20480
497935682 3072
497938754 320
497939074 48
497939122 5
496735555 1362227
498097782 17408
498115190 640
498115830 12
248367779 249982147
498349926 81920
498431846 10240
498442086 768
498442854 128
498349926 327680
498677606 24576
498702182 2560
498704742 160
498704902 20
498704922 1
498349926 1132851
499482777 12288
499495065 1088
499496153 40
498349926 1624371
499974297 393216
500367513 49152
500416665 5120
500421785 192
500421977 17
498349926 2200167
500550093 7231
500557324 8
251213302 249982147
501195449 458753
501654202 10240
501664442 1536
501665978 72
501666050 3
501666053 1
501195449 786432
501981881 264192
502246073 1536
502247609 384
502247993 113
502248106 6
502248112 1
501195449 1089536
502284985 2112
502287097 32
251280886 251213302
502494188 17408
502511596 640
502512236 29
502512265 1
251605825 251605823
503211648 458753
503670401 10240
503680641 1536
503682177 320
503682497 24
503682521 3
503682524 1
251605825 252247848
503853673 147456
504001129 9216
504010345 272
504010617 8
503853673 327680
504181353 49152
504230505 10240
504240745 899
504241644 48
504241692 12
504241704 2
252311808 252311784
504623592 196608
504820200 12288
504832488 2304
504834792 35
504623592 393216
505016808 20480
505037288 1536
505038824 260
504623592 655360
505278952 98304
505377256 7231
505384487 384
505384871 113
505384984 8
253472215 253472221
506944436 1624371
508568807 196608
508765415 10240
508775655 768
508776423 72
508776495 5
508568807 327680
508896487 49152
508945639 8704
508954343 68
508954411 2
508945639 12288
508957927 3072
508960999 384
508961383 6
508961389 1
506944436 3747941
510692377 114689
510807066 3072
510810138 576
510810714 2
257940837 253472221
511413058 49152
511462210 1152
511463362 48
511463410 6
511413058 458753
511871811 16896
511888707 384
511889091 40
511889131 6
511413058 1179647
512592705 20480
512613185 2560
512615745 79
511413058 1310719
512723777 24576
512748353 640
512748993 96
512749089 12
512749101 2
511413058 2778930
514191988 7231
514199219 528
514199747 3
514199750 1
259271671 259271672
518543343 196608
518739951 8704
518748655 320
518748975 17
259271672 261884770
521156442 196608
521353050 16512
521369562 24
521369586 3
521156442 393216
521549658 16512
521566170 3
521156442 1056768
522213210 10240
522223450 1152
522224602 48
522224650 12
262219330 262219333
524438663 98304
524536967 1536
524538503 24
524538527 3
524438663 2387940
526826603 12288
526838891 3072
526841963 384
526842347 66
264715489 262219333
526934822 2527845
529462667 3072
529465739 12
529465751 2
526934822 3248741
530183563 147456
530331019 2304
530333323 192
530333515 48
530333563 12
265946644 264715489
530662133 786432
531448565 98304
531546869 12288
531559157 3072
531562229 768
531562997 96
531563093 2
266404648 266153893
532558541 49152
532607693 3072
532610765 899
532611664 66
266506807 266506808
533013615 2304
533015919 192
533016111 32
268262726 267468376
535731102 786432
536517534 81920
536599454 2560
536602014 12
536517534 98304
536615838 7231
536623069 288
536623357 12
536623369 3
536623372 1
268781309 269454959
538236268 655360
538891628 49152
538940780 8704
538949484 192
538949676 48
538949724 12
538949736 1
269782639 269454959
539237598 196608
539434206 8448
539442654 192
539442846 48
539442894 12
539442906 1
539237598 327680
539565278 40960
539606238 5120
539611358 768
539612126 40
269843813 269843807
539687620 20480
539708100 192
539708292 48
539708340 6
539708346 1
269843813 269979986
539823799 49152
539872951 7231
539880182 40
539880222 3
270526449 271105419
541631868 49152
541681020 10240
541691260 320
541691580 48
541691628 9
541631868 163840
541795708 24576
541820284 6144
541826428 96
541826524 3
541826527 1
272028939 271574428
543603367 458753
544062120 7231
544069351 519
272208000 272207995
544415995 266240
544682235 3072
544685307 640
544685947 48
544685995 2
272815371 272592089
545407460 294912
545702372 12288
545714660 1536
545716196 20
273172585 273172650
546345235 1108275
547453510 80
547453590 5
546345235 1310719
547655954 12288
547668242 3072
547671314 160
547671474 20
547671494 1
546345235 1624371
547969606 266240
548235846 3072
548238918 288
548239206 3
273172650 275976743
549149393 655360
549804753 81920
549886673 12288
549898961 640
549899601 96
549899697 3
549149393 2935090
552084483 1280
552085763 48
552085811 3
552085814 1
552084483 36864
552121347 899
552122246 96
552122342 3
552122345 1
276375228 276375223
552750451 327680
553078131 24576
553102707 7231
553109938 160
553110098 20
553110118 2
279038405 277378764
556417169 262392
556679561 192
556679753 32
279122082 279122084
558244166 2935090
561179256 49152
561228408 2304
561230712 160
561230872 2
282149540 279122084
561271624 540672
561812296 192
561812488 48
561812536 1
561271624 2232933
563504557 8704
563513261 192
563513453 48
563513501 5
561271624 2541874
563813498 9216
563822714 72
563822786 2
282149540 283773911
565923451 786432
566709883 266240
566976123 1152
566977275 72
566977347 5
565923451 1362227
567285678 147456
567433134 5120
567438254 576
567438830 12
567438842 3
567438845 1
284535685 284535684
569071369 507905
569579274 4608
569583882 384
569584266 96
569584362 9
284535685 286935353
571471038 1056768
572527806 6144
572533950 136
572534086 2
287469904 287721785
575191689 163840
575355529 24576
575380105 576
575380681 24
575380705 3
287792117 287786862
575578979 69632
575648611 1536
575650147 384
575650531 113
575650644 10
575578979 196608
575775587 2560
575778147 320
575778467 40
575778507 5
287988725 287792117
575780842 81920
575862762 9216
575871978 768
575872746 66
289223675 289223806
578447481 327680
578775161 6144
578781305 1056
578782361 20
291056601 291147893
582204494 69632
582274126 576
582274702 19
291194086 291194097
582388183 49152
582437335 8704
582446039 320
582446359 18
582388183 2778930
585167113 9216
585176329 24
585176353 2
582388183 2888293
585276476 3072
585279548 96
294198939 291194097
585393036 81920
585474956 12288
585487244 1280
585488524 96
585488620 12
585488632 2
585393036 786432
586179468 135168
586314636 2560
586317196 384
586317580 32
586179468 139264
586318732 5120
586323852 768
586324620 48
586324668 10
586179468 163840
586343308 20480
586363788 899
586364687 3
586364690 1
585393036 1624371
587017407 458753
587476160 24576
587500736 3072
587503808 768
587504576 10
585393036 2601573
587994609 18432
588013041 1280
588014321 113
588014434 6
585393036 2647866
588040902 10240
588051142 640
588051782 48
588051830 5
588040902 49152
588090054 10240
588100294 1280
588101574 96
588101670 8
585393036 2778930
588171966 40960
588212926 1088
588214014 48
588214062 3
294198939 294526619
588725558 196608
588922166 49152
588971318 12288
588983606 2176
588985782 113
588985895 3
588985898 1
294561434 294526619
589088053 1132851
590220904 3072
590223976 20
295905802 295736287
591642089 114689
591756778 6144
591762922 544
591763466 18
295969533 296638102
592607635 81920
592689555 640
592690195 20
592690215 2
592607635 655360
593262995 1536
593264531 320
593264851 6
593264857 1
296851765 298355554
595207319 786432
595993751 196608
596190359 5120
596195479 640
596196119 113
596196232 3
595207319 1231155
596438474 10240
596448714 320
596449034 32
595207319 1624371
596831690 24576
596856266 7231
596863497 160
596863657 10
596831690 196608
597028298 8704
597037002 320
597037322 24
597037346 3
597037349 1
298863459 298355554
597219013 458753
597677766 33024
597710790 143
299725900 299206247
598932147 196608
599128755 3072
599131827 384
599132211 12
599132223 1
598932147 393216
599325363 18432
599343795 576
599344371 34
299725900 300381260
600107160 24576
600131736 2560
600134296 384
600134680 10
600107160 393216
600500376 12288
600512664 1279
300401480 300401468
600802948 393216
601196164 49152
601245316 5120
601250436 113
601250549 11
600802948 458753
601261701 40960
601302661 7231
601309892 768
601310660 113
601310773 5
600802948 786432
601589380 81920
601671300 3072
601674372 96
601674468 10
301350271 300401480
601751751 655360
602407111 98304
602505415 10240
602515655 1280
602516935 113
602517048 2
301458788 301458786
602917574 589824
603507398 49152
603556550 40
603556590 1
303001419 301458788
604460207 540672
605000879 12288
605013167 96
605013263 6
605013269 1
604460207 1231155
605691362 24576
605715938 4352
605720290 24
605720314 1
604460207 1624371
606084578 294912
606379490 9216
606388706 384
606389090 36
606389126 1
604460207 2647866
607108073 24576
607132649 1536
607134185 136
607134321 6
305437192 305437183
610874375 327680
611202055 899
611202954 80
611203034 3
611203037 1
610874375 1624371
612498746 196608
612695354 49152
612744506 12288
612756794 1536
612758330 520
612758850 3
612758853 1
610874375 2462310
613336685 12288
613348973 3072
613352045 192
613352237 12
613352249 3
613352252 1
610874375 3248741
614123116 196608
614319724 16896
614336620 384
614337004 80
614337084 2
309221814 305437192
614659006 40960
614699966 5120
614705086 272
614705358 6
614705364 1
614659006 1310719
615969725 12288
615982013 576
615982589 48
615982637 9
614659006 1362227
616021233 98304
616119537 5120
616124657 384
616125041 39
614659006 2345266
617004272 36864
617041136 3072
617044208 320
617044528 19
614659006 2935090
617594096 7231
617601327 128
614659006 3172146
617831152 36864
617868016 2304
617870320 144
617870464 9
309435000 309277719
618712719 147456
618860175 3072
618863247 384
618863631 80
618863711 12
618712719 196608
618909327 24576
618933903 768
618934671 96
618934767 6
618934773 1
310221432 309869871
620091303 393216
620484519 49152
620533671 4224
620537895 40
620537935 5
310386740 310386739
620773479 69632
620843111 3072
620846183 79
620773479 458753
621232232 20480
621252712 640
621253352 80
621253432 10
311010149 310386740
621396889 458753
621855642 12288
621867930 1152
621869082 18
311173989 311010149
622184138 98304
622282442 5120
622287562 384
622287946 48
622287994 3
622287997 1
622184138 139264
622323402 6144
622329546 544
622330090 1
312066917 311197086
623264003 24576
623288579 1280
623289859 160
623290019 10
623264003 589824
623853827 12288
623866115 2560
623868675 136
623868811 5
312079589 312079595
624159184 294912
624454096 10240
624464336 48
624464384 6
314102580 314102581
628205161 139264
628344425 2304
628346729 72
628346801 3
628205161 294912
628500073 17408
628517481 192
628517673 48
628517721 3
314742346 314742336
629484682 114689
629599371 1536
629600907 320
629601227 24
629601251 2
629599371 3072
629602443 384
629602827 80
629602907 2
314949781 314949779
629899560 114689
630014249 2080
630016329 17
629899560 655360
630554920 24576
630579496 4224
630583720 48
630583768 8
316276432 314949781
631226213 589824
631816037 16896
631832933 192
631833125 48
631833173 9
631226213 1362227
632588440 67584
632656024 192
632656216 6
632656222 1
631226213 2541874
633768087 36864
633804951 2560
633807511 20
317638659 316276432
633915091 196608
634111699 24576
634136275 2304
634138579 192
634138771 20
633915091 327680
634242771 24576
634267347 7231
634274578 384
634274962 48
634275010 10
317838955 317838956
635677911 114689
635792600 12288
635804888 2560
635807448 113
635677911 196608
635874519 16896
635891415 384
635891799 40
635677911 786432
636464343 163840
636628183 384
636628567 96
636628663 3
636628666 1
317838956 318924298
636763254 393216
637156470 24576
637181046 3072
637184118 384
637184502 71
318930357 318930360
637860717 294912
638155629 24576
638180205 7231
638187436 125
318930360 319703045
638633405 327680
638961085 18432
638979517 1280
638980797 160
638980957 29
638980986 1
638633405 655360
639288765 40960
639329725 2560
639332285 40
639332325 1
320017921 320181761
640199682 114689
640314371 9216
640323587 528
640324115 6
640324121 1
320741413 320210209
640951622 528384
641480006 3072
641483078 768
641483846 17
640951622 786432
641738054 73728
641811782 6144
641817926 899
641818825 80
641818905 12
641818917 1
320741413 321298469
642039882 3072
642042954 768
642043722 79
321315858 321315857
642631715 327680
642959395 24576
642983971 192
642984163 29
642984192 2
642631715 655360
643287075 98304
643385379 8193
643393572 72
322680983 322402455
645083438 81920
645165358 6144
645171502 768
645172270 35
322695797 322807828
645503625 786432
646290057 81920
646371977 264
646371977 12288
646384265 2560
646386825 192
646387017 10
324194145 324194135
648388280 786432
649174712 196608
649371320 49152
649420472 12288
649432760 2560
649435320 80
649435400 3
324194145 326134260
650328405 1310719
651639124 40960
651680084 4352
651684436 96
651684532 12
650328405 1572863
651901268 40960
651942228 575
326247348 326247396
652494744 10240
652504984 192
652494744 20480
652515224 3072
652518296 320
652518616 48
652494744 40960
652535704 3072
652538776 8
652494744 1116467
653611211 1088
653612299 12
653612311 3
327573667 326247396
653821063 655360
654476423 73728
654550151 192
654550343 48
654550391 2
653821063 786432
654607495 139264
654746759 1536
654748295 160
654748455 6
654748461 1
330543979 330543973
661087952 1310719
662398671 24576
662423247 6144
662429391 72
662429463 2
661087952 2647866
663735818 49152
663784970 10240
663795210 1536
663796746 384
663797130 66
661087952 3172146
664260098 49152
664309250 12288
664321538 3072
664324610 544
334059218 330543979
664603197 1572863
666176060 20480
666196540 3072
666199612 320
666199932 48
666199980 12
666199992 1
664603197 2265701
666868898 20480
666889378 3072
666892450 384
666892834 79
334328112 334328110
668656222 163840
668820062 3072
668823134 160
668823294 24
668823318 3
335233812 334840596
670074408 196608
670271016 40960
670311976 2176
670314152 72
670314224 2
335255770 335255764
670511534 1108275
671619809 384
671620193 80
671620273 6
671620279 1
335255770 336535484
671791254 557056
672348310 2176
672350486 48
672350534 12
672350546 1
339483354 336909277
676392631 589824
676982455 33280
677015735 144
677015879 1
340294714 339505790
679800504 540672
680341176 9216
680350392 144
680350536 1
679800504 786432
680586936 73728
680660664 899
680661563 48
680661611 12
680661623 3
341081146 340294714
681375860 147456
681523316 9216
681532532 899
681533431 3
681375860 540672
681916532 384
681916916 80
341111821 341111741
682223562 98304
682321866 10240
682332106 1152
682333258 40
682333298 3
682223562 327680
682551242 24576
682575818 5120
682580938 899
682581837 48
682581885 12
682581897 2
682551242 40960
682592202 1280
682593482 48
682593530 2
682223562 458753
682682315 18432
682700747 320
682701067 48
682701115 3
682701118 1
682223562 786432
683009994 196608
683206602 20480
683227082 1536
683228618 384
683229002 71
342749493 341111821
683861314 507905
684369219 1536
684370755 384
684371139 67
683861314 1132851
684994165 1536
684995701 1
683861314 1362227
685223541 163840
685387381 24576
685411957 1536
685413493 384
685413877 130
342814118 343363526
686177644 139264
686316908 6144
686323052 1026
686324078 1
343816553 344324413
688140966 294912
688435878 20480
688456358 3072
688459430 576
688460006 48
688460054 9
344555829 345110845
689666674 114689
689781363 4608
689785971 384
689786355 72
689786427 6
689666674 196608
689863282 18432
689881714 1280
689882994 113
689883107 2
348002267 348002266
696004533 139264
696143797 3072
696146869 516
696147385 2
348521457 348213622
696735079 163840
696898919 1536
696900455 384
696900839 48
696900887 12
696900899 3
348856463 348856368
697712831 589824
698302655 4224
698306879 29
698306908 2
697712831 1056768
698769599 12288
698781887 3072
698784959 768
698785727 96
698785823 6
349950704 348856463
698807167 589824
699396991 16640
699413631 36
699413667 2
350347120 350900976
701248096 458753
701706849 36864
701743713 768
701744481 12
701744493 1
351130166 350967210
702097376 163840
702261216 24576
702285792 264
702097376 327680
702425056 33280
702458336 20
702458356 1
351130166 351785526
702915692 147456
703063148 2176
703065324 125
702915692 163840
703079532 18432
703097964 768
703098732 72
703098804 6
351864782 351864783
703729565 1624371
705353936 81920
705435856 7231
705443087 192
705443279 33
353723083 353723074
707446157 81920
707528077 576
707528653 40
707528693 2
354268610 353835450
708104060 327680
708431740 20480
708452220 48
708452268 3
708452271 1
354359444 354359426
708718870 147456
708866326 12288
708878614 2560
708881174 384
708881558 6
708718870 1362227
710081097 20480
710101577 3072
710104649 272
710104921 12
710104933 1
708718870 1624371
710343241 327680
710670921 3072
710673993 768
710674761 48
710674809 2
710343241 458753
710801994 40960
710842954 4352
710847306 160
710847466 8
356523334 354359444
710882778 1179647
712062425 5120
712067545 144
712067689 6
712067695 1
710882778 1362227
712245005 73728
712318733 3072
712321805 576
712322381 29
712322410 2
356870735 357343888
714214623 327680
714542303 20480
714562783 3072
714565855 320
714566175 20
714566195 1
359252663 359056055
718308718 163840
718472558 24576
718497134 6144
718503278 384
718503662 68
718503730 2
359269162 359269161
718538323 98304
718636627 8193
718644820 48
718644868 6
360181911 359269162
719451073 655360
720106433 34816
720141249 1280
720142529 5
719451073 1231155
720682228 40960
720723188 6144
720729332 899
720730231 48
720730279 12
720730291 3
360181911 360710295
720892206 147456
721039662 9216
721048878 80
721048958 11
360711307 360711313
721422620 655360
722077980 98304
722176284 10240
722186524 1280
722187804 160
722187964 18
360711313 361561083
722272396 1132851
723405247 8704
723413951 320
723414271 20
723414291 1
362116092 362707962
724824054 278528
725102582 6144
725108726 899
725109625 80
725109705 6
362708098 362792238
725500336 73728
725574064 5120
725579184 576
725579760 24
725579784 3
725579787 1
362850378 362850366
725700744 294912
725995656 7231
726002887 384
726003271 39
363565071 362850378
726415449 655360
727070809 114689
727185498 9216
727194714 96
727194810 2
363565071 363958287
727523358 270336
727793694 1536
727795230 384
727795614 113
727795727 2
364251330 364251311
728502641 114689
728617330 12288
728629618 1280
728630898 160
728631058 12
728631070 3
728631073 1
364940620 364940618
729881238 2232933
732114171 18432
732132603 1536
732134139 160
732134299 20
732134319 1
367855328 364940620
732795948 1362227
734158175 24576
734182751 7231
734189982 131
732795948 2935090
735731038 49152
735780190 1280
735781470 192
735781662 36
735781698 1
368641760 367855328
736497088 163840
736660928 10240
736671168 768
736671936 12
736671948 1
368641760 368905952
737547712 24576
737572288 1536
737573824 384
737574208 80
737574288 12
737574300 2
737547712 196608
737744320 49152
737793472 3072
737796544 72
737796616 6
368907603 370088261
738995864 40960
739036824 1152
739037976 12
739037988 3
738995864 786432
739782296 34816
739817112 48
739817160 12
739817172 3
739817175 1
370102610 370407112
740509722 24576
740534298 3072
740537370 384
740537754 128
370702280 370702279
741404559 655360
742059919 40960
742100879 5120
742105999 768
742106767 80
742106847 6
742106853 1
372456689 373085868
745542557 507905
746050462 12288
746062750 2560
746065310 24
373119171 373479084
746598255 73728
746671983 3072
746675055 23
746598255 327680
746925935 40960
746966895 5120
746972015 576
746972591 2
373854025 374182097
748036122 458753
748494875 24576
748519451 899
748520350 80
374182097 375806468
749988565 786432
750774997 73728
750848725 6144
750854869 320
749988565 1310719
751299284 24576
751323860 2560
751326420 272
751326692 3
749988565 1362227
751350792 17408
751368200 264
751368464 3
751368467 1
376227366 376533154
752760520 114689
752875209 12288
752887497 3072
752890569 125
752890694 2
376689861 376689826
753379687 163840
753543527 8704
753552231 191
377066775 377066770
754133545 655360
754788905 49152
754838057 10240
754848297 48
754848345 12
754848357 2
754133545 1146879
755280424 17408
755297832 136
755297968 3
755297971 1
754133545 1624371
755757916 393216
756151132 18432
756169564 192
756169756 20
756169776 1
754133545 2935090
757068635 163840
757232475 18432
757250907 899
757251806 1
754133545 3747941
757881486 196608
758078094 24576
758102670 6144
758108814 899
758109713 113
382331730 377066775
759398505 1132851
760531356 4608
760535964 384
760536348 10
759398505 1624371
761022876 163840
761186716 24576
761211292 6144
761217436 144
761217580 1
759398505 2724453
762122958 24576
762147534 288
762147822 17
759398505 3747941
763146446 655360
763801806 3072
763804878 576
763805454 20
382806141 382806176
765612317 196608
765808925 49152
765858077 2304
765860381 192
765860573 11
383608508 383608528
767217036 458753
767675789 24576
767700365 2560
767702925 160
767703085 12
767703097 2
767217036 655360
767872396 12288
767884684 192
767884876 17
383608528 385555434
769163962 196608
769360570 12288
769372858 3072
769375930 899
769376829 23
769163962 393216
769557178 3072
769560250 113
769560363 11
769163962 1624371
770788333 458753
771247086 12288
771259374 1536
771260910 113
771261023 1
769163962 2541874
771705836 24576
771730412 1280
771731692 80
771731772 12
771731784 1
386382282 386382288
772764570 1089536
773854106 4608
773858714 36
773858750 2
772764570 2778930
775543500 81920
775625420 4608
775630028 40
775630068 2
772764570 2935090
775699660 139264
775838924 7231
775846155 640
775846795 68
775846863 2
389943529 386382288
776325817 81920
776407737 1536
776409273 68
776409341 1
776325817 1179647
777505464 40960
777546424 5120
777551544 576
777552120 23
776325817 1624371
777950188 147456
778097644 8704
778106348 80
778106428 2
777950188 327680
778277868 2560
778280428 192
778280620 40
777950188 393216
778343404 24576
778367980 1536
778369516 288
778369804 20
390668929 390668932
781337861 114689
781452550 10240
781462790 1152
781463942 72
781464014 1
781337861 655360
781993221 73728
782066949 7231
782074180 528
782074708 11
781337861 1572863
782910724 40960
782951684 5120
782956804 40
782956844 3
781337861 1624371
782962232 24576
782986808 6144
782992952 527
781337861 2888293
784226154 10240
784236394 20
390668932 394177560
784846492 1624371
786470863 557056
787027919 17408
787045327 544
787045871 24
787045895 3
787045898 1
394341400 394177560
788518960 6144
788525104 576
788525680 33
394374038 394374039
788748077 1231155
789979232 49152
790028384 3072
790031456 160
790031616 17
395709428 394374039
790083467 1179647
791263114 12288
791275402 899
791276301 40
791276341 5
396593696 397333799
793927495 12288
793939783 2176
793941959 12
793941971 1
397339647 397339639
794679286 163840
794843126 20480
794863606 2304
794865910 160
794866070 29
794866099 1
397531864 397339647
794871511 196608
795068119 24576
795092695 2304
795094999 80
795095079 3
795095082 1
398108918 398187224
796296142 20480
796316622 288
796316910 12
796316922 3
398353483 398353484
796706967 1362227
798069194 196608
798265802 4608
798270410 320
798270730 36
400237899 398353484
798591383 1624371
800215754 163840
800379594 24576
800404170 2560
800406730 384
800407114 48
800407162 3
800407165 1
798591383 2647866
801239249 40960
801280209 899
801281108 113
401417546 400237899
801655445 49152
801704597 8704
801713301 68
801713369 2
801655445 135168
801790613 1536
801792149 384
801792533 24
801792557 2
401439478 401439479
802878957 196608
803075565 24576
803100141 1152
803101293 1
401439479 402230475
803669954 1231155
804901109 69632
804970741 1536
804972277 95
803669954 1310719
804980673 17408
804998081 144
804998225 3
804998228 1
402820299 402230475
805050774 327680
805378454 36864
805415318 3072
805418390 192
805418582 19
805050774 589824
805640598 12288
805652886 384
805653270 113
805653383 5
402838731 402820299
805659030 2304
805661334 48
805661382 3
805661385 1
403230110 403230111
806460221 114689
806574910 3072
806577982 320
806578302 36
806460221 147456
806607677 2560
806610237 272
806610509 12
806610521 1
403854846 403230111
807084957 458753
807543710 24576
807568286 5120
807573406 384
807573790 96
807573886 6
807573892 1
403908404 403908405
807816809 196608
808013417 40960
808054377 7231
808061608 192
808061800 39
404256958 404256964
808513922 589824
809103746 20480
809124226 3072
809127298 640
809127938 24
809127962 3
404256964 404923561
809180525 24576
809205101 4352
809209453 96
809209549 12
809180525 589824
809770349 40960
809811309 640
809811949 35
404923561 405120169
810043730 40960
810084690 5120
810089810 288
810090098 6
810090104 1
810043730 196608
810240338 3072
810243410 48
810243458 1
405328166 405328165
810656331 196608
810852939 7231
810860170 576
810860746 1
810656331 786432
811442763 139264
811582027 4224
811586251 48
811586299 1
405328166 406547932
811876098 589824
812465922 4608
812470530 143
406886350 406886349
813772699 49152
813821851 12288
813834139 3072
813837211 640
813837851 68
813772699 1310719
815083418 1536
815084954 136
815085090 5
406886350 408759974
815646324 655360
816301684 69632
816371316 2304
816373620 192
816373812 29
816373841 1
408773726 408773728
817547454 507905
818055359 5120
818060479 384
818060863 125
818060988 2
409649480 408773728
818423208 18432
818441640 899
818442539 72
818442611 2
818423208 393216
818816424 40960
818857384 6144
818863528 1032
818864560 5
818423208 786432
819209640 98304
819307944 12288
819320232 1088
819321320 40
819321360 3
819321363 1
819209640 163840
819373480 6144
819379624 768
819380392 113
819380505 8
409741566 410362604
820104170 294912
820399082 18432
820417514 1536
820419050 384
820419434 96
820419530 3
412902130 413180658
826082788 163840
826246628 7231
826253859 320
826254179 36
826254215 2
415559648 415489263
831048911 73728
831122639 5120
831127759 384
831128143 18
415570900 415570910
831141810 393216
831535026 24576
831559602 1152
831560754 12
831560766 2
416255307 416795979
833051286 266240
833317526 3072
833320598 768
833321366 40
833321406 6
416807851 416807862
833615713 589824
834205537 5120
834210657 528
834211185 6
833615713 786432
834402145 4608
834406753 320
834407073 10
416807862 417785507
834593369 1362227
835955596 163840
836119436 24576
836144012 320
836144332 36
419240843 419227407
838468250 1179647
839647897 40960
839688857 2112
839690969 40
839691009 3
419240843 420865214
840106057 786432
840892489 33280
840925769 80
840925849 12
840106057 1362227
841468284 163840
841632124 12288
841644412 640
841645052 113
841645165 3
421269167 421269177
842538344 114689
842653033 4224
842657257 40
842657297 6
421927329 421464918
843392247 655360
844047607 69632
844117239 2560
844119799 320
844120119 34
843392247 786432
844178679 196608
844375287 20480
844395767 1536
844397303 40
844397343 5
421927329 422582689
844510018 294912
844804930 4224
844809154 80
844809234 6
422713637 422713638
845427275 196608
845623883 12288
845636171 96
845636267 3
845427275 1362227
846789502 69632
846859134 2560
846861694 384
846862078 72
846862150 6
422713638 424291819
847005457 393216
847398673 136
847398809 5
847005457 589824
847595281 18432
847613713 288
847614001 20
424863683 424863680
849727363 655360
850382723 49152
850431875 8704
850440579 192
850440771 5
424863683 426104983
850968666 1362227
852330893 147456
852478349 2176
852480525 48
852480573 6
427415702 426104983
853520685 589824
854110509 20480
854130989 576
854131565 19
853520685 786432
854307117 163840
854470957 5120
854476077 899
854476976 48
854477024 6
854477030 1
427652400 427652399
855304799 36864
855341663 384
855342047 34
855304799 262656
855567455 95
427652400 428094047
855746447 532480
856278927 4608
856283535 320
856283855 24
428544987 428880479
857425466 114689
857540155 1280
857541435 113
857541548 6
429163727 429325202
858488929 114689
858603618 192
858603810 34
429352970 429590473
858943443 196608
859140051 7231
859147282 544
859147826 2
859140051 40960
859181011 3072
859184083 272
859184355 5
429726458 429726457
859452915 34816
859487731 1088
859488819 40
859488859 5
431176264 431176298
862352562 786432
863138994 266240
863405234 1280
863406514 160
863406674 18
862352562 1081343
863433905 7231
863441136 320
863441456 35
862352562 1624371
863976933 327680
864304613 1536
864306149 20
864306169 2
431176298 433696408
864872706 786432
865659138 196608
865855746 49152
865904898 3072
865907970 160
865908130 12
865908142 3
864872706 2232933
867105639 24576
867130215 640
867130855 17
433830095 433830072
867660167 327680
867987847 10240
867998087 640
867998727 72
867998799 3
867998802 1
434351768 433830095
868181863 294912
868476775 7231
868484006 160
868484166 8
868181863 327680
868509543 40960
868550503 899
868551402 72
868551474 6
434439040 434439041
868878081 1572863
870450944 8704
870459648 96
870459744 12
870459756 3
870459759 1
434439041 436214966
870654007 1624371
872278378 114689
872393067 12288
872405355 3072
872408427 640
872409067 9
436252862 436252863
872505725 139264
872644989 3072
872648061 640
872648701 24
436837606 437255411
874093017 81920
874174937 3072
874178009 768
874178777 113
874178890 3
874178893 1
437260055 437260056
874520111 589824
875109935 24576
875134511 3072
875137583 576
875138159 40
875138199 6
437260056 439065213
876325269 147456
876472725 12288
876485013 2560
876487573 320
876487893 40
876487933 3
876325269 1362227
877687496 114689
877802185 3072
877805257 768
877806025 40
877806065 3
876325269 1624371
877949640 147456
878097096 9216
878106312 899
878107211 23
440641430 440641418
881282848 24576
881307424 144
881307568 8
441220329 441538995
882759324 40960
882800284 6144
882806428 576
882807004 34
882759324 114689
882874013 12288
882886301 1536
882887837 264
882759324 294912
883054236 16640
883070876 160
883071036 24
883071060 3
883071063 1
441538995 442096051
883635046 98304
883733350 8448
883741798 136
883741934 5
883635046 458753
884093799 34816
884128615 768
884129383 33
442558865 442126337
884685202 786432
885471634 196608
885668242 20480
885688722 1536
885690258 384
885690642 72
884685202 1116467
885801669 12288
885813957 2560
885816517 192
885816709 48
885816757 6
885816763 1
443363425 443363437
886726862 294912
887021774 16896
887038670 32
444350724 443363437
887714161 73728
887787889 8130
887796019 12
887796031 3
887796034 1
444953827 444953815
889907642 81920
889989562 8704
889998266 113
889998379 6
889998385 1
889998266 129
889907642 196608
890104250 9216
890113466 264
444953827 445581879
890535706 393216
890928922 40960
890969882 7231
890977113 160
890977273 24
890977297 2
445581879 445655607
891237486 20480
891257966 2176
891260142 96
891260238 6
445661047 445661086
891322133 40960
891363093 6144
891369237 320
891369557 40
891369597 3
891369600 1
891322133 278528
891600661 10240
891610901 1536
891612437 320
891612757 34
445975095 445661086
891636181 147456
891783637 3072
891786709 192
891786901 48
891786949 12
891786961 3
446323857 446190551
892514408 12288
892526696 3072
892529768 384
892530152 72
892530224 3
446323857 447437968
893761825 7231
893769056 640
893769696 40
447440144 447440146
894880290 81920
894962210 4608
894966818 192
894967010 24
894967034 3
894967037 1
894880290 786432
895666722 196608
895863330 49152
895912482 9216
895921698 528
895922226 9
447440146 448711797
896151943 1056768
897208711 20480
897229191 640
897229831 9
448925430 448726958
897652388 49152
897701540 5120
897706660 576
897707236 3
897707239 1
897652388 147456
897799844 5120
897804964 576
897805540 48
897805588 3
897805591 1
897652388 163840
897816228 7231
897823459 640
897824099 96
897824195 12
448932763 448932757
897865520 133120
897998640 1152
897999792 96
897999888 2
897865520 163840
898029360 9216
898038576 640
898039216 113
898039329 5
897865520 655360
898520880 640
898521520 96
898521616 6
898521622 1
897865520 1231155
899096675 17408
899114083 899
899114982 48
899115030 3
897865520 1310719
899176239 20480
899196719 1536
899198255 384
899198639 80
899198719 12
899198731 2
897865520 3172146
901037666 49152
901086818 4608
901091426 68
901091494 1
448932763 453167695
902100458 1056768
903157226 17408
903174634 640
903175274 33
902100458 1179647
903280105 36864
903316969 3072
903320041 768
903320809 72
903320881 1
902100458 1624371
903724829 196608
903921437 49152
903970589 9216
903979805 288
903980093 10
902100458 2935090
905035548 49152
905084700 8130
905092830 19
902100458 3747941
905848399 393216
906241615 40960
906282575 2079
902100458 4442791
906543249 49152
906592401 384
906592785 96
906592881 12
906592893 3
906592896 1
453446223 453167695
906613918 114689
906728607 10240
906738847 1152
906739999 96
906740095 12
906740107 2
454634682 454792066
909426748 163840
909590588 10240
909600828 1536
909602364 192
909602556 12
909602568 3
454833597 455400628
910234225 327680
910561905 768
910562673 40
910234225 393216
910627441 33792
910661233 768
910662001 6
455815561 455469961
911285522 327680
911613202 24576
911637778 2176
911639954 48
911640002 1
455833560 455833561
911667121 507905
912175026 12288
912187314 899
912188213 12
912188225 3
912188228 1
455833561 456416436
912249997 98304
912348301 12288
912360589 519
912249997 393216
912643213 40960
912684173 7231
912691404 384
912691788 12
457379890 456744868
914124758 114689
914239447 6144
914245591 288
914245879 2
914124758 589824
914714582 20480
914735062 3072
914738134 768
914738902 113
914739015 10
457507048 457507047
915014095 393216
915407311 20480
915427791 1026
915407311 24576
915431887 4352
915436239 192
915436431 29
915014095 1572863
916586958 2560
916589518 192
916589710 12
916589722 2
915014095 1624371
916638466 507905
917146371 10240
917156611 1536
917158147 384
917158531 113
917158644 6
457507048 459866071
917373119 1165619
918538738 6144
918544882 384
918545266 96
918545362 12
917373119 1624371
918997490 458753
919456243 16640
919472883 143
459947931 459947929
919895860 1231155
921127015 1088
921128103 40
459947931 461916077
921864008 163840
922027848 20480
922048328 3072
922051400 899
922052299 3
922027848 24576
922052424 3072
922055496 192
922055688 47
921864008 458753
922322761 36864
922359625 2560
922362185 384
922362569 113
922362682 5
462374830 461916077
924290907 393216
924684123 33792
924717915 576
924718491 40
924718531 3
462514845 462514797
925029642 786432
925816074 196608
926012682 49152
926061834 12288
926074122 1536
926075658 192
926075850 12
926075862 3
925029642 1362227
926391869 12288
926404157 264
926404421 3
926404424 1
462514845 464399676
926914521 458753
927373274 4159
926914521 786432
927700953 196608
927897561 12288
927909849 1040
927910889 8
927897561 24576
927922137 5120
927927257 640
927927897 113
926914521 1624371
928538892 163840
928702732 12288
928715020 899
928715919 80
928715999 10
464728259 464613570
929341829 33024
929374853 113
929374966 3
929341829 66560
929408389 768
929409157 32
929341829 81920
929423749 8704
929432453 160
929432613 2
465095683 465095689
930191372 786432
930977804 2560
930980364 160
930980524 12
930980536 2
930191372 1179647
931371019 16896
931387915 384
931388299 125
931388424 1
930191372 1362227
931553599 163840
931717439 1536
931718975 320
931719295 12
931719307 3
931553599 196608
931750207 12288
931762495 320
931762815 40
931762855 3
467152665 467152699
934305364 1146879
935452243 12288
935464531 23
934305364 1310719
935616083 12288
935628371 3072
935631443 192
935631635 48
935631683 12
935631695 3
467152699 468587037
935739736 1089536
936829272 1152
936830424 80
936830504 5
468751609 468751610
937503219 163840
937667059 18432
937685491 1152
937686643 48
937686691 8
469903909 468751610
938655519 196608
938852127 49152
938901279 9216
938910495 640
938911135 80
938911215 1
470767287 470481274
941248561 786432
942034993 10240
942045233 1536
942046769 320
942047089 40
942047129 1
472042820 472042822
944085642 24576
944110218 1280
944111498 192
944111690 48
944111738 3
944111741 1
472042822 472417088
944459910 40960
944500870 2176
944503046 24
944503070 3
944503073 1
472417788 473494283
945912071 1179647
947091718 24576
947116294 5120
947121414 768
947122182 68
947122250 1
474496212 474496222
948992434 81920
949074354 12288
949086642 3072
949089714 640
949090354 33
474960756 474703250
949664006 49152
949713158 2560
949715718 192
949715910 48
949715958 2
475077539 475339943
950417482 163840
950581322 12288
950593610 2304
950595914 48
950595962 1
475508022 475508023
951016045 294912
951310957 24576
951335533 7231
951342764 768
951343532 10
951016045 1362227
952378272 139264
952517536 2176
952519712 12
952519724 1
951016045 1624371
952640416 114689
952755105 10240
952765345 899
952766244 40
952640416 270336
952910752 6144
952916896 384
952917280 113
952917393 5
477591801 477632359
955224160 34816
955258976 1536
955260512 384
955260896 36
955260932 1
477645526 477645523
955291049 24576
955315625 7231
955322856 192
955323048 8
955291049 294912
955585961 8448
955594409 12
955594421 2
478912666 477645526
956558192 81920
956640112 9216
956649328 899
956650227 1
479089946 479089978
958179924 24576
958204500 4352
958208852 80
958208932 11
479089978 479609901
958699879 1056768
959756647 18432
959775079 1152
959776231 80
959776311 6
480396333 479609901
960006234 589824
960596058 10240
960606298 1152
960607450 2
480655842 480655841
961311683 786432
962098115 40960
962139075 4608
962143683 288
962143971 29
962144000 1
481651429 480655842
962307271 458753
962766024 18432
962784456 1280
962785736 192
962785928 40
481651429 481914085
963565514 196608
963762122 7231
963769353 768
963770121 48
963770169 12
963770181 2
481914280 481914277
963828557 1179647
965008204 36864
965045068 320
965045388 48
963828557 1624371
965452928 163840
965616768 18432
965635200 899
965636099 5
481914280 484268588
966182868 1572863
967755731 20480
967776211 3072
967779283 899
967780182 80
967780262 12
967780274 2
966182868 1624371
967807239 458753
968265992 24576
968290568 3072
968293640 640
968294280 10
966182868 2265701
968448569 49152
968497721 1536
968499257 516
968499773 1
966182868 2345266
968528134 36864
968564998 3072
968568070 29
968568099 2
485055020 484268588
969323608 294912
969618520 12288
969630808 2304
969633112 136
969633248 6
485165111 485165100
970330211 34816
970365027 576
970365603 3
485390109 485390107
970780216 655360
971435576 67584
971503160 1536
971504696 384
971505080 24
971505104 3
970780216 786432
971566648 81920
971648568 10240
971658808 768
971659576 113
971659689 11
970780216 1231155
972011371 24576
972035947 6144
972042091 768
972042859 125
972042984 1
970780216 1572863
972353079 36864
972389943 2304
972392247 17
970780216 1624371
972404587 40960
972445547 2176
972447723 48
972447771 12
972447783 3
487997852 485390109
973387961 327680
973715641 1280
973716921 36
973716957 2
973387961 1116467
974504428 48
974504476 12
974504488 1
488129514 488204683
976334197 196608
976530805 20480
976551285 2176
976553461 72
490065072 490065084
980130156 163840
980293996 6144
980300140 192
980300332 48
980300380 6
491273092 490065084
981338176 73728
981411904 7231
981419135 384
981419519 66
981338176 327680
981665856 10240
981676096 384
981676480 80
981676560 12
981676572 1
981338176 589824
981928000 20480
981948480 768
981949248 9
981928000 24576
981952576 6144
981958720 384
981959104 40
981959144 2
981338176 655360
981993536 40960
982034496 1536
982036032 384
982036416 3
982036419 1
981338176 1310719
982648895 34816
982683711 288
982683999 5
491575087 491575090
983150177 114689
983264866 6144
983271010 528
983271538 3
983150177 163840
983314017 16896
983330913 384
983331297 113
983331410 3
983150177 1362227
984512404 98304
984610708 12288
984622996 2304
984625300 96
984625396 3
984625399 1
984512404 131584
984643988 899
984644887 48
984644935 3
983150177 1572863
984723040 20480
984743520 768
984744288 80
491575090 494062296
985637386 294912
985932298 12288
985944586 2112
985946698 48
985946746 10
985637386 786432
986423818 49152
986472970 12288
986485258 768
986486026 96
986486122 12
986486134 3
986486137 1
985637386 1231155
986868541 2560
986871101 192
986871293 2
985637386 2387940
988025326 34816
988060142 1536
988061678 192
988061870 40
985637386 2601573
988238959 20480
988259439 2560
988261999 80
988262079 2
494508862 496197559
990706421 786432
991492853 196608
991689461 33792
991723253 160
991723413 3
991723416 1
990706421 1310719
992017140 18432
992035572 80
992035652 5
497328403 497328406
994656809 458753
995115562 24576
995140138 6144
995146282 576
995146858 33
497915202 497328406
995243608 98304
995341912 12288
995354200 1040
995355240 2
498115842 498349926
996465768 40960
996506728 6144
996512872 768
996513640 33
498704923 498704922
997409845 557056
997966901 18432
997985333 319
498704923 499482777
998187700 458753
998646453 9216
998655669 576
998656245 1
499496153 499496193
998992346 133120
999125466 1040
