1427
1 1
2 1
1 2
3 1
3 1
3 2
3 3
4 3
4 4
4 5
9 1
6 5
5 6
7 6
13 1
7 8
15 1
9 8
17 1
9 10
9 10
19 1
11 10
11 11
22 1
13 11
24 1
24 1
24 2
13 14
27 1
15 14
29 1
15 16
31 1
17 16
17 16
33 1
17 18
19 18
19 19
19 20
21 20
41 1
21 22
43 1
23 22
25 26
51 1
27 28
55 1
29 30
59 1
33 32
34 33
33 34
67 1
35 34
69 1
35 37
72 1
38 37
75 1
38 39
77 1
77 2
41 39
80 2
41 42
43 42
85 1
43 44
87 1
45 44
89 2
45 51
96 1
96 5
52 51
103 1
103 2
52 55
56 55
111 2
60 65
125 4
125 6
67 67
69 68
73 72
77 78
78 79
101 103
204 2
104 105
125 113
238 6
238 7
238 9
238 13
129 125
254 3
254 5
131 134
265 1
137 134
271 4
137 145
282 1
282 10
145 155
300 7
157 155
312 25
157 204
361 10
206 204
410 4
238 209
447 15
238 244
482 2
251 247
498 1
498 6
254 257
511 2
511 4
257 259
516 5
271 266
537 2
292 300
592 1
592 2
300 307
607 5
361 337
698 32
698 33
371 361
732 1
732 5
732 13
732 23
732 29
371 410
781 11
792 1
410 414
824 33
482 484
966 3
498 484
982 3
513 511
1024 1
1024 3
515 516
1031 2
521 516
1037 14
539 537
1076 16
1076 29
612 607
1219 22
1219 45
1264 3
793 824
1617 21
857 824
1681 72
1025 1024
2049 2
1025 1027
2052 5
1037 1033
2070 5
1076 1051
2127 2
1076 1092
2168 20
2168 21
2168 23
2168 27
1092 1105
2197 6
2197 22
2197 52
2249 2
2197 91
2288 3
2197 113
2310 5
1105 1219
2324 113
2437 6
1264 1267
2531 4
2531 157
2688 11
2531 245
2776 1
1617 1267
2884 89
2973 1
2884 312
3196 15
3196 24
1681 1753
3434 145
3579 3
1753 2049
3802 292
4094 3
4094 5
2051 2052
4103 2
2057 2052
4109 14
2075 2070
4145 32
2075 2127
4202 33
2129 2168
4297 42
2437 2324
4761 60
4821 4
4761 65
2688 2535
5223 101
2974 3196
6170 113
3211 3220
6431 131
6562 1
6431 134
6431 137
6568 1
6431 145
6576 1
6431 157
6588 5
6588 37
3220 3434
6654 35
6654 157
6811 6
3579 3434
7013 60
3802 3582
7384 157
7541 44
4094 4097
8191 2
8191 4
4097 4099
8196 5
4109 4105
8214 5
4145 4123
8268 5
4202 4177
8379 56
4297 4235
8532 77
4297 4339
8636 107
8743 2
8636 283
8919 2
4826 4825
9651 275
9926 6
5223 4826
10049 312
10361 18
5324 5223
10547 107
10654 3
7073 7384
14457 292
14749 4
7585 8191
15776 244
8193 8191
16384 1
16384 3
8195 8196
16391 2
8201 8196
16397 14
8219 8214
16433 32
8273 8268
16541 86
8435 8532
16967 145
17112 1
8921 8919
17840 731
9926 9651
19577 107
19684 1
19684 3
19577 113
19690 1
19690 9
19577 137
19714 1
19577 157
19734 13
19577 209
19786 25
9932 9926
19858 80
19938 1
10049 9932
19981 209
20190 5
10361 10049
20410 292
20702 5
10654 10657
21311 414
21725 6
21311 1617
22928 17
21311 2443
23754 25
10657 14457
25114 2699
27813 60
27873 2
16384 16385
32769 2
16387 16385
32772 5
16393 16397
32790 5
16411 16433
32844 5
16465 16541
33006 5
16627 16541
33168 312
33480 17
17113 17840
34953 2
34953 1105
36058 9
19684 19577
39261 68
25114 23779
48893 2219
51112 18
48893 3434
52327 113
52440 11
27873 27875
55748 3220
58968 82
58968 83
58968 85
58968 89
58968 97
58968 113
58968 145
58968 209
55748 3434
59182 113
59295 10
55748 3802
59550 11
55748 4297
60045 28
27875 32769
60644 447
61091 6
60644 2443
63087 56
63143 2
60644 4826
65470 67
65470 69
32772 32771
65543 2
32772 32777
65549 14
32790 32795
65585 32
32844 32849
65693 86
33168 33011
66179 86
33497 33480
66977 259
67236 5
66977 745
67722 1
36058 34955
71013 1076
72089 8
36067 39261
75328 105
39329 39261
78590 6625
85215 4
48893 39329
88222 3582
91804 13
61097 63087
124184 371
124555 30
65537 65470
131007 65
131072 1
131007 68
65537 65539
131076 5
65549 65545
131094 5
65585 65563
131148 5
65693 65617
131310 5
65693 65779
131472 86
131472 312
131784 17
66977 66265
133242 17
67723 67722
135445 2188
75328 72097
147425 3220
150645 107
150752 3
85219 88222
173441 3582
177023 125
177148 1
177148 3
177023 131
177154 1
177023 137
177160 3
177023 155
177178 1
177023 157
177180 31
173441 3802
177243 32
177243 157
177400 3
173441 4202
177643 16
173441 4339
177780 371
178151 20
173441 5324
178765 414
179179 16
88222 91804
180026 1105
181131 111
181242 1
91817 91804
183621 1681
185302 37
183621 6431
190052 69
183621 9651
193272 259
183621 25114
208735 1105
209840 75
91817 124184
216001 25114
241115 1267
242382 300
242682 1
131072 131073
262145 2
131075 131076
262151 2
131081 131076
262157 14
131099 131094
262193 32
131153 131148
262301 86
131315 131472
262787 86
131801 131784
263585 745
264330 1
135445 133259
268704 1
135445 137633
273078 8745
281823 4
150755 150752
301507 6689
308196 23
301507 19685
321192 1
301507 19687
216001 209915
425916 10657
436573 2699
439272 19
242683 262145
504828 18571
523399 857
524256 33
524256 35
262145 262147
524292 2
524292 5
262153 262157
524310 5
262171 262193
524364 5
262225 262301
524526 5
262387 262301
524688 312
525000 17
263585 262873
526458 17
264331 264330
528661 2188
528661 2777
531438 4
531438 5
531438 7
531438 11
531438 19
531438 35
531438 67
528661 2884
531545 24
528661 2974
531635 60
531695 2
528661 3220
531881 72
528661 3802
532463 2
268704 264331
533035 447
533482 7
533035 2443
535478 59
268705 268704
537409 2219
539628 5
273078 268705
541783 2188
541783 3802
545585 137
545722 2
541783 5324
547107 698
547805 20
281827 281823
563650 539
564189 20
301507 281827
583334 3
583334 10657
593991 2974
596965 11
596976 1
321193 321194
642387 19981
662368 145
642387 58968
701355 80
321194 425916
747110 39329
786439 7073
793512 73
524289 524256
1048545 32
1048545 34
524291 524292
1048583 2
524294 524297
1048591 11
1048602 1
524315 524310
1048625 32
524369 524364
1048733 86
524531 524688
1049219 86
525000 525017
1050017 745
1050762 1
526475 528661
1055136 1
1055136 593
533482 533489
1066971 1267
1068238 21
547805 547825
1095630 10657
1106287 1267
1107554 70
1107624 1
596976 596977
1193953 27875
1221828 3802
1225630 91
1225721 2
793512 786439
1579951 65
1580016 1
793585 793512
1587097 7073
1594170 145
1594315 9
1594170 155
1594170 157
1594327 4
1594327 11
1594338 1
1594327 28
1594170 209
1594379 8
1594170 275
1594445 6
1587097 7384
1594481 97
1594578 1
1587097 7585
1594682 145
1594827 8
1587097 8219
1595316 31
1587097 8921
1596018 337
1596355 16
1587097 10657
1597754 612
1598366 52
1598418 1
1587097 14753
1601850 612
1602462 52
1602514 1
1587097 22945
1610042 612
1610654 52
1610706 1
1587097 39329
1626426 612
1627038 52
1627090 1
1587097 72097
1659194 612
1659806 52
1659858 1
1587097 137633
1724730 612
1725342 52
1725394 1
1048545 793585
1842130 10657
1852787 3582
1856369 97
1856466 1
1048577 1048545
2097122 31
2097122 33
1048579 1048577
2097156 5
1048585 1048591
2097176 3
1048625 1048603
2097228 5
1048733 1048657
2097390 5
1048733 1048819
2097552 312
2097864 17
1049305 1050017
2099322 17
1050762 1050763
2101525 2188
1055729 1055137
2110866 5324
2116190 612
2116802 33
2110866 7585
2118451 157
2118608 3
1068259 1068238
2136497 19699
2156196 5
1107625 1107624
2215249 59050
1225721 1225723
2451444 177149
2451444 190121
2641565 1267
2642832 67
1725395 1842130
3567525 91817
3659342 27875
3687217 4235
3691452 23
2097153 2097122
4194275 30
4194275 32
2097155 2097156
4194311 2
2097161 2097156
4194317 14
2097179 2097176
4194355 30
2097233 2097228
4194461 86
2097395 2097552
4194947 86
2097864 2097881
4195745 745
4196490 1
2099339 2101525
4200864 1
2103713 2101525
4205238 8745
4213983 4
2118611 2118608
4237219 16020
4253239 113
4253352 1
2215249 2156201
4371450 1
2451444 2274299
4725743 2
4725743 55748
4781491 1267
4782758 209
4782967 3
4782967 4
4782967 6
4782967 10
4782967 18
4782758 238
4782996 5
4782758 275
4782758 337
4783095 2
4781491 1681
4783172 52
4783224 1
4781491 1753
4783244 209
4783453 28
4781491 2443
4783934 59
4725743 59182
4784925 91
4785016 1
4725743 61097
4786840 209
4787049 16
4725743 63145
4788888 2251
4791139 22
4725743 72097
4797840 1267
4799107 245
4799352 1
4725743 88222
4813965 1753
4815718 19
4725743 91817
4817560 27875
4845435 2974
4848409 96
4725743 185339
4911082 2884
4913966 75
4725743 308219
5033962 10657
5044619 484
5045103 10
2642899 2642832
5285731 21311
5307042 209
5307251 6
5285731 439291
5725022 63145
5788167 447
5788614 13
5285731 545724
5831455 89
5831544 1
3567525 2642899
6210424 662513
6872937 7073
6880010 111
4194305 4194275
8388580 29
8388580 31
4194307 4194305
8388612 5
4194313 4194317
8388630 5
4194331 4194355
8388686 3
4194385 4194461
8388846 5
4194547 4194461
8389008 86
8389008 312
8389320 17
4195033 4195745
8390778 17
4196490 4196491
8392981 1
8392981 2188
4200865 4205238
8406103 2188
4213983 4213987
8427970 19687
4253352 4253353
8506705 59050
4371450 4371451
8742901 177148
8742901 216001
8958902 17840
8976742 521
8977263 10
5033962 4914041
9948003 33497
9981500 1267
9982767 157
9982924 7
6210424 6872937
13083361 85219
13168580 2974
13171554 23
6880010 6880121
13760131 583337
14343468 5324
14348792 113
14348905 3
14348905 4
14348905 6
14348905 10
14348792 131
14348792 145
14348937 2
14348792 157
14348949 22
14348792 238
14349030 5
14348792 371
14348792 612
14349404 15
14343468 6431
14349899 32
14343468 7384
14350852 103
14343468 8921
14352389 612
14353001 2
13760131 596965
14357096 3
13760131 596977
14357108 7585
14364693 594
14365287 4
14357108 23779
14380887 781
14381668 7
13760131 642387
14402518 10657
14413175 1267
14414442 1
13760131 701435
14461566 17840
14479406 539
14479945 34
13760131 793585
14553716 55748
14609464 1267
14610731 312
14611043 8
13760131 1107625
14867756 5324
14873080 113
14873193 2
6880121 8388580
15268701 124585
15393286 4177
15397463 20
15268701 1107625
16376326 67723
16444049 1753
16445802 257
8388609 8388580
16777189 28
16777189 30
8388611 8388612
16777223 2
8388617 8388612
16777229 14
8388635 8388630
16777265 32
8388689 8388686
16777375 83
16777458 1
8389008 8388851
16777859 86
8389320 8389337
16778657 745
16779402 1
8390795 8392981
16783776 1
8392982 8395169
16788151 8745
16796896 3
8408291 8427970
16836261 4
8447657 8506705
16954362 1
8565755 8742901
17308656 1
8977273 8977263
17954536 321194
18275730 91817
18367547 3802
18371349 157
18371506 33
17954536 583337
18537873 5324
18543197 14
9982931 9982924
19965855 1594327
21560182 3
19965855 2642899
22608754 124585
22733339 4145
22737484 31
15397483 15397463
30794946 321194
31116140 9932
31126072 51
16777217 16777189
33554406 27
33554406 29
16777219 16777217
33554436 5
16777225 16777229
33554454 5
16777243 16777265
33554508 5
16777297 16777375
33554672 3
16777458 16777459
33554917 244
16778657 16777945
33556602 17
16779403 16779402
33558805 2188
16783777 16788151
33571928 2168
33574096 19
16796899 16796896
33593795 19685
33613480 1
16836261 16836265
33672526 59053
16954362 16954363
33908725 177148
17308656 17308657
34617313 531442
18543211 18543197
37086408 1225723
38312131 25114
38337245 155
38337400 1
19965855 21560182
41526037 1225723
42751760 281827
43033587 10657
43044244 2443
43046687 35
43046722 1
43046687 38
43046687 42
43046687 45
43046732 5
43046687 65
43046752 1
43044244 2535
43046779 6
43046779 70
43044244 2699
43046943 34
43044244 2974
43047218 15
43044244 3434
43047678 67
43033587 14753
43048340 414
43048754 15
43033587 17113
43050700 113
43050813 4
42751760 301507
43053267 1638
43054905 8
42751760 308219
43059979 2974
43062953 145
43063098 7
42751760 321194
43072954 6431
43079385 104
41526037 1580017
43106054 6170
43112224 33
21560182 21560185
43120367 55748
43176115 1638
43177753 39
43177792 1
43120367 185339
43305706 2974
43308680 157
43308837 28
43120367 439291
43559658 10657
43570315 612
43570927 82
43120367 793585
43913952 181243
44095195 101
44095296 1
21560185 22608754
44168939 793585
44962524 181243
45143767 105
45143872 1
22737484 22737515
45474999 1725395
47200394 39329
47239723 1267
47240990 35
45474999 2274299
47749298 150755
47900053 3220
47903273 65
47903338 1
45474999 5831545
51306544 124585
51431129 4177
51435306 23
30794946 22737515
53532461 6210424
59742885 78590
59821475 2443
59823918 19
33554433 33554406
67108839 26
67108839 28
33554435 33554436
67108871 2
33554441 33554436
67108877 14
33554459 33554454
67108913 32
33554513 33554508
67109021 86
33554675 33554917
67109592 1
33555161 33554917
67110078 969
67111047 4
33558805 33556619
67115424 1
33558805 33560993
67119798 8745
67128543 4
33593795 33574115
67167910 3
33613481 33672526
67286007 4
33731579 33908725
67640304 1
34085873 34617313
68703186 1
35148755 34617313
69766068 2118611
71884679 7073
71891752 80
71891832 1
37086408 38312131
75398539 1193953
76592492 8636
76601128 25
38337401 41526037
79863438 1594331
81457769 2
51435329 53532461
104967790 5045113
110012903 137633
110150536 4826
110155362 209
110155571 14
67108839 59823937
126932776 2156201
129088977 51130
129140107 56
129140163 1
129140163 2
129140107 60
129140167 4
129140107 72
129140107 88
129140107 113
129140220 7
129140107 157
129140264 27
129140107 312
129140107 539
129140646 29
129140107 1076
129141183 4
129088977 52451
129141428 781
129142209 2
129141428 2777
129144205 52
129144257 2
126932776 2215249
129148025 312
129148337 18
129148025 8435
129156460 87
129148025 23779
129171804 1105
129172909 22
129148025 55748
129203773 1753
129205526 157
129205683 16
126932776 2274299
129207075 63145
129270220 985
129271205 30
126932776 2451444
129384220 17840
129402060 247
126932776 2642899
129575675 88222
129663897 539
129664436 15
129575675 596977
130172652 16020
130188672 67
126932776 4253353
131186129 51130
131237259 56
126932776 6210424
133143200 190121
133333321 1105
133334426 41
67108839 67108865
134217704 25
134217704 27
67108865 67108867
134217732 2
134217732 5
67108873 67108877
134217750 5
67108891 67108913
134217804 5
67108945 67109021
134217966 5
67109107 67109021
134218128 312
134218440 17
67110078 67109593
134219671 244
67111051 67111047
134222098 4
134222098 2191
67119798 67115425
134235223 2188
67128547 67128543
134257090 19687
67167913 67167910
134335823 59051
134394874 1
67286007 67286011
134572018 177151
67640304 67640305
135280609 531442
68703186 68703187
137406373 91817
137498190 27875
137526065 2699
137528764 7
68703187 69766068
138469255 531442
71891832 71891833
143783665 2118611
145902276 14753
145917029 337
145917366 13
71891833 75398539
147290372 1225723
148516095 48893
148564988 1638
148566626 9
79863438 81457769
161321207 1225723
162546930 147425
162694355 238
162694593 2
81457769 81457771
162915540 14348909
104967790 81457771
186425561 8977273
195402834 793585
196196419 52451
196248870 157
131237315 131237259
262474574 793585
263268159 88222
263356381 1267
263357648 238
263357886 5
134217729 134217704
268435433 24
268435433 26
134217731 134217732
268435463 2
134217734 134217737
268435471 11
268435482 1
134217755 134217750
268435505 32
134217809 134217804
268435613 86
134217971 134218128
268436099 86
134218440 134218457
268436897 745
268437642 1
134219915 134222098
268442013 4
134222102 134224289
268446391 8745
268455136 3
134237411 134257090
268494501 4
134276777 134335823
268612600 3
134572018 134394875
268966893 4
135280609 134749169
270029778 1
137406373 135812051
273218424 1
139000697 143783665
282784362 1
148566635 161321207
309887842 1594331
311482173 4
195402834 186425561
381828395 5307257
387135652 281827
387417479 2974
387420453 37
387420453 38
387420453 39
387420492 1
387420453 44
387420453 52
387420453 68
387420453 97
387420550 3
387420453 157
387420610 7
387417479 3220
387420699 45
387420744 1
387417479 3434
387420913 88
387417479 3802
387421281 209
387421490 23
387417479 4826
387422305 209
387422514 23
387417479 7073
387424552 33
387417479 10657
387428136 539
387428675 6
387417479 18571
387436050 793
387436843 30
387135652 308219
387443871 8921
387452792 462
387453254 3
387135652 321194
387456846 27875
387484721 1267
387485988 37
387456846 91817
387548663 2884
387551547 14
381828395 5831545
387659940 21731
387681671 857
387682528 105
387659940 281827
387941767 2974
387944741 35
387944776 1
381828395 6210424
388038819 425916
388464735 4297
388469032 33
381828395 6880121
388708516 793585
389502101 14753
389516854 781
389517635 6
195402834 196196419
391599253 14753
391614006 781
391614787 6
196248870 196249027
392497897 2642899
395140796 662513
395803309 5324
395808633 462
395809095 2
392497897 5045113
397543010 27875
397570885 4339
397575224 371
397575595 24
392497897 9982931
402480828 1659859
404140687 55748
404196435 1267
404197702 3
392497897 22737515
415235412 5725022
420960434 14457
420974891 30
392497897 59823937
452321834 2156201
454478035 51130
454529165 157
454529322 31
196249027 262474574
458723601 59823937
518547538 2642899
521190437 439291
521629728 8435
521638163 52
521638215 2
268435433 268435457
536870890 23
536870890 25
268435457 268435459
536870916 5
268435471 268435465
536870936 3
268435483 268435505
536870988 5
268435537 268435613
536871150 5
268435699 268435613
536871312 312
536871624 17
268436897 268436185
536873082 17
268437643 268437642
536875285 2188
268442017 268446391
536888408 2168
536890576 19
268455139 268455136
536910275 19685
536929960 1
268494501 268494505
536989006 59053
268612600 268612603
537225203 177149
537402352 1
268966897 268966893
537933790 531445
270029779 270029778
540059557 1594324
273218425 273218424
546436849 4782970
282784363 282784362
565568725 14348908
311482173 311482177
622964350 31126123
654090473 1725395
655815868 39329
655855197 745
655855942 3
622964350 43046725
458723601 454529353
913252954 9982931
923235885 1055137
924291022 371
924291393 8
