1020
1 1
2 2
4 4
8 8
16 16
32 32
64 64
128 128
256 256
512 512
1024 1024
2048 2048
4096 4096
8192 8192
16384 16384
32768 32768
65536 32768
98304 1024
99328 512
99840 128
99968 32
100000 1
100000 2
100002 1
100000 4
100004 1
100004 2
100006 1
100000 8
100008 1
100008 2
100010 1
100008 4
100012 1
100012 2
100014 1
100000 16
100016 1
100016 2
100018 1
100016 4
100020 1
100020 2
100022 1
100016 8
100024 1
100024 2
100026 1
100024 4
100028 1
100028 2
100030 1
99968 64
100032 1
100032 2
100034 1
100032 4
100036 1
100036 2
100038 1
100032 8
100040 1
100040 2
100042 1
100040 4
100044 1
100044 2
100046 1
100032 16
100048 1
100048 2
100050 1
100048 4
100052 1
100052 2
100054 1
100048 8
100056 1
100056 2
100058 1
100056 4
100060 1
100060 2
100062 1
100032 32
100064 1
100064 2
100066 1
100064 4
100068 1
100068 2
100070 1
100064 8
100072 1
100072 2
100074 1
100072 4
100076 1
100076 2
100078 1
100064 16
100080 1
100080 2
100082 1
100080 4
100084 1
100084 2
100086 1
100080 8
100088 1
100088 2
100090 1
100088 4
100092 1
100092 2
100094 1
99840 256
100096 1
100096 2
100098 1
100096 4
100100 1
100100 2
100102 1
100096 8
100104 1
100104 2
100106 1
100104 4
100108 1
100108 2
100110 1
100096 16
100112 1
100112 2
100114 1
100112 4
100116 1
100116 2
100118 1
100112 8
100120 1
100120 2
100122 1
100120 4
100124 1
100124 2
100126 1
100096 32
100128 1
100128 2
100130 1
100128 4
100132 1
100132 2
100134 1
100128 8
100136 1
100136 2
100138 1
100136 4
100140 1
100140 2
100142 1
100128 16
100144 1
100144 2
100146 1
100144 4
100148 1
100148 2
100150 1
100144 8
100152 1
100152 2
100154 1
100152 4
100156 1
100156 2
100158 1
100096 64
100160 1
100160 2
100162 1
100160 4
100164 1
100164 2
100166 1
100160 8
100168 1
100168 2
100170 1
100168 4
100172 1
100172 2
100174 1
100160 16
100176 1
100176 2
100178 1
100176 4
100180 1
100180 2
100182 1
100176 8
100184 1
100184 2
100186 1
100184 4
100188 1
100188 2
100190 1
100160 32
100192 1
100192 2
100194 1
100192 4
100196 1
100196 2
100198 1
100192 8
100200 1
100200 2
100202 1
100200 4
100204 1
100204 2
100206 1
100192 16
100208 1
100208 2
100210 1
100208 4
100212 1
100212 2
100214 1
100208 8
100216 1
100216 2
100218 1
100216 4
100220 1
100220 2
100222 1
100096 128
100224 1
100224 2
100226 1
100224 4
100228 1
100228 2
100230 1
100224 8
100232 1
100232 2
100234 1
100232 4
100236 1
100236 2
100238 1
100224 16
100240 1
100240 2
100242 1
100240 4
100244 1
100244 2
100246 1
100240 8
100248 1
100248 2
100250 1
100248 4
100252 1
100252 2
100254 1
100224 32
100256 1
100256 2
100258 1
100256 4
100260 1
100260 2
100262 1
100256 8
100264 1
100264 2
100266 1
100264 4
100268 1
100268 2
100270 1
100256 16
100272 1
100272 2
100274 1
100272 4
100276 1
100276 2
100278 1
100272 8
100280 1
100280 2
100282 1
100280 4
100284 1
100284 2
100286 1
100224 64
100288 1
100288 2
100290 1
100288 4
100292 1
100292 2
100294 1
100288 8
100296 1
100296 2
100298 1
100296 4
100300 1
100300 2
100302 1
100288 16
100304 1
100304 2
100306 1
100304 4
100308 1
100308 2
100310 1
100304 8
100312 1
100312 2
100314 1
100312 4
100316 1
100316 2
100318 1
100288 32
100320 1
100320 2
100322 1
100320 4
100324 1
100324 2
100326 1
100320 8
100328 1
100328 2
100330 1
100328 4
100332 1
100332 2
100334 1
100320 16
100336 1
100336 2
100338 1
100336 4
100340 1
100340 2
100342 1
100336 8
100344 1
100344 2
100346 1
100344 4
100348 1
100348 2
100350 1
98304 2048
100352 1
100352 2
100354 1
100352 4
100356 1
100356 2
100358 1
100352 8
100360 1
100360 2
100362 1
100360 4
100364 1
100364 2
100366 1
100352 16
100368 1
100368 2
100370 1
100368 4
100372 1
100372 2
100374 1
100368 8
100376 1
100376 2
100378 1
100376 4
100380 1
100380 2
100382 1
100352 32
100384 1
100384 2
100386 1
100384 4
100388 1
100388 2
100390 1
100384 8
100392 1
100392 2
100394 1
100392 4
100396 1
100396 2
100398 1
100384 16
100400 1
100400 2
100402 1
100400 4
100404 1
100404 2
100406 1
100400 8
100408 1
100408 2
100410 1
100408 4
100412 1
100412 2
100414 1
100352 64
100416 1
100416 2
100418 1
100416 4
100420 1
100420 2
100422 1
100416 8
100424 1
100424 2
100426 1
100424 4
100428 1
100428 2
100430 1
100416 16
100432 1
100432 2
100434 1
100432 4
100436 1
100436 2
100438 1
100432 8
100440 1
100440 2
100442 1
100440 4
100444 1
100444 2
100446 1
100416 32
100448 1
100448 2
100450 1
100448 4
100452 1
100452 2
100454 1
100448 8
100456 1
100456 2
100458 1
100456 4
100460 1
100460 2
100462 1
100448 16
100464 1
100464 2
100466 1
100464 4
100468 1
100468 2
100470 1
100464 8
100472 1
100472 2
100474 1
100472 4
100476 1
100476 2
100478 1
100352 128
100480 1
100480 2
100482 1
100480 4
100484 1
100484 2
100486 1
100480 8
100488 1
100488 2
100490 1
100488 4
100492 1
100492 2
100494 1
100480 16
100496 1
100496 2
100498 1
100496 4
100500 1
100500 2
100502 1
100496 8
100504 1
100504 2
100506 1
100504 4
100508 1
100508 2
100510 1
100480 32
100512 1
100512 2
100514 1
100512 4
100516 1
100516 2
100518 1
100512 8
100520 1
100520 2
100522 1
100520 4
100524 1
100524 2
100526 1
100512 16
100528 1
100528 2
100530 1
100528 4
100532 1
100532 2
100534 1
100528 8
100536 1
100536 2
100538 1
100536 4
100540 1
100540 2
100542 1
100480 64
100544 1
100544 2
100546 1
100544 4
100548 1
100548 2
100550 1
100544 8
100552 1
100552 2
100554 1
100552 4
100556 1
100556 2
100558 1
100544 16
100560 1
100560 2
100562 1
100560 4
100564 1
100564 2
100566 1
100560 8
100568 1
100568 2
100570 1
100568 4
100572 1
100572 2
100574 1
100544 32
100576 1
100576 2
100578 1
100576 4
100580 1
100580 2
100582 1
100576 8
100584 1
100584 2
100586 1
100584 4
100588 1
100588 2
100590 1
100576 16
100592 1
100592 2
100594 1
100592 4
100596 1
100596 2
100598 1
100592 8
100600 1
100600 2
100602 1
100600 4
100604 1
100604 2
100606 1
100352 256
100608 1
100608 2
100610 1
100608 4
100612 1
100612 2
100614 1
100608 8
100616 1
100616 2
100618 1
100616 4
100620 1
100620 2
100622 1
100608 16
100624 1
100624 2
100626 1
100624 4
100628 1
100628 2
100630 1
100624 8
100632 1
100632 2
100634 1
100632 4
100636 1
100636 2
100638 1
100608 32
100640 1
100640 2
100642 1
100640 4
100644 1
100644 2
100646 1
100640 8
100648 1
100648 2
100650 1
100648 4
100652 1
100652 2
100654 1
100640 16
100656 1
100656 2
100658 1
100656 4
100660 1
100660 2
100662 1
100656 8
100664 1
100664 2
100666 1
100664 4
100668 1
100668 2
100670 1
100608 64
100672 1
100672 2
100674 1
100672 4
100676 1
100676 2
100678 1
100672 8
100680 1
100680 2
100682 1
100680 4
100684 1
100684 2
100686 1
100672 16
100688 1
100688 2
100690 1
100688 4
100692 1
100692 2
100694 1
100688 8
100696 1
100696 2
100698 1
100696 4
100700 1
100700 2
100702 1
100672 32
100704 1
100704 2
100706 1
100704 4
100708 1
100708 2
100710 1
100704 8
100712 1
100712 2
100714 1
100712 4
100716 1
100716 2
100718 1
100704 16
100720 1
100720 2
100722 1
100720 4
100724 1
100724 2
100726 1
100720 8
100728 1
100728 2
100730 1
100728 4
100732 1
100732 2
100734 1
100608 128
100736 1
100736 2
100738 1
100736 4
100740 1
100740 2
100742 1
100736 8
100744 1
100744 2
100746 1
100744 4
100748 1
100748 2
100750 1
100736 16
100752 1
100752 2
100754 1
100752 4
100756 1
100756 2
100758 1
100752 8
100760 1
100760 2
100762 1
100760 4
100764 1
100764 2
100766 1
100736 32
100768 1
100768 2
100770 1
100768 4
100772 1
100772 2
100774 1
100768 8
100776 1
100776 2
100778 1
100776 4
100780 1
100780 2
100782 1
100768 16
100784 1
100784 2
100786 1
100784 4
100788 1
100788 2
100790 1
100784 8
100792 1
100792 2
100794 1
100792 4
100796 1
100796 2
100798 1
100736 64
100800 1
100800 2
100802 1
100800 4
100804 1
100804 2
100806 1
100800 8
100808 1
100808 2
100810 1
100808 4
100812 1
100812 2
100814 1
100800 16
100816 1
100816 2
100818 1
100816 4
100820 1
100820 2
100822 1
100816 8
100824 1
100824 2
100826 1
100824 4
100828 1
100828 2
100830 1
100800 32
100832 1
100832 2
100834 1
100832 4
100836 1
100836 2
100838 1
100832 8
100840 1
100840 2
100842 1
100840 4
100844 1
100844 2
100846 1
100832 16
100848 1
100848 2
100850 1
100848 4
100852 1
100852 2
100854 1
100848 8
100856 1
100856 2
100858 1
100856 4
100860 1
100860 2
100862 1
100352 512
100864 1
100864 2
100866 1
100864 4
100868 1
100868 2
100870 1
100864 8
100872 1
100872 2
100874 1
100872 4
100876 1
100876 2
100878 1
100864 16
100880 1
100880 2
100882 1
100880 4
100884 1
100884 2
100886 1
100880 8
100888 1
100888 2
100890 1
100888 4
100892 1
100892 2
100894 1
100864 32
100896 1
100896 2
100898 1
100896 4
100900 1
100900 2
100902 1
100896 8
100904 1
100904 2
100906 1
100904 4
100908 1
100908 2
100910 1
100896 16
100912 1
100912 2
100914 1
100912 4
100916 1
100916 2
100918 1
100912 8
100920 1
100920 2
100922 1
100920 4
100924 1
100924 2
100926 1
100864 64
100928 1
100928 2
100930 1
100928 4
100932 1
100932 2
100934 1
100928 8
100936 1
100936 2
100938 1
100936 4
100940 1
100940 2
100942 1
100928 16
100944 1
100944 2
100946 1
100944 4
100948 1
100948 2
100950 1
100944 8
100952 1
100952 2
100954 1
100952 4
100956 1
100956 2
100958 1
100928 32
100960 1
100960 2
100962 1
100960 4
100964 1
100964 2
100966 1
100960 8
100968 1
100968 2
100970 1
100968 4
100972 1
100972 2
100974 1
100960 16
100976 1
100976 2
100978 1
100976 4
100980 1
100980 2
100982 1
100976 8
100984 1
100984 2
100986 1
100984 4
100988 1
100988 2
100990 1
100864 128
100992 1
100992 2
100994 1
100992 4
100996 1
100996 2
100998 1
